0;800015615;2019-12-31;2019;MILES;1541644;751075;28148654;71084443;101525816;34691384;0;0;3066770;0;37758154;139283970;33050935;10086929;1748593;1399166;1841213;162080;48288916;3102949;0;2899355;0;3512769;9515073;57803989;51000000;3052904;4575562;11271466;0;11580049;81479981;139283970;
1;800015615;2019-12-31;2018;MILES;3524152;1046492;31318752;58072815;93962211;34647296;0;0;1823866;0;36471162;130433373;28327452;6725548;1487407;1304204;3274201;176074;41294886;1802144;0;1794170;0;3490510;7086824;48381710;51000000;3052904;4200274;10215346;0;13583139;82051663;130433373;
2;900466209;2019-12-31;2019;MILES;27261;0;52393692;258858281;311279234;3599435;0;0;36132034;0;39731469;351010703;29050592;188520774;24004496;1294500;6956825;0;249827187;624357;0;8804350;0;718839;10147546;259974733;63418600;0;0;27617370;0;0;91035970;351010703;
3;900466209;2019-12-31;2018;MILES;13869248;0;33928344;204683688;252481280;2018324;0;0;39900673;0;41918997;294400277;19860138;162761163;15466000;1146000;6984309;0;206217610;0;0;7976560;0;530000;8506560;214724170;63418600;0;0;16257507;0;0;79676107;294400277;
4;890904459;2019-12-31;2019;MILES;1653274;7944855;29449772;36262593;75310494;4500913;0;0;410005;0;4910918;80221412;3719868;24191238;0;0;2578996;0;30490102;9297104;0;1022897;0;0;10320001;40810103;150000;21223555;2861269;15176485;0;0;39411309;80221412;
5;890904459;2019-12-31;2018;MILES;1347546;7944855;27918844;37554218;74765463;3473323;0;0;706568;0;4179891;78945354;994050;26655984;0;0;3146023;0;30796057;7954444;0;1188674;0;0;9143118;39939175;150000;21223555;1375000;16257624;0;0;39006179;78945354;
6;830040872;2019-12-31;2019;MILES;5041894;10535749;32040908;0;47618551;211414;0;0;2148148;0;2359562;49978113;0;31368899;0;3051669;6344300;9932;40774800;0;5708650;0;0;1070369;6779019;47553819;4000000;0;478580;-2380519;0;326233;2424294;49978113;
7;830040872;2019-12-31;2018;MILES;4007342;9922002;27654439;0;41583783;385021;0;0;2882946;0;3267967;44851750;0;24361695;0;2253967;5688732;4159423;36463817;0;5722056;0;0;1070369;6792425;43256242;3730000;0;478580;-2669305;0;56233;1595508;44851750;
8;892000709;2019-12-31;2019;MILES;947986;0;2408658;7194199;10550843;30104160;0;0;6470303;0;36574463;47125306;3069091;1001229;0;0;179581;49799;4299700;6414848;0;3692265;0;0;10107113;14406813;1000000;0;857244;15068946;0;15792303;32718493;47125306;
9;892000709;2019-12-31;2018;MILES;630238;0;1887621;8381982;10899841;30230005;0;0;5402178;0;35632183;46532024;4047481;1158332;0;0;165568;28302;5399683;4412031;0;4315706;0;0;8727737;14127420;1000000;0;857244;14894991;0;15652369;32404604;46532024;
10;817000808;2019-12-31;2019;MILES;16311651;6239870;70805539;48449082;141806142;218622676;0;0;80783871;0;299406547;441212689;12404077;75657781;0;0;0;2013422;90075280;0;0;14036812;0;0;14036812;104112092;1371950;80943610;101883779;132439628;0;20461630;337100597;441212689;
11;817000808;2019-12-31;2018;MILES;15162698;98103;81069268;47544578;143874647;197271317;0;0;80783871;0;278055188;421929835;17095845;63338771;0;0;0;1211600;81646216;5000000;0;13301232;0;0;18301232;99947448;1371950;80943610;84508127;134697070;0;20461630;321982387;421929835;
12;890304375;2019-12-31;2019;MILES;1740567;281442;5603936;4730540;12356485;4235724;25580;0;80858;25580;4367742;16724227;280956;2144109;0;37165;0;664497;3126727;0;1679053;0;0;268614;1947667;5074394;2000000;772261;4285557;4592015;0;0;11649833;16724227;
13;890304375;2019-12-31;2018;MILES;359922;397037;5022771;6662797;12442527;2322264;0;0;0;0;2322264;14764791;167770;3158823;0;39071;398351;613392;4377407;0;0;339093;0;297305;636398;5013805;2000000;772261;1376069;5602656;0;0;9750986;14764791;
14;817003055;2019-12-31;2019;MILES;3927437;727485;62614104;44724148;111993174;173901145;0;8619425;104729055;0;287249625;399242799;2093937;48087340;0;0;3011144;1783982;54976403;0;3720647;24282331;0;264237;28267215;83243618;123481991;2882000;81681309;88320309;0;19633572;315999181;399242799;
15;817003055;2019-12-31;2018;MILES;3053252;0;64495523;30728923;98277698;163479086;0;8304781;104729047;0;276512914;374790612;4826150;17204456;0;0;10710250;1351062;34091918;0;0;22906549;0;113273;23019822;57111740;123481991;2882000;83410841;88270468;0;19633572;317678872;374790612;
16;890302608;2019-12-31;2019;MILES;235088;201117;10694122;1921181;13051508;1044713;0;0;0;0;1044713;14096221;206894;2768550;0;11717;0;115653;3102814;0;573523;61224;0;56756;691503;3794317;1608638;136520;5367389;3189357;0;0;10301904;14096221;
17;890302608;2019-12-31;2018;MILES;213719;162101;8588567;2810784;11775171;434870;0;0;0;0;434870;12210041;65552;1690761;0;11222;0;116193;1883728;59005;0;123666;0;0;182671;2066399;1608638;136520;5405219;2993265;0;0;10143642;12210041;
18;805003416;2019-12-31;2019;MILES;1134034;912412;10446698;4647178;17140322;1941098;0;0;15975;0;1957073;19097395;44112;9164279;0;232186;367216;2515;9810308;0;746852;0;0;0;746852;10557160;400000;0;3495179;4645056;0;0;8540235;19097395;
19;805003416;2019-12-31;2018;MILES;852036;541578;11703991;4279728;17377333;1194989;0;0;2875;0;1197864;18575197;0;8759848;34;0;647859;0;9407741;218216;0;62031;0;0;280247;9687988;400000;0;3582401;4904808;0;0;8887209;18575197;
20;830127761;2019-12-31;2019;MILES;396713;0;2886550;329156;3612419;13276570;3639222;0;5676146;3639222;26231160;29843579;27038;2059200;0;0;43160;44474;2173872;6235267;0;0;0;13008;6248275;8422147;2864251;0;72312;10886586;0;7598283;21421432;29843579;
21;830127761;2019-12-31;2018;MILES;142351;0;2508686;358310;3009347;13908659;3536852;0;575959;3536852;21558322;24567669;270114;2618912;0;0;204184;451721;3544931;5941015;0;0;0;183013;6124028;9668959;2864251;0;70559;11095550;0;868350;14898710;24567669;
22;890401427;2019-06-30;2019;MILES;10565136;13429568;2605948;1636515;28237167;114796094;0;0;0;0;114796094;143033261;2297227;7528069;24814626;0;761693;0;35401615;0;3900000;10515445;0;0;14415445;49817060;12408068;0;6669384;67102453;0;7036296;93216201;143033261;
23;890401427;2019-06-30;2018;MILES;13572606;14324876;3198530;1601463;32697475;115326439;0;0;0;0;115326439;148023914;1800142;9000424;25664357;0;721935;0;37186858;0;5200000;10423298;0;0;15623298;52810156;12408068;0;6669384;69100010;0;7036296;95213758;148023914;
24;890401427;2019-12-31;2019;MILES;7885242;17519286;5080363;1741180;32226071;118629906;0;0;0;0;118629906;150855977;4135760;9390001;1992149;0;919604;0;16437514;0;7287500;10490389;0;22822477;40600366;57037880;12408068;0;6669384;67704349;0;7036296;93818097;150855977;
25;890401427;2019-12-31;2018;MILES;10565136;13429568;2605948;1636515;28237167;114796094;0;0;0;0;114796094;143033261;2297227;7528069;24814626;0;761693;0;35401615;0;3900000;10515445;0;0;14415445;49817060;12408068;0;6669384;67102453;0;7036296;93216201;143033261;
26;800081105;2019-12-31;2019;MILES;58655;453113;247871;22526;782165;9022336;0;0;3259002;0;12281338;13063503;0;149919;0;86781;0;190000;426700;1500000;0;647689;0;1775177;3922866;4349566;800000;1820000;680190;5413747;0;0;8713937;13063503;
27;800081105;2019-12-31;2018;MILES;15731;548513;311597;9706;885547;9090912;0;0;2676925;0;11767837;12653384;0;158918;0;0;80539;130522;369979;0;0;787872;0;3243728;4031600;4401579;800000;1820000;680190;4951615;0;0;8251805;12653384;
28;830031687;2019-12-31;2019;MILES;209849;4341411;7918319;8219848;20689427;6700579;0;0;2372257;0;9072836;29762263;748477;12586418;0;308814;995258;0;14638967;12448210;159916;0;0;0;12608126;27247093;4700000;0;0;-2184830;0;0;2515170;29762263;
29;830031687;2019-12-31;2018;MILES;276605;5558512;12769944;10507338;29112399;8063256;455192;0;2041082;455192;11014722;40127121;6802512;20484185;0;282008;876754;0;28445459;6649563;72981;0;0;0;6722544;35168003;4700000;0;0;259118;0;0;4959118;40127121;
30;811045607;2019-12-31;2019;MILES;10620685;6203382;6301862;27530459;50656388;46412843;0;25660941;14821165;0;86894949;137551337;4489396;50433296;0;1731401;0;632209;57286302;28137179;0;15937184;0;0;44074363;101360665;2000000;3795156;11093346;19302170;0;0;36190672;137551337;
31;811045607;2019-12-31;2018;MILES;9356213;4148979;5810044;22633716;41948952;42430497;0;20297379;15425769;0;78153645;120102597;10002058;39858361;0;1720048;0;756292;52336759;18364400;0;15542773;0;0;33907173;86243932;2000000;3795156;10754284;17309225;0;0;33858665;120102597;
32;890201111;2019-12-31;2019;MILES;54156;4200613;48177;0;4302946;245474;0;0;18914146;0;19159620;23462566;0;7871;0;74188;57804;8746760;8886623;0;0;0;0;296273;296273;9182896;3000000;0;2371528;1396374;0;7511768;14279670;23462566;
33;890201111;2019-12-31;2018;MILES;34705;2224045;45234;0;2303984;323074;0;0;19149139;0;19472213;21776197;0;5541;0;61000;2310;6496331;6565182;0;0;0;0;311536;311536;6876718;3000000;0;2424796;1962915;0;7511768;14899479;21776197;
34;900327961;2019-12-31;2019;MILES;1067076;1617244;2285446;1130332;6100098;8502631;13050342;0;6173705;13050342;40777020;46877118;9316274;4243588;0;159303;171871;8244;13899280;2880619;79672;1827025;0;0;4787316;18686596;2900000;0;10647704;533252;0;14109566;28190522;46877118;
35;900327961;2019-12-31;2018;MILES;603121;3326893;4247585;2088590;10266189;8802532;11588205;0;-7895074;11588205;24083868;34350057;7127765;5109788;0;156828;1443293;2984;13840658;6901422;0;60273;0;0;6961695;20802353;2900000;0;7987722;2659982;0;0;13547704;34350057;
36;890300329;2019-12-31;2019;MILES;3055578;989102;175830;0;4220510;0;0;23018733;804783;0;23823516;28044026;150806;578494;0;79658;108911;0;917869;150806;500597;1616188;0;730091;2997682;3915551;3751783;0;488491;128062;0;19760139;24128475;28044026;
37;890300329;2019-12-31;2018;MILES;1303220;1319043;268011;0;2890274;0;0;22820322;999580;0;23819902;26710176;139588;107092;0;77287;54101;0;378068;279175;522106;1591758;0;670350;3063389;3441457;3751783;0;488491;-516357;0;19544802;23268719;26710176;
38;800011002;2019-12-31;2019;MILES;4964246;4510832;20989631;22107296;52572005;29893220;0;0;10591888;0;40485108;93057113;2068218;16837582;44224;0;5019223;8820844;32790091;21183222;0;6149581;0;0;27332803;60122894;129809;613860;6769599;13818685;0;11602266;32934219;93057113;
39;800011002;2019-12-31;2018;MILES;4251392;4981958;17493048;18118205;44844603;22859432;0;0;4786003;0;27645435;72490038;2720995;15503104;39830;0;4296713;2546790;25107432;13244856;0;4580919;0;0;17825775;42933207;129809;566715;7685017;7256250;0;13919040;29556831;72490038;
40;817000790;2019-12-31;2019;MILES;2835908;1940958;21169432;20580761;46527059;26906562;15267869;0;-14323865;15267869;43118435;89645494;987560;24599258;622386;1273278;2653608;14141844;44277934;15718972;0;1471927;0;0;17190899;61468833;5000000;0;4480131;18696530;0;0;28176661;89645494;
41;817000790;2019-12-31;2018;MILES;726892;1573280;31470775;16781908;50552855;23905868;23828586;0;-23646408;23828586;47916632;98469487;652352;28728626;368630;1403455;1992329;20970521;54115913;17613146;0;997292;0;0;18610438;72726351;5000000;0;3872222;16870914;0;0;25743136;98469487;
42;900169906;2019-12-31;2019;MILES;345008;970325;3558156;670780;5544269;124102219;41036;0;2564652;41036;126748943;132293212;7192475;1467771;0;788781;87697;1630481;11167205;18409543;268121;11082259;0;0;29759923;40927128;8201000;28437624;103431;-986691;0;55610720;91366084;132293212;
43;900169906;2019-12-31;2018;MILES;12168;2585075;3941282;522168;7060693;129173230;227;0;2382042;227;131555726;138616419;3055883;2420741;0;820544;19741;889000;7205909;23011930;52992;11471303;0;0;34536225;41742134;8201000;28437624;103431;1834612;0;58297618;96874285;138616419;
44;900476207;2019-12-31;2019;MILES;191832;100207;30567;2898776;3221382;3568651;0;0;7198629;0;10767280;13988662;45887;1668274;0;97611;130859;80284;2022915;816856;0;77044;0;7182987;8076887;10099802;200000;0;0;196081;0;3492779;3888860;13988662;
45;900476207;2019-12-31;2018;MILES;421524;92157;16771;3189345;3719797;3662811;0;0;16225;0;3679036;7398833;256014;1558444;0;85557;61052;73486;2034553;1254813;0;26116;0;853650;2134579;4169132;200000;0;0;1215;0;3028486;3229701;7398833;
46;800151545;2019-12-31;2019;MILES;2139688;242000;1359101;4468905;8209694;1420155;0;0;40036;0;1460191;9669885;0;449533;0;0;206984;0;656517;0;0;145588;0;0;145588;802105;3420000;0;1183912;4263868;0;0;8867780;9669885;
47;800151545;2019-12-31;2018;MILES;2101852;223771;1594753;4014908;7935284;1424712;0;0;45622;0;1470334;9405618;0;158668;0;0;220246;0;378914;0;0;132249;0;0;132249;511163;3600000;0;1105226;4189229;0;0;8894455;9405618;
48;860507991;2019-12-31;2019;MILES;370436;4001651;1335054;270223;5977364;2213032;1617557;0;-1617557;1617557;3830589;9807953;0;2686131;37387;0;0;0;2723518;0;0;235250;0;3179946;3415196;6138714;134010;0;-2747738;6282967;0;0;3669239;9807953;
49;860507991;2019-12-31;2018;MILES;707436;2599641;68107195;476336;71890608;1427199;0;0;186;0;1427385;73317993;0;92568059;7227365;0;0;0;99795424;0;0;0;0;8219382;8219382;108014806;134010;0;3607605;-38438428;0;0;-34696813;73317993;
50;860002426;2019-12-31;2019;MILES;95811620;5647923;916409540;28305783;1046174866;75224955;10235185;0;22356626;10235185;118051951;1164226817;0;171074719;61344177;0;77769710;0;310188606;0;1356053;0;0;59873469;61229522;371418128;182;0;58723170;734085337;0;0;792808689;1164226817;
51;860002426;2019-12-31;2018;MILES;77716888;295726;520707420;22250551;620970585;473376454;3051011;0;13970723;3051011;493449199;1114419784;0;383327130;55427702;0;198949264;0;637704096;0;150031;0;0;37232601;37382632;675086728;182;0;63442410;375890464;0;0;439333056;1114419784;
52;900043705;2019-12-31;2019;MILES;1458054;20323;9755160;39198;11272735;0;0;0;0;0;0;11272735;8108;4227226;0;209112;1060842;0;5505288;0;0;0;0;0;0;5505288;50000;0;2214912;3502535;0;0;5767447;11272735;
53;900043705;2019-12-31;2018;MILES;905620;19232;11781743;925935;13632530;0;0;0;0;0;0;13632530;1335280;5774488;0;183791;929932;0;8223491;0;0;0;0;0;0;8223491;50000;0;2214912;3144127;0;0;5409039;13632530;
54;830023542;2019-12-31;2019;MILES;10894406;843729;106241739;9835764;127815638;17193842;0;0;2201496;0;19395338;147210976;0;0;3385011;8630849;17142817;45968536;75127213;0;0;0;0;0;0;75127213;11103666;0;6407681;52870721;0;1701695;72083763;147210976;
55;830023542;2019-12-31;2018;MILES;53667344;900200;79843060;11081093;145491697;26296701;14750346;0;-13124462;14750346;42672931;188164628;43561679;0;2629470;7796386;1114051;69499358;124600944;1355292;0;0;0;0;1355292;125956236;11103666;0;6407681;42995350;0;1701695;62208392;188164628;
56;830050369;2019-12-31;2019;MILES;367943;279820;2585483;6948901;10182147;3444940;0;717948;355028;0;4517916;14700063;0;5695985;0;0;110196;0;5806181;3598170;0;0;0;0;3598170;9404351;3533100;0;400014;416599;0;945999;5295712;14700063;
57;830050369;2019-12-31;2018;MILES;270700;368069;3840543;7414553;11893865;3517032;0;727364;130204;0;4374600;16268465;0;6467675;0;0;382578;0;6850253;4218252;0;0;0;0;4218252;11068505;3533100;0;200014;520847;0;945999;5199960;16268465;
58;900268802;2019-12-31;2019;MILES;127328;182913;414741;1571276;2296258;25592332;0;0;3159933;0;28752265;31048523;845635;3240024;0;0;111243;144875;4341777;2481790;0;1105377;0;3471622;7058789;11400566;3000000;4500000;205262;11942695;0;0;19647957;31048523;
59;900268802;2019-12-31;2018;MILES;357390;228785;1153464;519988;2259627;25140786;0;0;1794130;0;26934916;29194543;41098;2037191;0;0;192255;162773;2433317;2536247;0;797003;0;3383861;6717111;9150428;3059781;4500000;148819;12335515;0;0;20044115;29194543;
60;890931708;2019-12-31;2019;MILES;965234;85044;5880849;3678482;10609609;7599538;0;791502;882569;0;9273609;19883218;1205379;1989011;0;0;249323;635715;4079428;1034040;0;385395;0;699470;2118905;6198333;293000;1920000;684174;10056209;0;731502;13684885;19883218;
61;890931708;2019-12-31;2018;MILES;313709;89348;5908821;4789132;11101010;7837562;6179;797037;264871;6179;8911828;20012838;2318744;3917382;0;0;240477;549300;7025903;1024542;0;296503;0;28667;1349712;8375615;293000;1920000;684174;8003012;0;737037;11637223;20012838;
62;817000705;2019-12-31;2019;MILES;129521;1975001;71612775;34861859;108579156;159963049;0;0;889793;0;160852842;269431998;966004;69276178;0;2395267;3600410;0;76237859;44101248;13928760;8720831;0;0;66750839;142988698;7500000;5800000;12299733;45015914;0;55827653;126443300;269431998;
63;817000705;2019-12-31;2018;MILES;448017;511909;54955590;30773618;86689134;160794739;0;0;889794;0;161684533;248373667;1191427;48022165;0;2094194;9954628;0;61262414;44263319;13928760;9956870;0;0;68148949;129411363;7500000;5800000;9696044;41994980;0;53971280;118962304;248373667;
64;900611617;2019-12-31;2019;MILES;332761;811017;6060202;1030902;8234882;91725;0;0;30462040;0;30553765;38788647;2688952;4949142;150661;169735;0;0;7958490;18866191;0;1957121;0;2745742;23569054;31527544;3976590;10170018;0;-6885505;0;0;7261103;38788647;
65;900611617;2019-12-31;2018;MILES;768142;516857;4313988;1646516;7245503;129089;0;0;30744288;0;30873377;38118880;5033351;6006526;82700;151170;0;0;11273747;16461177;0;1957058;0;0;18418235;29691982;969900;13176708;0;-5719710;0;0;8426898;38118880;
66;800060704;2019-12-31;2019;MILES;466244;1114751;11303730;7156715;20041440;15258239;0;0;284978;0;15543217;35584657;4614532;3832245;0;636196;201305;0;9284278;5898826;0;811467;0;0;6710293;15994571;8225000;0;832122;1892671;0;8640293;19590086;35584657;
67;800060704;2019-12-31;2018;MILES;177829;332627;12077146;6806857;19394459;15528389;0;0;217144;0;15745533;35139992;5092493;5356698;0;452590;212153;13347;11127281;3744603;0;811467;0;0;4556070;15683351;6969504;0;787251;3059593;0;8640293;19456641;35139992;
68;900887433;2019-12-31;2019;MILES;3793923;0;201431;0;3995354;99481;0;0;66479045;0;66578526;70573880;0;432789;0;0;336351;0;769140;0;0;0;0;0;0;769140;804549;84440653;0;-15440462;0;0;69804740;70573880;
69;900887433;2019-12-31;2018;MILES;18127494;0;19882;0;18147376;505207;285829;0;57096513;285829;58173378;76320754;7;375790;0;0;139443;0;515240;0;0;0;0;0;0;515240;804549;84440653;0;-9439688;0;0;75805514;76320754;
70;900580854;2019-12-31;2019;MILES;152561;502;4000000;0;4153063;13616;0;25453731;143208;0;25610555;29763618;0;469451;0;11575;182579;78000;741605;0;0;3232802;0;652;3233454;3975059;210475;0;6971963;18606121;0;0;25788559;29763618;
71;900580854;2019-12-31;2018;MILES;4310444;0;0;0;4310444;14725;0;25453731;82;0;25468538;29778982;0;483789;0;8707;242690;65000;800186;0;0;3220779;0;265;3221044;4021230;210475;0;6773159;18774118;0;0;25757752;29778982;
72;900736003;2019-12-31;2019;MILES;235416;5506455;51514;7857894;13651279;108860889;0;0;104799;0;108965688;122616967;2819468;34504977;0;1052917;154044;0;38531406;30926607;0;543987;0;150000;31620594;70152000;4000000;42708954;4421605;1334408;0;0;52464967;122616967;
73;900736003;2019-12-31;2018;MILES;420617;2198128;35784;4947019;7601548;95067039;0;0;55847;0;95122886;102724434;2122172;15725334;0;587728;2151494;0;20586728;30512156;0;413901;0;81089;31007146;51593874;4000000;42708954;0;4421606;0;0;51130560;102724434;
74;890926803;2019-12-31;2019;MILES;9441212;3135091;22246128;52036307;86858738;13266295;0;0;27208186;0;40474481;127333219;6302339;16674636;2279190;1271832;6597489;9255473;42380959;21292421;0;0;0;10633592;31926013;74306972;1190497;51826302;3113058;-3579746;0;476136;53026247;127333219;
75;890926803;2019-12-31;2018;MILES;14843165;3065713;11424664;52583090;81916632;11518610;0;0;7231089;0;18749699;100666331;6785678;10713448;918285;1009428;3077882;7373654;29878375;18062145;4280145;0;0;1954273;24296563;54174938;1190497;50120132;2924227;-8219599;0;476136;46491393;100666331;
76;900229147;2019-12-31;2019;MILES;63162;11700000;12966271;0;24729433;692385;213014100;0;-124858163;213014100;301862422;326591855;13591338;2160;0;0;4153840;0;17747338;213014100;0;108428;0;0;213122528;230869866;444532;49624636;222266;45430555;0;0;95721989;326591855;
77;900229147;2019-12-31;2018;MILES;250748;217589868;49369;0;217889985;700164;0;0;86906305;0;87606469;305496454;1714661;200086;0;0;5494489;0;7409236;211233750;0;103778;0;0;211337528;218746764;444532;49624636;222266;36458256;0;0;86749690;305496454;
78;900229139;2019-12-31;2019;MILES;1733;203;0;0;1936;0;0;0;19985232;0;19985232;19987168;0;47512;0;0;17;0;47529;0;0;0;0;0;0;47529;215124;11690208;0;8034307;0;0;19939639;19987168;
79;900229139;2019-12-31;2018;MILES;1693;0;0;0;1693;0;0;0;19985232;0;19985232;19986925;0;24322;0;0;52;0;24374;0;0;0;0;0;0;24374;215124;11690208;0;8057219;0;0;19962551;19986925;
80;900229144;2019-12-31;2019;MILES;1212;206;0;0;1418;0;0;0;19985232;0;19985232;19986650;0;49055;0;0;17;0;49072;0;0;0;0;0;0;49072;215125;11698460;0;8023993;0;0;19937578;19986650;
81;900229144;2019-12-31;2018;MILES;1194;0;0;0;1194;0;0;0;19985232;0;19985232;19986426;0;25899;0;0;23;0;25922;0;0;0;0;0;0;25922;215125;11698460;0;8046919;0;0;19960504;19986426;
82;900537821;2019-12-31;2019;MILES;204378;756999;879309;326631;2167317;8524742;0;0;2128362;0;10653104;12820421;0;2887681;0;54754;57288;0;2999723;0;0;813826;0;1169445;1983271;4982994;287120;7297716;0;23832;0;228759;7837427;12820421;
83;900537821;2019-12-31;2018;MILES;391779;675608;362722;202270;1632379;7986891;0;0;942105;0;8928996;10561375;0;3340213;0;45897;67353;0;3453463;0;0;333185;0;0;333185;3786648;287120;7297716;0;-1038867;0;228758;6774727;10561375;
84;811020804;2019-12-31;2019;MILES;39995404;4826110;55122409;353747000;453690923;3928408;6309922;6136178;-5918918;6309922;16765512;470456435;18565191;32506391;0;0;3736504;2114360;56922446;171025525;0;324420;0;128935546;300285491;357207937;3100000;14215912;5570374;90362212;0;0;113248498;470456435;
85;811020804;2019-12-31;2018;MILES;27214562;2354704;32592725;318814252;380976243;3614932;3329500;5023080;-3054548;3329500;12242464;393218707;7303140;32235556;0;0;1923370;2034287;43496353;129769195;0;362922;0;131616885;261749002;305245355;3100000;14215912;5570374;65087066;0;0;87973352;393218707;
86;901156112;2019-12-31;2019;MILES;913115;372106;200636;241082;1726939;2120565;0;0;1746470;0;3867035;5593974;123967;1586645;0;61358;16160;0;1788130;33599;2025079;0;0;0;2058678;3846808;20000;2940000;0;-1212834;0;0;1747166;5593974;
87;901156112;2019-12-31;2018;MILES;1168242;126402;259704;417061;1971409;1338206;0;0;1612078;0;2950284;4921693;0;2210496;0;51458;2043;0;2263997;0;0;0;0;0;0;2263997;20000;2940000;0;-302304;0;0;2657696;4921693;
88;891856718;2019-12-31;2019;MILES;3889177;7969115;77530300;9991279;99379871;6244242;1502493;10017579;156056;1502493;19422863;118802734;8007452;27876170;0;3064249;0;10025;38957896;15041666;0;757503;0;335315;16134484;55092380;6000000;0;2178215;55532139;0;0;63710354;118802734;
89;891856718;2019-12-31;2018;MILES;5990052;3992072;44182220;4597811;58762155;5336785;2536589;9764051;-2118497;2536589;18055517;76817672;0;8409946;0;2411155;0;3902;10825003;0;560472;757503;0;335315;1653290;12478293;6000000;0;2178215;56161164;0;0;64339379;76817672;
90;900877501;2019-12-31;2019;MILES;875775;0;73771922;18434831;93082528;0;0;46407026;0;0;46407026;139489554;1936532;7883793;0;0;415528;7422171;17658024;0;0;0;0;0;0;17658024;20;11430090;10010;110391410;0;0;121831530;139489554;
91;900877501;2019-12-31;2018;MILES;168938;0;48079562;4599559;52848059;0;0;59094353;0;0;59094353;111942412;0;5922989;0;0;148737;0;6071726;0;0;0;0;0;0;6071726;20;11430090;10;54905499;0;39535067;105870686;111942412;
92;890113304;2019-12-31;2019;MILES;124470;0;28949;0;153419;1035363;0;0;666726;0;1702089;1855508;0;397029;0;0;13717;0;410746;0;0;0;0;254854;254854;665600;572;0;277;325970;0;863089;1189908;1855508;
93;890113304;2019-12-31;2018;MILES;114217;0;26570;0;140787;1127798;0;0;666727;0;1794525;1935312;0;457763;0;0;16852;0;474615;274011;0;0;0;4375;278386;753001;572;0;277;318373;0;863089;1182311;1935312;
94;860511886;2019-12-31;2019;MILES;1345384;498531;13139919;7809693;22793527;13788954;0;275081;307896;0;14371931;37165458;7683241;3363067;0;353937;0;1735036;13135281;9676204;0;1208793;0;0;10884997;24020278;4000000;0;3311988;5833192;0;0;13145180;37165458;
95;860511886;2019-12-31;2018;MILES;1390383;437312;10225557;7828978;19882230;14107211;0;279465;302893;0;14689569;34571799;7876618;2535913;0;314549;182795;1397942;12307817;9564086;0;1089902;0;0;10653988;22961805;4000000;0;2111014;5498980;0;0;11609994;34571799;
96;800068713;2019-12-31;2019;MILES;207709605;2990440;86476626;406126;297582797;358994009;0;0;7089319;0;366083328;663666125;1546774;66989747;0;0;66881204;0;135417725;3804728;0;40231562;0;61314131;105350421;240768146;48595000;0;42368447;331934532;0;0;422897979;663666125;
97;800068713;2019-12-31;2018;MILES;115562474;16818729;63769187;1573680;197724070;341200052;0;0;7706596;0;348906648;546630718;1322947;40704979;0;0;3602811;0;45630737;4195364;0;41760402;0;58975431;104931197;150561934;48595000;0;42368447;305105337;0;0;396068784;546630718;
98;900129331;2019-12-31;2019;MILES;75480153;6733522;57538411;2183424;141935510;870315;0;0;670631;0;1540946;143476456;5785437;30941882;657696;1929884;3103863;0;42418762;0;0;0;0;32882161;32882161;75300923;898400;0;7949075;59328058;0;0;68175533;143476456;
99;900129331;2019-12-31;2018;MILES;54692814;5743839;71769619;106892;132313164;330682;0;0;1498831;0;1829513;134142677;4967671;31525249;1051362;1642081;3728861;0;42915224;0;0;0;0;35686067;35686067;78601291;898400;0;7949075;46693911;0;0;55541386;134142677;
100;900432307;2019-12-31;2019;MILES;8858706;937923;3030784;0;12827413;152519130;0;0;0;0;152519130;165346543;0;1090719;0;0;0;1005748;2096467;0;0;0;0;0;0;2096467;32546218;150458649;0;-19765164;0;10373;163250076;165346543;
101;900432307;2019-12-31;2018;MILES;5650888;927159;3122097;0;9700144;155887579;0;0;0;0;155887579;165587723;0;1297740;0;0;558556;803586;2659882;0;0;16573;0;0;16573;2676455;32535156;150248474;0;-19882738;0;10376;162911268;165587723;
102;900017447;2019-12-31;2019;MILES;73576610;81757574;66303140;430263994;651901318;457347353;0;240280461;50070011;0;747697825;1399599143;32334502;513302232;157390;19861805;0;0;565655929;520192852;0;0;0;1044036;521236888;1086892817;25841786;357926104;37541271;-108602835;0;0;312706326;1399599143;
103;900017447;2019-12-31;2018;MILES;52082123;36820224;64435857;396171949;549510153;434734560;0;384081;53804534;0;488923175;1038433328;23928377;353183384;694188;19453089;0;0;397259038;271624517;0;0;0;1755180;273379697;670638735;25841786;357926104;37541271;-53514568;0;0;367794593;1038433328;
104;830146410;2019-12-31;2019;MILES;10358890;4381864;67498;0;14808252;185512882;0;0;43826115;0;229338997;244147249;178175;2394169;1369312;0;0;7756149;11697805;256992;0;0;0;0;256992;11954797;94470;0;66208660;-794182650;0;960071972;232192452;244147249;
105;830146410;2019-12-31;2018;MILES;15118312;849353;220273;0;16187938;183153124;0;0;44442698;0;227595822;243783760;0;4425992;865425;0;0;13522883;18814300;0;0;0;0;0;0;18814300;94470;0;62927864;-782110488;0;944057614;224969460;243783760;
106;800203758;2019-12-31;2019;MILES;10180387;130793;19337382;10666744;40315306;2715332;0;0;1819113;0;4534445;44849751;396527;12382224;0;186321;2419296;1132;15385500;55870;0;0;0;0;55870;15441370;692178;0;19906711;8809492;0;0;29408381;44849751;
107;800203758;2019-12-31;2018;MILES;9837973;236875;15151871;9143121;34369840;2646608;0;0;971158;0;3617766;37987606;22508;10146313;0;145388;1207338;0;11521547;0;0;0;0;0;0;11521547;692178;0;19781361;5992520;0;0;26466059;37987606;
108;900375704;2019-12-31;2019;MILES;331943;34942;117454;16391257;16875596;29351;0;0;1867062;0;1896413;18772009;3360056;1727051;0;18969;12037;0;5118113;0;0;4969;0;13222742;13227711;18345824;500000;0;0;-76006;0;2191;426185;18772009;
109;900375704;2019-12-31;2018;MILES;190392;38527;355619;12785563;13370101;52853;0;0;3438665;0;3491518;16861619;3016804;1847936;0;22423;37403;0;4924566;0;0;1872;0;11519481;11521353;16445919;500000;0;0;-86491;0;2191;415700;16861619;
110;817000724;2019-12-31;2019;MILES;675963;1182111;6837854;10949342;19645270;11220481;0;415414;0;0;11635895;31281165;14382491;1334035;51622;0;0;726460;16494608;1765757;0;1281466;0;0;3047223;19541831;3121782;0;1560891;6715875;0;340786;11739334;31281165;
111;817000724;2019-12-31;2018;MILES;553002;1266338;5310494;10333895;17463729;12034570;0;389331;0;0;12423901;29887630;12800157;1004539;48112;0;0;605424;14458232;2667425;0;1171577;0;0;3839002;18297234;3121782;0;1560891;6708625;0;199098;11590396;29887630;
112;800137960;2019-12-31;2019;MILES;274976;8782867;69083664;0;78141507;17649532;0;0;5724022;0;23373554;101515061;31939034;11320831;0;0;2120940;31011926;76392731;65294;0;138128;0;8518183;8721605;85114336;2850004;0;1425002;11745071;0;380648;16400725;101515061;
113;800137960;2019-12-31;2018;MILES;1173194;10245257;45635850;0;57054301;6110964;0;0;4731247;0;10842211;67896512;16592695;9580452;0;0;1938827;26948394;55060368;150794;0;259421;0;478827;889042;55949410;2850004;0;1425002;7291913;0;380183;11947102;67896512;
114;900495729;2019-12-31;2019;MILES;1479167;685214;178637;3411158;5754176;20207321;0;0;617608;0;20824929;26579105;5907409;4256102;0;158706;696115;472645;11490977;0;0;0;0;12328307;12328307;23819284;1213478;0;0;1546343;0;0;2759821;26579105;
115;900495729;2019-12-31;2018;MILES;597076;879659;161200;2886068;4524003;9451860;0;0;646487;0;10098347;14622350;6026756;4706392;0;176569;580859;150631;11641207;0;0;0;179161;113484;292645;11933852;1213478;0;0;1475020;0;0;2688498;14622350;
116;900591504;2019-12-31;2019;MILES;46288;18777;484685;0;549750;0;0;7950812;0;0;7950812;8500562;475765;1309237;0;0;0;6352;1791354;6649615;0;19495;0;0;6669110;8460464;574000;4475000;0;-5008902;0;0;40098;8500562;
117;900591504;2019-12-31;2018;MILES;200228;14770;94767;0;309765;0;0;7966670;0;0;7966670;8276435;401309;970064;0;0;0;0;1371373;7077287;0;19680;0;0;7096967;8468340;525000;3575000;0;-4291905;0;0;-191905;8276435;
118;900118612;2019-12-31;2019;MILES;17024931;1267423;17386633;0;35678987;1849863;7476580;197069;-7476580;7476580;9523512;45202499;7619630;18265227;0;0;2312660;84782;28282299;3120823;0;186056;0;0;3306879;31589178;3619284;1148000;2268423;5408098;0;1169516;13613321;45202499;
119;900118612;2019-12-31;2018;MILES;19743;1521356;22956964;0;24498063;1685786;3039341;225819;-3039341;3039341;4950946;29449009;12869146;601022;0;0;395189;62107;13927464;3744988;0;109886;0;0;3854874;17782338;3619284;1148000;1667523;4062348;0;1169516;11666671;29449009;
120;830048328;2019-12-31;2019;MILES;423056;2612070;1952747;6485866;11473739;33945670;0;4352475;8421943;0;46720088;58193827;2679762;3525047;0;0;2083558;830800;9119167;6571818;89839;0;0;0;6661657;15780824;1800000;0;3091341;29111695;0;8409967;42413003;58193827;
121;830048328;2019-12-31;2018;MILES;496130;1645829;1960886;3365979;7468824;35153750;0;3887325;6126104;0;45167179;52636003;384116;4263066;0;0;1692670;782283;7122135;5214841;93586;0;0;145976;5454403;12576538;1800000;0;3004896;26791857;0;8462712;40059465;52636003;
122;800069103;2019-12-31;2019;MILES;1873;0;6487386;0;6489259;0;0;0;29233;0;29233;6518492;253586;5203545;0;0;0;0;5457131;0;0;0;0;0;0;5457131;15000;0;385241;661120;0;0;1061361;6518492;
123;800069103;2019-12-31;2018;MILES;1488;0;3281943;152950;3436381;0;0;0;0;0;0;3436381;0;2388744;0;0;0;0;2388744;0;0;95411;0;0;95411;2484155;15000;0;385241;551985;0;0;952226;3436381;
124;900494134;2019-12-31;2019;MILES;4258669;382855;701884;0;5343408;568090;0;10151817;1198;0;10721105;16064513;812171;1804872;0;161545;786964;0;3565552;6948733;0;236032;0;0;7184765;10750317;3663031;0;0;1651165;0;0;5314196;16064513;
125;900494134;2019-12-31;2018;MILES;1556474;415359;1781811;0;3753644;670735;0;10718430;6362;0;11395527;15149171;960628;979685;0;98354;656767;1095;2696529;7634741;0;196676;0;0;7831417;10527946;3663031;0;0;958194;0;0;4621225;15149171;
126;830074222;2019-12-31;2019;MILES;25823109;6111962;162342414;111301916;305579401;70681021;98100;0;7594778;98100;78471999;384051400;105255242;122617242;1589716;6891559;698461;1181388;238233608;350494;0;0;0;0;350494;238584102;58134293;0;5796418;44248972;0;37287615;145467298;384051400;
127;830074222;2019-12-31;2018;MILES;9597977;10129365;134256780;45369647;199353769;62316059;98100;0;2370165;98100;64882424;264236193;33087425;91122882;1535140;6759841;0;1302928;133808216;0;0;0;0;0;0;133808216;58134293;0;5439811;28936453;0;37917420;130427977;264236193;
128;900154981;2019-12-31;2019;MILES;2565686;184577;365839;99436;3215538;35447;0;7054579;356;0;7090382;10305920;127787;8350808;0;48850;264296;0;8791741;911002;0;73968;0;0;984970;9776711;20000;0;0;509209;0;0;529209;10305920;
129;900154981;2019-12-31;2018;MILES;3869141;499882;711277;259129;5339429;39456;0;7395607;1489;0;7436552;12775981;386733;7710629;0;33707;552814;0;8683883;3162813;0;104709;0;0;3267522;11951405;10000;0;0;814576;0;0;824576;12775981;
130;860074408;2019-12-31;2019;MILES;522109;217238;6110326;0;6849673;1519414;0;0;0;0;1519414;8369087;0;155122;0;3662749;579169;0;4397040;38731;0;0;0;0;38731;4435771;1100000;0;1789252;167064;0;877000;3933316;8369087;
131;860074408;2019-12-31;2018;MILES;177196;334752;7468153;0;7980101;1600510;0;0;0;0;1600510;9580611;395000;157594;0;4394210;736600;0;5683404;130955;0;0;0;0;130955;5814359;1100000;0;1427014;362238;0;877000;3766252;9580611;
132;900232961;2019-12-31;2019;MILES;1622807;1176505;143085;6389350;9331747;35428686;0;0;923009;0;36351695;45683442;1145614;6057766;0;358369;1465673;1078052;10105474;31526215;0;0;0;51006;31577221;41682695;1624680;0;0;2376067;0;0;4000747;45683442;
133;900232961;2019-12-31;2018;MILES;1342915;1763266;135649;7737717;10979547;5256138;0;0;838486;0;6094624;17074171;3698026;6047002;0;434535;1652933;834516;12667012;0;0;0;0;68147;68147;12735159;1624680;0;0;2714332;0;0;4339012;17074171;
134;900155619;2019-12-31;2019;MILES;2089094;2243635;1547504;0;5880233;160262;46024088;24116411;-46022888;46024088;70301961;76182194;4621060;6643639;0;15376;18254;0;11298329;60262997;0;343777;0;91079;60697853;71996182;1912390;1937099;0;336523;0;0;4186012;76182194;
135;900155619;2019-12-31;2018;MILES;3860660;1776604;540542;0;6177806;177105;0;25160661;1664;0;25339430;31517236;3046981;6092175;0;18694;30663;47820;9236333;16949463;0;251246;0;87745;17288454;26524787;1912390;1937099;0;1142960;0;0;4992449;31517236;
136;900610705;2019-12-31;2019;MILES;2366;3916;194338;1712460;1913080;0;0;0;0;0;0;1913080;0;1344389;0;0;3449;0;1347838;0;0;0;0;399590;399590;1747428;100000;0;3983;61669;0;0;165652;1913080;
137;900610705;2019-12-31;2018;MILES;4711;4718;193527;1627441;1830397;0;0;0;595863;0;595863;2426260;0;1334318;0;0;5547;0;1339865;0;0;585145;0;324135;909280;2249145;100000;0;2170;74945;0;0;177115;2426260;
138;806007838;2019-12-31;2019;MILES;9517119;1712298;1626012;3390730;16246159;18765;0;0;0;0;18765;16264924;0;4629370;0;116273;124575;51719;4921937;0;0;270091;0;0;270091;5192028;665000;0;518764;9889132;0;0;11072896;16264924;
139;806007838;2019-12-31;2018;MILES;11567105;1061447;2376354;3654278;18659184;42776;0;0;143990;0;186766;18845950;7940;3074966;0;115832;151425;3042595;6392758;0;0;0;0;0;0;6392758;665000;0;518764;11269428;0;0;12453192;18845950;
140;811018613;2019-12-31;2019;MILES;2170823;2014431;20398943;12105389;36689586;3038432;0;0;0;0;3038432;39728018;15680607;6563636;15912;145909;13;183395;22589472;49715;0;295977;0;0;345692;22935164;6000000;3874909;1077578;5237227;0;603140;16792854;39728018;
141;811018613;2019-12-31;2018;MILES;2954723;1491645;17836486;9679421;31962275;3250652;0;2000000;0;0;5250652;37212927;17225357;4846681;14043;134490;332818;93878;22647267;213144;0;194902;0;0;408046;23055313;6000000;2100000;936285;4518189;0;603140;14157614;37212927;
142;900089104;2019-12-31;2019;MILES;2464797;1327926;20173589;0;23966312;130656;0;0;2365294;0;2495950;26462262;0;3094167;0;374025;418854;468047;4355093;0;0;0;0;6132;6132;4361225;2810400;10949360;4277670;4063607;0;0;22101037;26462262;
143;900089104;2019-12-31;2018;MILES;2897999;1589278;23530757;0;28018034;144817;0;0;191383;0;336200;28354234;2033;8750861;0;359522;840181;520419;10473016;0;0;0;0;0;0;10473016;2810400;10949360;1582718;2538740;0;0;17881218;28354234;
144;900163045;2019-12-31;2019;MILES;11135;9197219;24667;0;9233021;8149689;0;0;6414536;0;14564225;23797246;4800000;4914470;241486;871290;388270;43363594;54579110;0;0;410432;0;117322;527754;55106864;1014706;0;2157015;-35576499;0;1095160;-31309618;23797246;
145;900163045;2019-12-31;2018;MILES;22963;2461868;2706;0;2487537;14604819;0;0;409375;0;15014194;17501731;0;1836201;253915;1140636;374221;33859471;37464444;0;0;338578;0;331949;670527;38134971;1574544;0;2157015;-25459959;0;1095160;-20633240;17501731;
146;811014812;2019-12-31;2019;MILES;905081;97780;531306;10081011;11615178;287246;0;0;11875;0;299121;11914299;0;3947828;0;17775;94950;0;4060553;712083;0;26070;0;3474098;4212251;8272804;800000;0;118426;2723069;0;0;3641495;11914299;
147;811014812;2019-12-31;2018;MILES;522738;170290;488149;9340149;10521326;1200656;0;0;11533;0;1212189;11733515;0;4370735;0;30387;249673;0;4650795;937500;0;26070;0;2662730;3626300;8277095;800000;0;73567;2582853;0;0;3456420;11733515;
148;890327120;2019-12-31;2019;MILES;781699;1172491;24449954;0;26404144;542773;0;0;16768;0;559541;26963685;7202489;784786;0;0;777706;11024878;19789859;0;0;60345;0;251377;311722;20101581;2950002;0;1269482;2154858;0;487762;6862104;26963685;
149;890327120;2019-12-31;2018;MILES;324273;1589474;26861806;0;28775553;550364;0;0;28759;0;579123;29354676;8795337;1187481;0;0;1053830;11500897;22537545;0;0;103424;0;253700;357124;22894669;2950002;0;1218112;1804495;0;487398;6460007;29354676;
150;830028213;2019-12-31;2019;MILES;1167690;440822;7342431;16453304;25404247;3957463;0;5542505;12513729;0;22013697;47417944;13266374;10293040;0;882983;598670;831482;25872549;6204240;0;150186;0;0;6354426;32226975;5687855;0;1393635;8109479;0;0;15190969;47417944;
151;830028213;2019-12-31;2018;MILES;1078525;0;7383284;19003991;27465800;10228006;0;0;12388997;0;22617003;50082803;10650346;14918495;0;748807;289584;1243665;27850897;8604355;0;173814;0;0;8778169;36629066;5687855;0;1272926;6492956;0;0;13453737;50082803;
152;830036108;2019-12-31;2019;MILES;1802520;10224808;54227655;68596411;134851394;1961239;1003985;0;6258273;1003985;10227482;145078876;21209441;91743044;38413;1077252;1505645;4091287;119665082;2573761;0;2111881;0;0;4685642;124350724;7240058;0;7274181;6213913;0;0;20728152;145078876;
153;830036108;2019-12-31;2018;MILES;1410776;6552741;51858400;41796407;101618324;389352;748569;0;353705;748569;2240195;103858519;14526468;69882542;41072;888706;1308441;887182;87534411;0;0;34079;0;0;34079;87568490;7240058;0;5322078;3727893;0;0;16290029;103858519;
154;800021308;2019-12-31;2019;MILES;58949741;194506618;519371225;1199729701;1972557285;5782730649;13442113;1869920;150189231;13442113;5961674026;7934231311;338613;1127234953;134572480;0;135465238;0;1397611284;0;0;1042873386;0;356749730;1399623116;2797234400;14897578;0;3658807129;810877358;0;652414846;5136996911;7934231311;
155;800021308;2019-12-31;2018;MILES;27144723;579392260;424650735;938105808;1969293526;6329398449;10845310;1897034;10726993;10845310;6363713096;8333006622;146202;920782614;117074454;0;187158804;0;1225162074;0;0;1260975294;0;303893654;1564868948;2790031022;14897578;0;3581926182;689707719;0;1256444121;5542975600;8333006622;
156;900786712;2019-12-31;2019;MILES;412449;4188;213430;426895;1056962;290633434;0;0;9201601;0;299835035;300891997;0;6444024;1181657;0;1281750;0;8907431;3316;0;0;0;8362225;8365541;17272972;20000;0;-15017849;-117726982;0;416343856;283619025;300891997;
157;900786712;2019-12-31;2018;MILES;128183;3954;500;0;132637;2793967;0;0;8010790;0;10804757;10937394;0;2436017;0;0;57338;0;2493355;0;0;0;0;0;0;2493355;20000;0;989782;-93652053;0;101086310;8444039;10937394;
158;811004786;2019-12-31;2019;MILES;3954576;2103195;39224804;19305114;64587689;3305317;0;0;0;0;3305317;67893006;22749534;12076876;46560;173071;0;66355;35112396;5931383;0;18721;0;0;5950104;41062500;11000000;6024909;1913636;7891961;0;0;26830506;67893006;
159;811004786;2019-12-31;2018;MILES;4463991;2622785;34016633;20399322;61502731;2626902;0;3500000;193960;0;6320862;67823593;31648182;7179238;131535;170961;0;32848;39162764;6567356;0;0;0;0;6567356;45730120;11000000;4250000;1617423;5226050;0;0;22093473;67823593;
160;900123408;2019-12-31;2019;MILES;27562999;8357945;6511976;41669172;84102092;201952120;0;0;3549658;0;205501778;289603870;966847;75669504;0;5010453;13090248;12493385;107230437;0;0;0;0;144563343;144563343;251793780;2114780;0;0;35695310;0;0;37810090;289603870;
161;900123408;2019-12-31;2018;MILES;11008819;9566597;6793805;40147014;67516235;62395191;0;0;4695622;0;67090813;134607048;6759498;73631588;0;5134580;11886960;4521820;101934446;0;0;3170203;0;884792;4054995;105989441;2114780;0;0;26502827;0;0;28617607;134607048;
162;804016903;2019-12-31;2019;MILES;315091;171864;877064;798103;2162122;225455;2227897;0;-1875630;2227897;2805619;4967741;951464;458191;0;25917;58037;41902;1535511;830540;347333;25149;0;0;1203022;2738533;720000;832360;283235;393613;0;0;2229208;4967741;
163;804016903;2019-12-31;2018;MILES;200864;390930;2927210;2877148;6396152;264220;2031430;0;-1678371;2031430;2648709;9044861;722687;2848393;0;47732;0;582722;4201534;1992636;65333;19254;0;0;2077223;6278757;720000;832360;283235;930509;0;0;2766104;9044861;
164;830072490;2019-12-31;2019;MILES;452749;174034;1281499;0;1908282;6856;0;0;2181910;0;2188766;4097048;699862;3027182;0;183527;173976;0;4084547;0;0;0;0;0;0;4084547;802395;1352037;401198;-2543129;0;0;12501;4097048;
165;830072490;2019-12-31;2018;MILES;535550;1514789;2655308;0;4705647;21628;0;0;3209319;0;3230947;7936594;2056335;5414085;0;150401;160037;15304;7796162;0;0;0;0;0;0;7796162;802395;1352037;401198;-2415198;0;0;140432;7936594;
166;890100783;2019-12-31;2019;MILES;5259332;26142486;32831974;99038601;163272393;56060210;0;1980418;38403602;0;96444230;259716623;56606410;47691119;0;0;0;3194592;107492121;0;0;5846130;0;1166747;7012877;114504998;153251;38343950;27129449;16062384;0;63522591;145211625;259716623;
167;890100783;2019-12-31;2018;MILES;3906657;16414499;45069280;65835456;131225892;59223214;0;2013266;37893787;0;99130267;230356159;45805382;40061480;0;0;0;1470442;87337304;0;0;9957062;0;1119315;11076377;98413681;153251;38343950;27129449;2793237;0;63522591;131942478;230356159;
168;900207085;2019-12-31;2019;MILES;7237677;2152335;7355240;11507148;28252400;71813449;0;0;1233202;0;73046651;101299051;11263823;20206056;0;918513;3890786;1745204;38024382;52604854;0;0;0;1790285;54395139;92419521;1624680;0;0;7254850;0;0;8879530;101299051;
169;900207085;2019-12-31;2018;MILES;4263784;2566600;7535615;12722387;27088386;22858855;0;0;669107;0;23527962;50616348;16608594;18069986;0;1049177;3500380;1595292;40823429;0;0;230092;1972119;537294;2739505;43562934;1624680;0;0;5428734;0;0;7053414;50616348;
170;900207065;2019-12-31;2019;MILES;8462914;2732879;9398926;15463691;36058410;78318037;0;0;1003111;0;79321148;115379558;11654482;30795391;0;1265673;4239540;1118629;49073715;55831832;0;0;0;1711148;57542980;106616695;1624680;0;0;7138183;0;0;8762863;115379558;
171;900207065;2019-12-31;2018;MILES;6575068;3669651;9056828;14044517;33346064;25157540;0;0;336955;0;25494495;58840559;15950445;26395311;0;1265696;4080324;1045301;48737077;0;0;473236;0;2318419;2791655;51528732;1624680;0;0;5687147;0;0;7311827;58840559;
172;900468085;2019-12-31;2019;MILES;3538783;1193443;705248;7728177;13165651;71492476;0;0;3477779;0;74970255;88135906;2073140;30050344;0;638600;1155670;903791;34821545;46812625;0;0;0;1187356;47999981;82821526;1000000;3039040;0;1275340;0;0;5314380;88135906;
173;900468085;2019-12-31;2018;MILES;2931554;1450838;337070;6704142;11423604;28988227;0;0;2734327;0;31722554;43146158;2193621;30820390;0;714426;1558712;833226;36120375;0;0;279781;0;1703066;1982847;38103222;1000000;3039040;0;1003896;0;0;5042936;43146158;
174;900247563;2019-12-31;2019;MILES;4195242;1061135;1886049;0;7142426;0;0;14761964;0;0;14761964;21904390;902764;5711898;0;0;1501979;0;8116641;5526030;0;465235;0;0;5991265;14107906;4067748;0;0;3728736;0;0;7796484;21904390;
175;900247563;2019-12-31;2018;MILES;2993812;1027751;1421017;0;5442580;0;0;15445284;0;0;15445284;20887864;781371;4477654;0;0;1592552;0;6851577;6377134;0;431670;0;0;6808804;13660381;4067748;0;0;3159735;0;0;7227483;20887864;
176;900467959;2019-12-31;2019;MILES;1003352;262523;35284;886246;2187405;12463856;0;0;286932;0;12750788;14938193;714407;3995180;0;104008;477112;301463;5592170;7765097;0;0;0;415014;8180111;13772281;500000;0;0;665912;0;0;1165912;14938193;
177;900467959;2019-12-31;2018;MILES;940005;293186;27575;1158185;2418951;5577535;0;0;316097;0;5893632;8312583;2565581;2977556;0;136221;415746;292648;6387752;0;0;91098;0;625418;716516;7104268;500000;0;0;708315;0;0;1208315;8312583;
178;816000011;2019-12-31;2019;MILES;11825;182571;646662;0;841058;185225;0;0;6709;0;191934;1032992;0;20210;0;103262;7857;137944;269273;0;0;0;0;0;0;269273;100000;0;3706;660013;0;0;763719;1032992;
179;816000011;2019-12-31;2018;MILES;34802;9639;569446;0;613887;176291;0;0;9297;0;185588;799475;0;4870;0;77220;12175;399;94664;0;0;0;0;0;0;94664;100000;0;3706;601105;0;0;704811;799475;
180;830116122;2019-12-31;2019;MILES;810502;605258;0;0;1415760;3155264;0;0;6368;0;3161632;4577392;0;486199;0;0;179760;0;665959;0;0;886901;0;0;886901;1552860;50000;0;2181185;793347;0;0;3024532;4577392;
181;830116122;2019-12-31;2018;MILES;880254;641228;0;0;1521482;3175346;0;0;15975;0;3191321;4712803;0;397777;0;0;142065;0;539842;0;0;896071;0;0;896071;1435913;50000;0;2067364;1159526;0;0;3276890;4712803;
182;900104083;2019-12-31;2019;MILES;3843;128065;1017228;0;1149136;0;0;0;530711617;0;530711617;531860753;0;49847146;0;0;362;0;49847508;0;0;0;0;0;0;49847508;3785;64973912;244059633;172975915;0;0;482013245;531860753;
183;900104083;2019-12-31;2018;MILES;3811;62346;1008726;0;1074883;0;0;0;488032881;0;488032881;489107764;0;49499888;0;0;361;0;49500249;0;0;0;0;0;0;49500249;3785;64973912;201380896;173248922;0;0;439607515;489107764;
184;900256235;2019-12-31;2019;MILES;186445;7663;4493675;0;4687783;0;0;0;0;0;0;4687783;0;0;0;0;971;0;971;0;0;0;0;0;0;971;2923700;0;1923507;-160395;0;0;4686812;4687783;
185;900256235;2019-12-31;2018;MILES;193174;0;5000000;0;5193174;0;0;0;0;0;0;5193174;0;357205;0;0;19765;0;376970;0;0;0;0;0;0;376970;2923700;0;1923507;-31003;0;0;4816204;5193174;
186;890909034;2019-12-31;2019;MILES;1143238;212806;10041568;82564117;93961729;1951847;0;0;3123886;0;5075733;99037462;31217649;16232846;200000;289312;221336;0;48161143;0;41180845;0;0;0;41180845;89341988;3160000;192183;413365;3566916;0;2363010;9695474;99037462;
187;890909034;2019-12-31;2018;MILES;1667514;209752;10451746;39016928;51345940;1905926;0;0;12280578;0;14186504;65532444;7493773;11334966;200000;217592;111849;0;19358180;0;27419812;9845459;0;0;37265271;56623451;3160000;192183;314129;2879671;0;2363010;8908993;65532444;
188;800093056;2019-12-31;2019;MILES;1817177;1332398;6227048;2030960;11407583;0;0;0;0;0;0;11407583;0;11439610;120940;0;0;138518;11699068;0;0;0;0;0;0;11699068;9000000;4802750;0;-14094235;0;0;-291485;11407583;
189;800093056;2019-12-31;2018;MILES;1558203;4511549;12165197;9250036;27484985;203398;0;0;805268;0;1008666;28493651;0;18232689;677020;0;214768;0;19124477;0;0;0;0;0;0;19124477;9000000;4802750;0;-4433576;0;0;9369174;28493651;
190;890914515;2019-12-31;2019;MILES;1595095;4871042;5929943;17533277;29929357;43543189;0;6339000;2029904;0;51912093;81841450;10212451;14330941;50083;1438280;3653194;295349;29980298;14460844;0;3052409;0;1666649;19179902;49160200;11505;21162387;970123;295203;0;10242032;32681250;81841450;
191;890914515;2019-12-31;2018;MILES;554743;4528033;5040068;16547936;26670780;43941442;0;6339000;855310;0;51135752;77806532;10981388;11972337;0;1136928;2151102;120149;26361904;16558140;0;3071667;0;0;19629807;45991711;11505;21162387;970123;-571226;0;10242032;31814821;77806532;
192;830065157;2019-12-31;2019;MILES;985712;1935670;13877627;0;16799009;3411;0;0;5500362;0;5503773;22302782;0;20060960;15518;323896;84235;0;20484609;0;0;0;0;0;0;20484609;358242;2066060;179121;-785250;0;0;1818173;22302782;
193;830065157;2019-12-31;2018;MILES;1015375;823274;10555490;0;12394139;13375;0;0;5780236;0;5793611;18187750;802020;11858530;15518;444972;744953;0;13865993;0;0;0;0;0;0;13865993;358242;2066060;181442;1716013;0;0;4321757;18187750;
194;900340007;2019-12-31;2019;MILES;48191;0;1856140;0;1904331;119430;190023;101000;1048;190023;601524;2505855;20437;950284;0;34697;68029;0;1073447;1018066;0;0;0;0;1018066;2091513;100000;0;0;214342;0;100000;414342;2505855;
195;900340007;2019-12-31;2018;MILES;55894;0;1059652;146614;1262160;125679;174066;101000;17005;174066;591816;1853976;38305;609280;0;59039;27774;0;734398;786702;0;0;0;0;786702;1521100;100000;0;0;132876;0;100000;332876;1853976;
196;900072847;2019-12-31;2019;MILES;9830192;2767655;4440105;6464100;23502052;59054434;582484;0;12900932;582484;73120334;96622386;8948570;20155273;153453;0;738549;0;29995845;16003733;0;1240087;0;297967;17541787;47537632;3592415;31583585;0;13908754;0;0;49084754;96622386;
197;900072847;2019-12-31;2018;MILES;9977962;1125438;5888078;7689577;24681055;54504504;501501;0;31492;501501;55538998;80220053;4388762;19810647;0;0;1547405;0;25746814;5660208;0;1262058;0;265540;7187806;32934620;3592415;31583585;0;12109433;0;0;47285433;80220053;
198;900179968;2019-12-31;2019;MILES;1168764;264931;4312631;837422;6583748;1361507;0;0;98028;0;1459535;8043283;0;1050142;0;506520;55683;0;1612345;0;0;55561;0;0;55561;1667906;2000000;0;415380;3577939;0;382058;6375377;8043283;
199;900179968;2019-12-31;2018;MILES;551433;0;4115686;1142931;5810050;1368295;0;0;50371;0;1418666;7228716;0;708895;0;350389;52630;0;1111914;0;0;134025;0;0;134025;1245939;2000000;0;354214;3246505;0;382058;5982777;7228716;
200;860045187;2019-12-31;2019;MILES;32;989;213775;0;214796;0;0;0;0;0;0;214796;0;0;0;0;19;0;19;0;0;0;0;0;0;19;157200;40000;29720;-12143;0;0;214777;214796;
201;860045187;2019-12-31;2018;MILES;32;0;230314;0;230346;0;0;0;0;0;0;230346;0;0;0;0;891;0;891;0;0;0;0;0;0;891;157200;40000;29720;2535;0;0;229455;230346;
202;817000727;2019-12-31;2019;MILES;45040;608612;26873296;5375606;32902554;17896606;0;0;16738;0;17913344;50815898;0;5781976;13335;351935;326514;17426;6491186;0;0;866175;0;321479;1187654;7678840;1620000;0;23074515;18442543;0;0;43137058;50815898;
203;817000727;2019-12-31;2018;MILES;62243;90792;22666927;3759736;26579698;17516344;0;0;0;0;17516344;44096042;0;4478777;12617;303205;249568;0;5044167;0;0;621317;0;278251;899568;5943735;1620000;0;23074515;13457792;0;0;38152307;44096042;
204;800026845;2019-12-31;2019;MILES;946982;0;8879028;1156005;10982015;5658101;0;0;4947627;0;10605728;21587743;60705;7503251;0;658255;1071311;0;9293522;0;0;106661;0;0;106661;9400183;580591;561179;290296;10195217;0;560277;12187560;21587743;
205;800026845;2019-12-31;2018;MILES;922082;0;10018771;604749;11545602;4747018;0;0;4947627;0;9694645;21240247;104769;8923480;0;623919;1192466;0;10844634;0;0;126766;0;0;126766;10971400;580591;561179;290296;8241178;0;595603;10268847;21240247;
206;830018214;2019-12-31;2019;MILES;8224890;24496714;187980344;121704820;342406768;3367425;0;0;10772613;0;14140038;356546806;45785469;255766445;251440;0;0;9026180;310829534;1800959;5493556;919002;0;0;8213517;319043051;4017664;507210;4409265;28244949;0;324667;37503755;356546806;
207;830018214;2019-12-31;2018;MILES;13787023;16846176;128744233;96718110;256095542;3402198;0;0;930641;0;4332839;260428381;67914819;158106850;0;0;64526;6771332;232857527;0;0;0;0;0;0;232857527;4017664;507210;3698133;19347847;0;0;27570854;260428381;
208;901145410;2019-12-31;2019;MILES;1883621;814411;116207;1841520;4655759;645311;0;0;149867;0;795178;5450937;0;4457828;0;0;220319;0;4678147;0;0;0;0;0;0;4678147;838000;0;0;-65210;0;0;772790;5450937;
209;901145410;2019-12-31;2018;MILES;359396;551847;2527116;2258403;5696762;440002;0;0;232478;0;672480;6369242;0;5686997;0;0;46097;11663;5744757;0;0;0;0;0;0;5744757;838000;0;0;-213515;0;0;624485;6369242;
210;900407432;2019-12-31;2019;MILES;1544139;1344731;3802411;3361325;10052606;23234605;1246;0;58771850;1246;82008947;92061553;31004;16068733;0;1334181;1807549;4833522;24074989;12267491;0;12485725;0;32737958;57491174;81566163;9520000;0;0;975390;0;0;10495390;92061553;
211;900407432;2019-12-31;2018;MILES;1883103;1006165;4982310;2967218;10838796;21377685;0;0;13443703;0;34821388;45660184;1490666;22758020;0;1216557;1899634;231367;27596244;12737528;0;3261752;0;79741;16079021;43675265;1020000;0;0;964919;0;0;1984919;45660184;
212;860090342;2019-12-31;2019;MILES;47576;816824;5109004;2009063;7982467;8183979;0;0;2140411;0;10324390;18306857;109314;7154685;0;125355;331215;0;7720569;1;0;840901;0;1691097;2531999;10252568;1241207;0;447401;6365681;0;0;8054289;18306857;
213;860090342;2019-12-31;2018;MILES;194639;211246;1522736;1701060;3629681;8023011;0;0;43199;0;8066210;11695891;203042;2643258;0;130084;203868;0;3180252;118082;0;352300;0;29979;500361;3680613;1241207;0;339192;6434879;0;0;8015278;11695891;
214;900491050;2019-12-31;2019;MILES;1981386;3651416;12434383;4663683;22730868;33733170;0;0;8254582;0;41987752;64718620;88080;680075;0;511061;3947297;0;5226513;2131985;31887507;655621;0;436276;35111389;40337902;23951094;20984511;18647;-20573534;0;0;24380718;64718620;
215;900491050;2019-12-31;2018;MILES;4552230;2044388;13487543;8744845;28829006;28842062;0;0;6217046;0;35059108;63888114;104419;750607;0;867064;1079277;0;2801367;0;50161084;0;0;244743;50405827;53207194;23816685;7678020;18647;-20832432;0;0;10680920;63888114;
216;860029002;2019-12-31;2019;MILES;48598490;150045503;0;6040277;204684270;51386597;0;15822482;329721435;0;396930514;601614784;0;8806056;0;0;568435;151368896;160743387;1419716;0;2325312;0;422527127;426272155;587015542;3190330;0;822747;-1493304;0;12079469;14599242;601614784;
217;860029002;2019-12-31;2018;MILES;5563698;178653144;0;4965266;189182108;41939198;0;13313540;314661440;0;369914178;559096286;0;5705078;0;0;447928;152599259;158752265;0;0;2161827;0;383862088;386023915;544776180;3136541;0;816771;-934001;0;11300795;14320106;559096286;
218;900305303;2019-12-31;2019;MILES;4148;82736;14695;0;101579;60568;5085281;2154198;-5085281;5085281;7300047;7401626;0;11991;0;0;18180;0;30171;0;6179561;0;0;0;6179561;6209732;100000;0;0;-1314645;0;2406539;1191894;7401626;
219;900305303;2019-12-31;2018;MILES;6675;22010;79637;0;108322;60568;3808496;2154198;-3358721;3808496;6473037;6581359;0;350965;0;0;63164;0;414129;0;4481369;0;0;0;4481369;4895498;100000;0;0;-1020677;0;2606538;1685861;6581359;
220;830102401;2019-12-31;2019;MILES;2139837;3121587;12920847;16760809;34943080;1289705;0;599371;1624772;0;3513848;38456928;14516292;18162498;0;482201;360592;337677;33859260;149642;0;0;0;165313;314955;34174215;3038500;3624500;285405;-2665692;0;0;4282713;38456928;
221;830102401;2019-12-31;2018;MILES;870417;6242957;15450864;11097784;33662022;2163798;0;0;1139158;0;3302956;36964978;8826153;18593184;0;445497;369190;114939;28348963;234390;0;0;0;0;234390;28583353;3038500;3624500;285405;1433220;0;0;8381625;36964978;
222;830039568;2019-12-31;2019;MILES;12422914;4545759;72764490;45652828;135385991;4040906;6408550;0;-314397;6408550;16543609;151929600;1005373;95088592;7282386;5557920;0;1109140;110043411;1014577;0;0;0;553477;1568054;111611465;3480965;0;1740482;35096688;0;0;40318135;151929600;
223;830039568;2019-12-31;2018;MILES;24989825;877960;50137432;22254736;98259953;1919430;6109380;0;-2173131;6109380;11965059;110225012;0;66569054;7020938;3646254;120176;1769196;79125618;0;0;0;0;287051;287051;79412669;3480965;0;1740482;25590896;0;0;30812343;110225012;
224;860079968;2019-12-31;2019;MILES;59638;418339;1555986;1807679;3841642;0;0;0;0;0;0;3841642;0;2431784;0;77484;27910;0;2537178;0;0;39083;0;4371948;4411031;6948209;1433;0;246077;-3354077;0;0;-3106567;3841642;
225;860079968;2019-12-31;2018;MILES;1026994;458089;842744;1427702;3755529;1667;0;0;0;0;1667;3757196;0;1724253;10560;107637;14615;39168;1896233;0;0;0;0;3886957;3886957;5783190;1433;0;476763;-2504190;0;0;-2025994;3757196;
226;900226802;2019-12-31;2019;MILES;319;29757;3014041;4981822;8025939;0;0;0;0;0;0;8025939;0;485061;0;0;115296;0;600357;0;0;0;0;0;0;600357;550000;0;143518;-11309;0;6743373;7425582;8025939;
227;900226802;2019-12-31;2018;MILES;319;0;3604871;4702614;8307804;0;0;0;0;0;0;8307804;0;259110;0;0;33437;0;292547;0;0;0;0;0;0;292547;550000;0;143518;578366;0;6743373;8015257;8307804;
228;900646912;2019-12-31;2019;MILES;1303769;1207975;4469560;4434557;11415861;91248990;55000;0;28926142;55000;120285132;131700993;12336878;3541220;186400;275273;536000;209641;17085412;65497786;0;0;0;383994;65881780;82967192;43715942;34958998;0;-30744056;0;802917;48733801;131700993;
229;900646912;2019-12-31;2018;MILES;1812662;1398079;3681012;4146228;11037981;94555510;44183;0;25790119;44183;120433995;131471976;7207814;5525195;252519;276356;505400;39721;13807005;77246429;0;0;0;0;77246429;91053434;43714942;19959998;0;-23256398;0;0;40418542;131471976;
230;900385504;2019-12-31;2019;MILES;285363;553802;662268;0;1501433;1139952;0;0;6921;0;1146873;2648306;0;588867;0;0;261371;247143;1097381;0;0;0;0;0;0;1097381;100000;0;219898;1231027;0;0;1550925;2648306;
231;900385504;2019-12-31;2018;MILES;120877;409639;230385;0;760901;1295078;0;0;5231;0;1300309;2061210;0;499318;0;0;193511;268747;961576;0;0;0;0;0;0;961576;100000;0;219898;779736;0;0;1099634;2061210;
232;900982062;2019-12-31;2019;MILES;3156847;8169831;16006864;1181269;28514811;285573;0;0;364378;0;649951;29164762;66934;9127423;0;720447;812048;12391140;23117992;26065;0;0;0;0;26065;23144057;353000;0;470293;5197412;0;0;6020705;29164762;
233;900982062;2019-12-31;2018;MILES;15664022;2939942;11185730;5707543;35497237;259485;0;0;1661670;0;1921155;37418392;0;8939677;0;479991;552591;22659835;32632094;0;0;0;0;0;0;32632094;353000;0;66443;4366855;0;0;4786298;37418392;
234;891901147;2019-12-31;2019;MILES;514699;608340;2131627;1569;3256235;11415;0;0;0;0;11415;3267650;0;2109178;0;13064;0;0;2122242;0;7565479;3486990;0;0;11052469;13174711;4650000;70000;2240655;-16867716;0;0;-9907061;3267650;
235;891901147;2019-12-31;2018;MILES;395739;532268;2315517;0;3243524;16302;0;0;0;0;16302;3259826;0;2159461;0;13322;746;0;2173529;0;6927038;3471392;0;0;10398430;12571959;4650000;70000;2240655;-16272788;0;0;-9312133;3259826;
236;860506831;2019-12-31;2019;MILES;1345493;311310;24730623;18977304;45364730;3034225;576597;0;-68634;576597;4118785;49483515;4952486;15013737;0;608995;3570793;721970;24867981;4412849;0;0;0;0;4412849;29280830;4283100;318662;2624099;12976824;0;0;20202685;49483515;
237;860506831;2019-12-31;2018;MILES;1277397;440017;24036007;11782799;37536220;3293751;598600;0;1254472;598600;5745423;43281643;7522424;8450527;0;647736;3440044;544207;20604938;5779680;0;0;0;0;5779680;26384618;4283100;318662;2624099;9671164;0;0;16897025;43281643;
238;815004320;2019-12-31;2019;MILES;1717864;0;19402528;10490667;31611059;11207939;0;490;161134;0;11369563;42980622;6135551;12872032;0;362653;1174577;129443;20674256;6457374;0;538805;0;0;6996179;27670435;1293321;0;9825049;4191817;0;0;15310187;42980622;
239;815004320;2019-12-31;2018;MILES;3149025;0;14302899;9716597;27168521;12170244;0;490;250823;0;12421557;39590078;6440504;10056778;0;336363;898681;70756;17803082;7306747;0;438542;0;0;7745289;25548371;1293321;0;9825049;2923337;0;0;14041707;39590078;
240;900573927;2019-12-31;2019;MILES;187333;6783545;7820239;983018;15774135;51829708;49099;0;1892326;49099;53820232;69594367;16470217;4022497;111029;205000;72288;133946;21014977;28358411;0;0;0;0;28358411;49373388;9189301;17720489;-193174;-6495637;0;0;20220979;69594367;
241;900573927;2019-12-31;2018;MILES;1050590;4101020;7224398;2446196;14822204;38639534;49099;0;3458171;49099;42195903;57018107;10682401;7421454;272495;266398;100965;201592;18945305;20703292;0;0;0;0;20703292;39648597;9189301;17720489;0;-9540280;0;0;17369510;57018107;
242;900780510;2019-12-31;2019;MILES;95321242;787063;6202271;177939195;280249771;7913361;0;0;25163329;0;33076690;313326461;63065;18181111;5579187;650927;57078320;36314110;117866720;0;0;0;0;94967431;94967431;212834151;1400000;0;38249517;60842793;0;0;100492310;313326461;
243;900780510;2019-12-31;2018;MILES;69007684;1349834;19241543;217435332;307034393;4224951;0;0;11556075;0;15781026;322815419;0;18851474;3934752;580345;88892306;35885475;148144352;0;0;0;0;51289069;51289069;199433421;1400000;0;28389597;93592401;0;0;123381998;322815419;
244;900532450;2019-12-31;2019;MILES;9213914;1711295;25044141;0;35969350;7865374;0;0;10942332;0;18807706;54777056;2460927;7075876;0;5969105;3588008;0;19093916;15069874;0;0;0;0;15069874;34163790;1652360;10042792;1389455;7528659;0;0;20613266;54777056;
245;900532450;2019-12-31;2018;MILES;3666246;3612102;20374092;0;27652440;8742175;0;0;607233;0;9349408;37001848;599089;7329237;0;5787071;0;2342641;16058038;6004163;0;0;0;0;6004163;22062201;1652360;10042792;1144538;2099957;0;0;14939647;37001848;
246;900402212;2019-12-31;2019;MILES;1994959;1372517;212764;658172;4238412;29921300;0;51245133;2584616;0;83751049;87989461;0;8626645;0;126967;2242;1995417;10751271;37648212;0;0;0;0;37648212;48399483;14557074;43918433;2622111;-21507640;0;0;39589978;87989461;
247;900402212;2019-12-31;2018;MILES;929290;1039825;35502;0;2004617;27705054;0;47356860;593700;0;75655614;77660231;0;1564367;0;128008;87107;1846314;3625796;37596767;0;0;0;0;37596767;41222563;13606638;30247203;2622111;-10038284;0;0;36437668;77660231;
248;860042209;2019-12-31;2019;MILES;9426101;5198847;9060949;862308;24548205;283125;11276416;0;-715187;11276416;22120770;46668975;0;1395291;13283;1207028;169543;10322330;13107475;0;0;0;0;1077079;1077079;14184554;22139;0;30454165;2008117;0;0;32484421;46668975;
249;860042209;2019-12-31;2018;MILES;8245065;5093504;9819458;845983;24004010;176238;11095657;0;-1519927;11095657;20847625;44851635;0;1362263;100616;1013716;681609;10526961;13685165;0;0;0;0;1287442;1287442;14972607;22139;0;30454165;-597276;0;0;29879028;44851635;
250;800020023;2019-12-31;2019;MILES;45574370;264211;929573;1381190;48149344;43826884;0;0;994210;0;44821094;92970438;17533624;8215715;0;0;4204651;9563615;39517605;0;2109065;4076536;42784;314231;6542616;46060221;12499927;4629138;460669;29320483;0;0;46910217;92970438;
251;800020023;2019-12-31;2018;MILES;30511694;1581918;1171335;1503618;34768565;42321180;0;0;962611;0;43283791;78052356;3423637;6017469;59344;0;4057847;7228682;20786979;0;2313897;10712718;15977725;612085;29616425;50403404;12499927;4629138;460669;10059218;0;0;27648952;78052356;
252;802011109;2019-12-31;2019;MILES;4989374;188851;14050716;35616121;54845062;38040932;0;0;174162;0;38215094;93060156;8451955;27586405;248959;0;1688848;5277120;43253287;7280836;0;7015465;0;0;14296301;57549588;23704997;0;9180478;2625093;0;0;35510568;93060156;
253;802011109;2019-12-31;2018;MILES;1373622;142669;16836748;36215135;54568174;37598142;0;0;172978;0;37771120;92339294;5238253;27973908;178615;0;2049082;638594;36078452;7909478;0;6595345;0;0;14504823;50583275;23704997;0;8934619;9116403;0;0;41756019;92339294;
254;860079943;2019-12-31;2019;MILES;2592723;7998845;13035277;14434800;38061645;44954040;0;0;16479;0;44970519;83032164;2311627;21592439;72000;1111883;779819;295646;26163414;0;0;2551908;0;225896;2777804;28941218;10000000;354352;6928696;26482642;0;10325256;54090946;83032164;
255;860079943;2019-12-31;2018;MILES;3770174;4541741;26870697;18826947;54009559;43156697;0;0;28606;0;43185303;97194862;7927764;23378071;72000;1251219;623529;196064;33448647;5725000;0;3292018;0;295083;9312101;42760748;10000000;354352;6661713;31079643;0;6338406;54434114;97194862;
256;860400204;2019-12-31;2019;MILES;436922;121104;3254861;21149538;24962425;17767278;2420;0;107119;2420;17879237;42841662;13996970;3900143;0;441695;265922;1026144;19630874;11040141;0;689580;0;0;11729721;31360595;6350000;0;1187182;3943885;0;0;11481067;42841662;
257;860400204;2019-12-31;2018;MILES;282387;134189;3294345;20934714;24645635;18240106;47969;0;13889;47969;18349933;42995568;18116045;4701820;0;423739;227727;1245138;24714469;5873788;0;586015;0;0;6459803;31174272;6350000;0;941550;4529746;0;0;11821296;42995568;
258;811026526;2019-12-31;2019;MILES;2164;0;252069;0;254233;0;0;0;0;0;0;254233;0;5160;0;328;0;0;5488;0;15611;0;0;0;15611;21099;886000;2928000;717629;-4298495;0;0;233134;254233;
259;811026526;2019-12-31;2018;MILES;16941;192301;243396;0;452638;0;0;307500;0;0;307500;760138;0;304;0;297;48220;0;48821;0;22398;0;0;0;22398;71219;886000;2928000;717629;-3842710;0;0;688919;760138;
260;860001711;2019-12-31;2019;MILES;9088725;1189514;5096680;3874710;19249629;213945;0;0;1231846;0;1445791;20695420;0;710906;0;256607;1721878;68747;2758138;0;0;61186;0;2473220;2534406;5292544;158551;0;52401;15191924;0;0;15402876;20695420;
261;860001711;2019-12-31;2018;MILES;4690715;1030818;7665504;5222809;18609846;252097;0;0;1202347;0;1454444;20064290;0;2409888;0;251990;1832187;68237;4562302;0;0;0;0;2344970;2344970;6907272;158551;0;180651;12817816;0;0;13157018;20064290;
262;900555829;2019-12-31;2019;MILES;1090681;145319;2045422;0;3281422;315873;0;0;7373;0;323246;3604668;0;692641;0;219382;0;129423;1041446;208779;0;0;364491;0;573270;1614716;180000;0;90000;1719952;0;0;1989952;3604668;
263;900555829;2019-12-31;2018;MILES;650438;171128;2460343;0;3281909;446578;0;0;-446578;0;0;3281909;0;1172599;0;187577;0;0;1360176;0;0;0;636992;0;636992;1997168;180000;0;55697;1049044;0;0;1284741;3281909;
264;860070512;2019-12-31;2019;MILES;202087;1099617;12174507;4115848;17592059;16518990;3497016;0;-1763302;3497016;21749720;39341779;0;640630;0;1321251;1284351;51854;3298086;25760;2937218;1788700;0;911590;5663268;8961354;2017529;2233577;12921229;13208090;0;0;30380425;39341779;
265;860070512;2019-12-31;2018;MILES;196947;1912196;13789045;3563086;19461274;17256854;3495744;0;-1805479;3495744;22442863;41904137;134610;4811657;0;1372522;1368080;69332;7756201;25761;2937218;1954971;0;766174;5684124;13440325;2017529;2233577;10739524;13473182;0;0;28463812;41904137;
266;890204118;2019-12-31;2019;MILES;280361;263018;4782676;4962082;10288137;7189956;0;0;512187;0;7702143;17990280;1196993;901049;0;182490;376883;54799;2712214;9489240;0;934426;0;0;10423666;13135880;600000;0;854500;3249492;0;150408;4854400;17990280;
267;890204118;2019-12-31;2018;MILES;390548;410316;6883161;5422478;13106503;7770015;0;0;601688;0;8371703;21478206;2220184;2396989;0;154033;180966;938374;5890546;9723186;0;867875;0;0;10591061;16481607;600000;0;854500;3391691;0;150408;4996599;21478206;
268;890911705;2019-12-31;2019;MILES;2612870;3672533;7412396;1391571;15089370;30424686;0;0;8610;0;30433296;45522666;0;1403194;13800;0;1218137;1404078;4039209;0;2595241;3526755;0;0;6121996;10161205;150000;0;449689;32958100;0;1803672;35361461;45522666;
269;890911705;2019-12-31;2018;MILES;2854748;2944676;3980465;1691260;11471149;30569896;0;0;8610;0;30578506;42049655;0;794200;13800;0;1129982;1293828;3231810;0;1428617;3805352;0;0;5233969;8465779;150000;0;449689;31180515;0;1803672;33583876;42049655;
270;900540119;2019-12-31;2019;MILES;66670;926;365426;21707659;22140681;0;0;0;0;0;0;22140681;0;3327076;0;19164;15443;0;3361683;0;18725834;0;0;0;18725834;22087517;50000;0;0;3164;0;0;53164;22140681;
271;900540119;2019-12-31;2018;MILES;975212;452;311222;13753653;15040539;0;0;0;0;0;0;15040539;0;3378313;0;10254;58727;0;3447294;0;11543377;0;0;0;11543377;14990671;50000;0;0;-132;0;0;49868;15040539;
272;800174633;2019-12-31;2019;MILES;4132670;0;13978282;8693476;26804428;11731370;0;0;280603;0;12011973;38816401;162851;7026312;0;365552;714226;147493;8416434;43990;0;786026;0;0;830016;9246450;25623903;451245;511374;2983429;0;0;29569951;38816401;
273;800174633;2019-12-31;2018;MILES;2969826;0;13592265;9155879;25717970;12262940;0;0;351245;0;12614185;38332155;209090;10561962;0;311439;250031;437691;11770213;204355;0;549900;0;0;754255;12524468;25623903;451245;209910;-477371;0;0;25807687;38332155;
274;890300012;2019-12-31;2019;MILES;608226;3636108;6993863;4344495;15582692;8102688;0;0;288451;0;8391139;23973831;493503;11173459;0;594241;1145589;1863306;15270098;451564;0;396630;0;258670;1106864;16376962;2691251;148426;1861708;2895484;0;0;7596869;23973831;
275;890300012;2019-12-31;2018;MILES;1275943;3535295;6468273;4534789;15814300;7784414;0;0;360083;0;8144497;23958797;78408;9973035;84585;617735;893813;1995302;13642878;242603;0;82343;0;241855;566801;14209679;2691251;148426;1877992;5031449;0;0;9749118;23958797;
276;890400514;2019-12-31;2019;MILES;5389;138427;461899;0;605715;10932093;0;0;21725837;0;32657930;33263645;0;583047;6395;214068;59060;0;862570;0;0;1741541;0;1037304;2778845;3641415;8288938;0;1277197;20056095;0;0;29622230;33263645;
277;890400514;2019-12-31;2018;MILES;8408;76050;558430;0;642888;11090653;0;0;21848095;0;32938748;33581636;0;641331;40428;239870;106936;0;1028565;0;0;1678017;0;1063437;2741454;3770019;8288938;0;1137138;20385541;0;0;29811617;33581636;
278;860030605;2019-12-31;2019;MILES;5132481;198;70045110;34549797;109727586;24184871;0;0;1865889;0;26050760;135778346;36598987;31338493;0;0;11262426;0;79199906;0;0;0;0;2879710;2879710;82079616;2300000;0;1150000;50248730;0;0;53698730;135778346;
279;860030605;2019-12-31;2018;MILES;4152020;0;62788457;39489187;106429664;21105595;0;0;2616305;0;23721900;130151564;63700000;24592013;0;0;7348697;0;95640710;0;0;360813;0;2940036;3300849;98941559;2300000;0;1150000;17975749;0;9784256;31210005;130151564;
280;830072817;2019-12-31;2019;MILES;6231877;237727;7419093;6116703;20005400;100577;0;0;1227315;0;1327892;21333292;294647;4436061;0;173203;0;91188;4995099;158400;0;0;0;0;158400;5153499;4075000;7454013;3181616;1469164;0;0;16179793;21333292;
281;830072817;2019-12-31;2018;MILES;10804221;37206;7893314;7689072;26423813;103511;0;0;866175;0;969686;27393499;0;10767355;6185;194134;312070;110111;11389855;0;0;0;0;0;0;11389855;4075000;7454013;3072834;1401797;0;0;16003644;27393499;
282;891300529;2019-12-31;2019;MILES;28256820;1694415;158972005;91797348;280720588;39020922;0;0;503653;0;39524575;320245163;20000000;111490531;761862;1087350;12676973;0;146016716;38090378;0;2474449;0;0;40564827;186581543;13676536;7035;65317131;26678919;0;27983999;133663620;320245163;
283;891300529;2019-12-31;2018;MILES;26985527;1105535;125924045;59317078;213332185;38709166;0;0;433948;0;39143114;252475299;20000000;66739435;1330271;1127952;9586952;0;98784610;38079758;0;2822050;0;0;40901808;139686418;13676536;7035;59749638;11371673;0;27983999;112788881;252475299;
284;900124007;2019-12-31;2019;MILES;6931;28647688;70438637;0;99093256;261985;11497903;668640273;-11497903;11497903;680400161;779493417;0;27495478;0;0;3003694;0;30499172;0;513128;66187409;0;0;66700537;97199709;2951000;0;1475500;661920164;0;15947044;682293708;779493417;
285;900124007;2019-12-31;2018;MILES;27191;28640699;49447073;0;78114963;300654;8386766;673030981;-8026700;8386766;682078467;760193430;0;14843570;0;0;3266364;0;18109934;0;1358440;64076215;0;0;65434655;83544589;2951000;0;1419138;656331659;0;15947044;676648841;760193430;
286;860002428;2019-12-31;2019;MILES;12160459;3201015;56335782;22924647;94621903;11326639;0;3346960;1545933;0;16219532;110841435;0;18632462;5061512;3124032;0;0;26818006;0;0;0;0;0;0;26818006;36962862;0;5329890;25462600;0;16268077;84023429;110841435;
287;860002428;2019-12-31;2018;MILES;14456332;2660805;38481395;23228353;78826885;11626556;0;3447947;1822288;0;16896791;95723676;0;15471478;4313878;2893438;0;0;22678794;0;0;0;0;0;0;22678794;36962862;0;5329890;14484053;0;16268077;73044882;95723676;
288;900112515;2019-12-31;2019;MILES;267397676;26375267;908067312;983637049;2185477304;23195108260;1405677;0;2905764323;1405677;26103683937;28289161241;819631;1801844939;58251365;8320668;177483892;0;2046720495;6819415339;0;0;0;491730854;7311146193;9357866688;9504547110;13150728683;4302975853;-8026957093;0;0;18931294553;28289161241;
289;900112515;2019-12-31;2018;MILES;249104819;18955295;1358818235;838418141;2465296490;22580683079;0;0;2835815012;0;25416498091;27881794581;0;1939386027;61686942;10353379;201305131;0;2212731479;6490835317;0;0;0;417976706;6908812023;9121543502;9504547110;13150728683;4187766228;-8082790942;0;0;18760251079;27881794581;
290;860002119;2019-12-31;2019;MILES;3480476;3512127;13505550;21763540;42261693;53046142;4587688;0;-964500;4587688;61257018;103518711;3896605;8777106;0;0;2520816;10541245;25735772;0;49420167;1095813;0;0;50515980;76251752;90294;10931040;41698;6341616;0;9862311;27266959;103518711;
291;860002119;2019-12-31;2018;MILES;2868266;2873394;14715565;24395795;44853020;52355870;3870569;0;-498;3870569;60096510;104949530;7893135;8241078;0;0;1124324;4760815;22019352;0;65372919;0;0;0;65372919;87392271;83397;4077473;4119545;-773149;0;10049993;17557259;104949530;
292;900239001;2019-12-31;2019;MILES;3141215;1678622;56560460;26562854;87943151;124100626;444801;0;-390641;444801;124599587;212542738;0;17548912;0;1162599;4718940;0;23430451;0;0;11481803;0;579805;12061608;35492059;21500000;59450000;37112726;58987953;0;0;177050679;212542738;
293;900239001;2019-12-31;2018;MILES;3581400;3469532;13173547;24112784;44337263;128933985;4011215;0;-3909965;4011215;133046450;177383713;0;11078601;0;980177;687621;0;12746399;0;0;10469375;0;492214;10961589;23707988;21500000;59450000;51878990;20846735;0;0;153675725;177383713;
294;890938020;2019-12-31;2019;MILES;11002601;11206401;20130264;14068780;56408046;530145;41670;0;856612;41670;1470097;57878143;26324790;16446512;0;288469;311226;0;43370997;0;0;0;0;0;0;43370997;9438509;0;1490430;3577422;0;785;14507146;57878143;
295;890938020;2019-12-31;2018;MILES;1879924;29538603;28568028;14793159;74779714;588853;43958;0;595340;43958;1272109;76051823;36147972;25256899;0;242634;378786;0;62026291;0;0;351091;0;0;351091;62377382;9438509;0;1490430;2744717;0;785;13674441;76051823;
296;890804714;2019-12-31;2019;MILES;342569;347301;2991964;1514910;5196744;6629322;0;0;3830171;0;10459493;15656237;2368905;823974;0;155213;20548;63;3368703;18155873;0;366283;0;0;18522156;21890859;6060391;0;1187834;-13482847;0;0;-6234622;15656237;
297;890804714;2019-12-31;2018;MILES;553570;794269;2356287;1824489;5528615;6781298;0;0;4026617;0;10807915;16336530;2470541;799583;0;145585;19472;1018;3436199;18927095;0;459722;0;0;19386817;22823016;6060391;0;1187834;-13734711;0;0;-6486486;16336530;
298;900482242;2019-12-31;2019;MILES;7837;6631452;0;0;6639289;392472730;0;0;73232;0;392545962;399185251;1736410;57256793;0;0;144;271599;59264946;162669428;56957602;11995035;0;0;231622065;290887011;101970095;0;0;-45903222;0;52231367;108298240;399185251;
299;900482242;2019-12-31;2018;MILES;832638;5269247;0;0;6101885;330479472;0;0;1687134;0;332166606;338268491;3733873;40552666;0;0;5457;241438;44533434;152677945;30475974;5871001;0;0;189024920;233558354;101970095;0;0;-26158606;0;28898648;104710137;338268491;
300;890927158;2019-12-31;2019;MILES;153354;1404913;7649754;1900456;11108477;5661024;0;0;92130;0;5753154;16861631;300582;5269278;0;488484;675494;20662;6754500;0;4188097;42311;0;119447;4349855;11104355;1400000;0;349870;3170972;0;836434;5757276;16861631;
301;890927158;2019-12-31;2018;MILES;475601;1879787;4830805;2275887;9462080;4777175;0;0;1374;0;4778549;14240629;411814;3437551;0;412437;1111226;52183;5425211;0;3487011;39388;0;167764;3694163;9119374;1400000;0;292774;2592047;0;836434;5121255;14240629;
302;901172616;2019-12-31;2019;MILES;593;211746;1256433;0;1468772;7230005;0;0;423161;0;7653166;9121938;349719;825615;4000;87748;2666;0;1269748;5368374;2180488;0;0;0;7548862;8818610;35000;0;0;268328;0;0;303328;9121938;
303;901172616;2019-12-31;2018;MILES;0;39568;102835;0;142403;1102174;0;0;0;0;1102174;1244577;0;1125240;0;0;69515;0;1194755;0;0;0;0;0;0;1194755;35000;0;0;14822;0;0;49822;1244577;
304;900534120;2019-12-31;2019;MILES;105654;838724;217366;42334;1204078;5081019;0;0;9274004;0;14355023;15559101;208497;371835;0;228303;0;0;808635;264016;6680454;1551198;0;0;8495668;9304303;315714;0;6898405;-959321;0;0;6254798;15559101;
305;900534120;2019-12-31;2018;MILES;135630;401587;404953;21441;963611;217124;0;0;7384926;0;7602050;8565661;7145;1531558;0;145153;0;0;1683856;456794;0;35849;0;0;492643;2176499;315714;0;6447581;-374133;0;0;6389162;8565661;
306;900605025;2019-12-31;2019;MILES;4147648;830490;642351;0;5620489;0;0;0;298675292;0;298675292;304295781;0;2711357;0;109600;0;1343462;4164419;0;0;0;13533464;0;13533464;17697883;10000;0;48023006;-153368781;0;391933673;286597898;304295781;
307;900605025;2019-12-31;2018;MILES;12894549;5838321;168485;0;18901355;114291;0;0;250107371;0;250221662;269123017;0;30613920;0;81353;0;400625;31095898;0;0;0;12549222;0;12549222;43645120;10000;0;43427306;-140457613;0;322498204;225477897;269123017;
308;860533206;2019-12-31;2019;MILES;7766713;0;178156899;26382884;212306496;202037929;1643985;0;200712505;1643985;406038404;618344900;6313921;58621920;0;6367840;18027913;0;89331594;106439365;89996415;2591508;0;1251;199028539;288360133;48039482;0;5787255;57559115;0;218598915;329984767;618344900;
309;860533206;2019-12-31;2018;MILES;22673246;0;155619404;23588306;201880956;194954861;1708136;0;202660936;1708136;401032069;602913025;1392259;56658315;0;5251568;16057309;0;79359451;117811363;93658175;0;0;1251;211470789;290830240;48039482;0;5353667;50280323;0;208409313;312082785;602913025;
310;900024602;2019-12-31;2019;MILES;1882995;1775467;28013460;21461377;53133299;27838293;0;0;4354112;0;32192405;85325704;0;5528025;0;870578;1877089;1052219;9327911;2470783;0;1820613;0;0;4291396;13619307;3000;0;60464;71642933;0;0;71706397;85325704;
311;900024602;2019-12-31;2018;MILES;5008270;246361;20772763;14327651;40355045;26457045;0;0;1135234;0;27592279;67947324;0;2378391;0;838964;1548939;0;4766294;0;0;2064549;0;0;2064549;6830843;3000;0;3629096;57484385;0;0;61116481;67947324;
312;900417483;2019-12-31;2019;MILES;295640;0;247977;0;543617;0;0;5732498;0;0;5732498;6276115;0;2299871;0;0;2133;0;2302004;0;0;0;0;0;0;2302004;1120;367106;150583;3455302;0;0;3974111;6276115;
313;900417483;2019-12-31;2018;MILES;119844;13041;1091989;0;1224874;0;0;3232606;0;0;3232606;4457480;0;983333;0;0;0;0;983333;0;0;0;0;0;0;983333;1120;367106;150583;2955338;0;0;3474147;4457480;
314;800074912;2019-12-31;2019;MILES;325819;300163;1864249;442373;2932604;1634003;0;0;8724;0;1642727;4575331;272061;1152611;0;0;102004;0;1526676;0;1057500;844;0;0;1058344;2585020;1046007;0;523003;409417;0;11884;1990311;4575331;
315;800074912;2019-12-31;2018;MILES;293942;161824;1904982;465033;2825781;702201;0;0;5309;0;707510;3533291;260265;1412256;0;0;8819;0;1681340;0;0;2442;0;0;2442;1683782;1046007;0;496708;296251;0;10543;1849509;3533291;
316;900446820;2019-12-31;2019;MILES;4176399;1520570;10348;0;5707317;28105434;0;0;4619459;0;32724893;38432210;0;47241;0;10683;121394;0;179318;188938;0;0;0;0;188938;368256;13488;0;22109;35764923;0;2263434;38063954;38432210;
317;900446820;2019-12-31;2018;MILES;6207330;261418;79200;0;6547948;29155662;0;0;4619459;0;33775121;40323069;37000;115579;0;10777;546581;0;709937;0;0;0;0;0;0;709937;13488;0;22109;37314101;0;2263434;39613132;40323069;
318;900481902;2019-12-31;2019;MILES;3200740;692302;2414892;24735332;31043266;7667754;0;0;197941;0;7865695;38908961;7102302;9485083;0;512885;615651;12073;17727994;1884622;0;104184;0;0;1988806;19716800;3900000;1800000;1111246;12380915;0;0;19192161;38908961;
319;900481902;2019-12-31;2018;MILES;1807467;143276;2393875;28898017;33242635;7154423;0;0;452650;0;7607073;40849708;9125549;13155302;0;386367;244105;8950;22920273;2129728;0;437383;0;0;2567111;25487384;3900000;1800000;864637;8797687;0;0;15362324;40849708;
320;811024238;2019-12-31;2019;MILES;851101;5066534;2064145;263081;8244861;31227049;2379133;0;2548896;2379133;38534211;46779072;3361464;1165632;0;1207578;0;2442072;8176746;1857281;385687;6403458;0;1838272;10484698;18661444;251000;531796;1399013;25935819;0;0;28117628;46779072;
321;811024238;2019-12-31;2018;MILES;1150869;2977323;4001093;260841;8390126;32598392;581418;0;2218606;581418;35979834;44369960;3173578;1269818;0;1228289;115041;2615877;8402603;1787688;417113;7810487;0;0;10015288;18417891;251000;531796;113893;25055380;0;0;25952069;44369960;
322;860514325;2019-12-31;2019;MILES;773579;1056282;7777726;9133811;18741398;1468916;0;0;13682935;0;15151851;33893249;652423;8946509;0;750489;37483;18617;10405521;743581;0;3647074;0;0;4390655;14796176;7404486;0;1014596;10677991;0;0;19097073;33893249;
323;860514325;2019-12-31;2018;MILES;1471618;105060;8117377;7022818;16716873;1180978;0;0;14123868;0;15304846;32021719;379255;9043239;0;781877;22527;0;10226898;444830;0;3827426;0;0;4272256;14499154;7404486;0;744305;9373774;0;0;17522565;32021719;
324;900279810;2019-12-31;2019;MILES;4188302;16079599;78375696;40850207;139493804;463303471;0;0;2007460;0;465310931;604804735;0;74609904;0;4480113;10395441;3779312;93264770;0;0;31146571;0;607029;31753600;125018370;24680;0;154159714;-8844170;0;334446141;479786365;604804735;
325;900279810;2019-12-31;2018;MILES;718547;13804730;83775118;34373539;132671934;384466028;0;0;646750;0;385112778;517784712;2669192;49642663;0;3432906;3937269;2126807;61808837;0;0;27675432;0;0;27675432;89484269;24680;0;157333209;-44239954;0;315182508;428300443;517784712;
326;890106132;2019-12-31;2019;MILES;41121;146371;1016893;0;1204385;18875056;2493169;0;-1612789;2493169;22248605;23452990;0;82206;0;0;156579;0;238785;0;1452887;2416573;0;0;3869460;4108245;3650000;0;1178443;-249709;0;14766011;19344745;23452990;
327;890106132;2019-12-31;2018;MILES;22694;163816;1018130;0;1204640;19266362;3007485;0;-2127105;3007485;23154227;24358867;0;0;0;0;121717;0;121717;0;1452887;2032991;0;0;3485878;3607595;3650000;0;1042648;1336797;0;14721827;20751272;24358867;
328;890901446;2019-12-31;2019;MILES;53562;949819;5677498;1111227;7792106;14452191;161724;877875;654523;161724;16308037;24100143;0;1245188;0;596125;69350;95954;2006617;0;0;2611854;0;1316494;3928348;5934965;4891000;0;15136236;-1862058;0;0;18165178;24100143;
329;890901446;2019-12-31;2018;MILES;41842;576354;6661031;1102612;8381839;16513406;240919;939002;96761;240919;18031007;26412846;0;1313663;7198;726946;420699;0;2468506;0;0;2731221;0;1115185;3846406;6314912;4891000;0;13344307;1862627;0;0;20097934;26412846;
330;900389508;2019-12-31;2019;MILES;992843;1273011;3071245;0;5337099;43597;0;0;6196214;0;6239811;11576910;0;7860251;171591;0;40038;956525;9028405;0;0;0;0;0;0;9028405;300000;2735100;0;-486595;0;0;2548505;11576910;
331;900389508;2019-12-31;2018;MILES;2358829;716466;4680072;0;7755367;56357;0;0;6362672;0;6419029;14174396;0;10539728;139277;0;1664;979162;11659831;0;0;0;0;0;0;11659831;300000;2735100;0;-520535;0;0;2514565;14174396;
332;900412282;2019-12-31;2019;MILES;155220;0;247977;0;403197;0;0;5732498;0;0;5732498;6135695;0;2158748;0;0;1841;0;2160589;0;0;0;0;0;0;2160589;1120;346205;152019;3475762;0;0;3975106;6135695;
333;900412282;2019-12-31;2018;MILES;120149;13317;1091987;0;1225453;0;0;3232606;0;0;3232606;4458059;0;983332;0;0;308;0;983640;0;0;0;0;0;0;983640;1120;346205;152019;2975075;0;0;3474419;4458059;
334;811015529;2019-12-31;2019;MILES;2581206;1829274;15163231;0;19573711;453102;0;0;669662;0;1122764;20696475;300000;1360787;0;858733;1610840;5590911;9721271;316667;0;0;0;576727;893394;10614665;10000;0;182616;9889194;0;0;10081810;20696475;
335;811015529;2019-12-31;2018;MILES;675157;1857776;12423851;0;14956784;390119;0;0;39497;0;429616;15386400;270833;1086639;0;775410;898668;4458208;7489758;0;0;0;0;0;0;7489758;10000;0;30656;7855986;0;0;7896642;15386400;
336;900623530;2019-12-31;2019;MILES;61065146;0;62316724;5925709;129307579;3089225;0;0;2332642;0;5421867;134729446;0;20520984;11920662;0;0;1598929;34040575;0;0;0;414796;20494;435290;34475865;931565;94274138;-14147477;19195355;0;0;100253581;134729446;
337;900623530;2019-12-31;2018;MILES;27841387;1027715;64558341;56098856;149526299;4160922;0;0;1942390;0;6103312;155629611;0;52923432;6044466;0;0;1482486;60450384;0;0;0;0;0;0;60450384;931565;94274138;-9804177;9777701;0;0;95179227;155629611;
338;900809229;2019-12-31;2019;MILES;11995800;34174432;28167646;50012894;124350772;1165873;0;0;24239249;0;25405122;149755894;0;63967422;0;0;0;0;63967422;0;0;10032015;0;0;10032015;73999437;66968405;0;2533249;6254803;0;0;75756457;149755894;
339;900809229;2019-12-31;2018;MILES;15913708;32790629;31140137;34966497;114810971;1652055;0;0;18690789;0;20342844;135153815;0;44064261;18305373;0;2296641;0;64666275;0;0;8844560;0;0;8844560;73510835;66968405;0;1694000;-7019425;0;0;61642980;135153815;
340;830112745;2019-12-31;2019;MILES;55666;281231;2137698;1109939;3584534;277128;0;0;39779;0;316907;3901441;978170;827314;0;125947;350067;58974;2340472;231851;0;0;0;0;231851;2572323;565620;379919;56606;326973;0;0;1329118;3901441;
341;830112745;2019-12-31;2018;MILES;11463;171057;1719628;1348564;3250712;283603;0;0;43576;0;327179;3577891;675496;475280;0;113304;158738;64243;1487061;809955;0;0;0;0;809955;2297016;565620;379919;56606;278730;0;0;1280875;3577891;
342;900990465;2019-12-31;2019;MILES;6397436;2931813;7299461;9718163;26346873;9062298;0;0;8082494;0;17144792;43491665;2304993;15213691;1638100;1299622;2918127;0;23374533;17643364;0;1296514;0;0;18939878;42314411;2627137;2597138;0;-4047021;0;0;1177254;43491665;
343;900990465;2019-12-31;2018;MILES;13973735;1564418;7508324;8335410;31381887;8250937;0;0;2008317;0;10259254;41641141;112254;24146631;0;1025010;1313655;0;26597550;15500000;0;1632522;0;0;17132522;43730072;5224275;0;0;-7313206;0;0;-2088931;41641141;
344;900430960;2019-12-31;2019;MILES;3422049;0;9003429;0;12425478;0;0;2343146;52464710;0;54807856;67233334;0;2793209;0;0;0;0;2793209;20588962;0;0;0;36386870;56975832;59769041;7032045;0;73357;358891;0;0;7464293;67233334;
345;900430960;2019-12-31;2018;MILES;7544753;213652;8525861;0;16284266;0;9027371;9790808;19284992;9027371;47130542;63414808;0;919397;0;0;74591;62474;1056462;12887825;0;0;0;42223681;55111506;56167968;2126833;4470000;25000;625007;0;0;7246840;63414808;
346;800018359;2019-12-31;2019;MILES;36115583;80604294;139408263;233081214;489209354;212072056;0;0;125383375;0;337455431;826664785;21171322;219906971;15496235;22041871;25870363;0;304486762;179752599;0;0;0;0;179752599;484239361;15824398;20303310;36790859;210863237;0;58643620;342425424;826664785;
347;800018359;2019-12-31;2018;MILES;35273140;72841129;117000031;235766314;460880614;199940014;0;0;83755743;0;283695757;744576371;35091515;222434898;10540804;20208843;18557022;0;306833082;144248527;0;0;0;0;144248527;451081609;15666154;20303310;35246986;164286721;0;57991591;293494762;744576371;
348;830066015;2019-12-31;2019;MILES;558910;1604223;4907538;3954027;11024698;166484;0;0;209837;0;376321;11401019;6326;7983930;0;0;136242;0;8126498;0;0;0;0;0;0;8126498;7411750;0;184136;-4321365;0;0;3274521;11401019;
349;830066015;2019-12-31;2018;MILES;5009555;1501231;6820941;4438375;17770102;136636;0;0;141702;0;278338;18048440;31457;12853536;0;0;106797;0;12991790;0;0;0;0;0;0;12991790;7411750;0;184136;-2539236;0;0;5056650;18048440;
350;830012969;2019-12-31;2019;MILES;18621004;19949729;78547658;43959288;161077679;2882001;0;0;8526408;0;11408409;172486088;0;19783100;12030859;3131072;0;0;34945031;0;0;0;2747597;7461356;10208953;45153984;38409684;24111684;19204844;45605892;0;0;127332104;172486088;
351;830012969;2019-12-31;2018;MILES;14997688;63205608;66713030;46052845;190969171;2364821;0;0;8016692;0;10381513;201350684;0;36874344;14676072;0;0;0;51550416;0;0;0;2240697;6823522;9064219;60614635;38409684;24111684;19204843;59009838;0;0;140736049;201350684;
352;811025696;2019-12-31;2019;MILES;1588957;786666;11554211;16460370;30390204;1123158;0;0;541290;0;1664448;32054652;9797567;10332217;0;385990;355281;115937;20986992;1973009;0;0;0;0;1973009;22960001;2000000;0;5560686;1533965;0;0;9094651;32054652;
353;811025696;2019-12-31;2018;MILES;1327998;868832;8913040;15371231;26481101;1554223;0;0;227995;0;1782218;28263319;10041647;7820387;0;395321;190601;119609;18567565;2210815;0;0;0;0;2210815;20778380;2000000;0;4002569;1482370;0;0;7484939;28263319;
354;901039150;2019-12-31;2019;MILES;0;3;41915;0;41918;0;0;0;20378128;0;20378128;20420046;0;9861;0;0;0;0;9861;0;24474791;0;0;0;24474791;24484652;1000;0;-5072;-4060534;0;0;-4064606;20420046;
355;901039150;2019-12-31;2018;MILES;0;3;32492;0;32495;0;0;0;20383200;0;20383200;20415695;0;23443;0;0;0;0;23443;0;23072495;0;0;0;23072495;23095938;1000;0;0;-2681243;0;0;-2680243;20415695;
356;800022051;2019-12-31;2019;MILES;158961;2396459;626418;97434;3279272;15637800;4072667;0;21625533;4072667;45408667;48687939;583793;875573;0;802440;0;0;2261806;1118886;12539902;4603502;0;12216;18274506;20536312;751000;650226;19558408;7191993;0;0;28151627;48687939;
357;800022051;2019-12-31;2018;MILES;273639;1375557;1076466;83652;2809314;6939884;4108459;0;17595794;4108459;32752596;35561910;164230;1671475;0;711219;66604;0;2613528;1667746;0;1683651;0;12216;3363613;5977141;751000;650226;21800326;6383217;0;0;29584769;35561910;
358;800148312;2019-12-31;2019;MILES;1872153;4071330;34432564;108081901;148457948;16097394;0;0;271050;0;16368444;164826392;1137168;130251560;0;736753;65997;239659;132431137;0;0;0;0;0;0;132431137;19876660;0;662407;11856188;0;0;32395255;164826392;
359;800148312;2019-12-31;2018;MILES;3950965;2534873;24478543;88566117;119530498;10717591;0;0;4840743;0;15558334;135088832;1597492;119733072;0;840611;184944;625353;122981472;0;0;0;0;0;0;122981472;12927959;0;637138;-1457737;0;0;12107360;135088832;
360;890933326;2019-12-31;2019;MILES;214000;4510;9276000;0;9494510;125000;2892000;73650000;28595000;2892000;108154000;117648510;0;17286000;0;0;689000;137000;18112000;0;41917000;2149000;0;1124000;45190000;63302000;5452510;1642000;12739000;34513000;0;0;54346510;117648510;
361;890933326;2019-12-31;2018;MILES;1055000;3000;7737000;0;8795000;54000;3074000;73711000;42357000;3074000;122270000;131065000;0;24277000;0;0;327000;75000;24679000;0;33838000;2701000;0;1781000;38320000;62999000;6615000;4433000;21235000;35783000;0;0;68066000;131065000;
362;830014825;2019-12-31;2019;MILES;4923849;951770;48044482;15032406;68952507;8765093;0;0;1510496;0;10275589;79228096;1528434;50566361;0;736063;455534;483788;53770180;0;0;1115495;0;0;1115495;54885675;1000000;5146890;2998445;15197086;0;0;24342421;79228096;
363;830014825;2019-12-31;2018;MILES;2338758;433028;43777388;9268777;55817951;7397338;0;0;821784;0;8219122;64037073;1025539;41357146;0;1054444;226217;333541;43996887;0;0;699383;0;0;699383;44696270;1000000;5146890;2737826;10456087;0;0;19340803;64037073;
364;900546487;2019-12-31;2019;MILES;2244467;68868;411459;0;2724794;603230;0;0;37523225;0;38126455;40851249;40589;22069;0;21551;0;0;84209;69614;0;0;0;0;69614;153823;9502000;0;25695694;5499732;0;0;40697426;40851249;
365;900546487;2019-12-31;2018;MILES;2594882;1346485;366580;0;4307947;5776;0;0;31263370;0;31269146;35577093;219220;35524;0;12752;10078;0;277574;0;0;0;0;0;0;277574;9502000;0;22664398;3133121;0;0;35299519;35577093;
366;900721416;2019-12-31;2019;MILES;73376;128071;1116750;787293;2105490;2145335;0;0;87827;0;2233162;4338652;0;892576;0;0;0;285352;1177928;0;0;31685;0;0;31685;1209613;700000;0;1962479;466560;0;0;3129039;4338652;
367;900721416;2019-12-31;2018;MILES;311863;98785;1699939;1070757;3181344;1859453;0;0;0;0;1859453;5040797;0;1672103;0;0;0;344848;2016951;0;0;28799;0;0;28799;2045750;700000;0;1925527;369520;0;0;2995047;5040797;
368;900594046;2019-12-31;2019;MILES;5133;414890;55521;392671;868215;4972740;0;0;44380101;0;49352841;50221056;0;1001692;0;169869;61579;115658;1348798;0;20663822;439530;0;0;21103352;22452150;1010000;21837037;0;-7447953;0;12369822;27768906;50221056;
369;900594046;2019-12-31;2018;MILES;3521;197965;253131;341388;796005;5204538;0;0;40186673;0;45391211;46187216;0;11666957;0;235072;86590;262772;12251391;0;10191708;109362;0;0;10301070;22552461;1010000;21837037;0;-6722125;0;7509843;23634755;46187216;
370;900575605;2019-12-31;2019;MILES;14208179;216680;27901766;0;42326625;0;56442976;0;-56441765;56442976;56444187;98770812;0;5613735;0;0;1680055;0;7293790;0;0;0;0;0;0;7293790;16791952;95377098;1193736;-21885764;0;0;91477022;98770812;
371;900575605;2019-12-31;2018;MILES;20963903;134687;34626110;0;55724700;0;86788298;0;-84581632;86788298;88994964;144719664;0;4480552;0;0;786902;0;5267454;0;0;0;0;0;0;5267454;16791952;151477098;1193736;-30010576;0;0;139452210;144719664;
372;900406223;2019-12-31;2019;MILES;196185;668750;5447757;3214133;9526825;1489242;0;0;6412364;0;7901606;17428431;1244816;6130942;0;125518;94922;0;7596198;1078513;0;0;0;5930639;7009152;14605350;1099120;1652908;18054;52999;0;0;2823081;17428431;
373;900406223;2019-12-31;2018;MILES;13558;436704;4582945;2834011;7867218;1777347;0;0;6254456;0;8031803;15899021;228710;4494046;0;136946;92215;0;4951917;5270262;0;0;0;2898383;8168645;13120562;1099120;1652908;18054;8377;0;0;2778459;15899021;
374;892300678;2019-12-31;2019;MILES;19921556;0;185149904;189732758;394804218;76254299;0;16710580;8978356;0;101943235;496747453;2969116;342845918;0;4120887;858820;5823610;356618351;4664748;450450;601741;0;44513641;50230580;406848931;900000;0;47183735;16088757;0;25726030;89898522;496747453;
375;892300678;2019-12-31;2018;MILES;21894288;0;131581036;146148917;299624241;72863690;0;15442562;9168019;0;97474271;397098512;4227402;254527163;0;3037480;538980;2794206;265125231;7924622;450450;743930;0;43897763;53016765;318141996;900000;0;40398924;11931562;0;25726030;78956516;397098512;
376;900341086;2019-12-31;2019;MILES;6338457;8204480;254891244;128908;269563089;13616699;2397081;0;169798590;2397081;188209451;457772540;0;207521656;0;26259940;8157877;23693352;265632825;0;0;37226488;0;129176668;166403156;432035981;2724624;23785385;22950744;-23724194;0;0;25736559;457772540;
377;900341086;2019-12-31;2018;MILES;6864427;7680687;206045882;146513;220737509;15241509;3215346;0;6625583;3215346;28297784;249035293;248071;168394925;184984;22787509;6581860;0;198197349;0;0;508401;0;22077257;22585658;220783007;2724624;23785385;17887303;-16145026;0;0;28252286;249035293;
378;900252369;2019-12-31;2019;MILES;6195096;0;8118878;0;14313974;26037664;0;0;0;0;26037664;40351638;0;676143;4455410;0;170632;0;5302185;0;0;0;0;2518407;2518407;7820592;95279;0;-128329470;-271897829;0;432663066;32531046;40351638;
379;900252369;2019-12-31;2018;MILES;6394597;0;7053065;0;13447662;46053044;0;0;0;0;46053044;59500706;0;1476656;4418172;0;259821;0;6154649;0;0;0;0;2497364;2497364;8652013;67140;0;-126609699;-241284710;0;418675962;50848693;59500706;
380;800083425;2019-12-31;2019;MILES;653203;38411;3810726;182123;4684463;962375;0;115984;20305;0;1098664;5783127;0;1370308;0;104341;61293;1107;1537049;0;0;311756;0;218076;529832;2066881;300000;0;646033;2091384;0;678829;3716246;5783127;
381;800083425;2019-12-31;2018;MILES;771617;56791;3459977;234158;4522543;1002143;0;129885;20305;0;1152333;5674876;0;1390505;0;64911;70727;2996;1529139;0;44572;297770;0;351341;693683;2222822;300000;0;596033;1877192;0;678829;3452054;5674876;
382;830129327;2019-12-31;2019;MILES;23713557;45749;10051770;71189749;105000825;42904520;0;0;121066244;0;163970764;268971589;19899010;82822302;0;0;1825860;5130954;109678126;84594846;0;28870695;0;979069;114444610;224122736;18833444;211167965;0;-185152556;0;0;44848853;268971589;
383;830129327;2019-12-31;2018;MILES;12654293;77565;9155966;71511544;93399368;46184104;0;0;129021762;0;175205866;268605234;19297155;74047628;0;0;1935356;5336361;100616500;89333074;1066722;31905993;0;912843;123218632;223835132;18833444;211167965;0;-185231307;0;0;44770102;268605234;
384;830017105;2019-12-31;2019;MILES;629609;263758;8878316;180735;9952418;3646342;0;0;2118518;0;5764860;15717278;306210;4207209;19912;428015;302894;0;5264240;0;1758732;37265;0;0;1795997;7060237;270000;0;48086;8338955;0;0;8657041;15717278;
385;830017105;2019-12-31;2018;MILES;288973;400472;8617679;165817;9472941;1363896;0;0;2121073;0;3484969;12957910;470704;2300447;76359;410769;332996;0;3591275;16336;0;56675;0;0;73011;3664286;270000;0;48086;8975538;0;0;9293624;12957910;
386;900200506;2019-12-31;2019;MILES;21544;66377;1052507;0;1140428;10726817;0;0;26805;0;10753622;11894050;0;266659;0;0;16274;3143;286076;0;0;2948942;0;373352;3322294;3608370;125000;0;86540;2040002;0;6034138;8285680;11894050;
387;900200506;2019-12-31;2018;MILES;8914;10583;158864;0;178361;11687395;0;0;21849;0;11709244;11887605;0;136787;0;0;18513;3143;158443;0;0;3486194;0;1184735;4670929;4829372;125000;0;91085;162999;0;6679149;7058233;11887605;
388;900470130;2019-12-31;2019;MILES;0;321018;236207;0;557225;9892243;0;0;18283;0;9910526;10467751;0;182163;0;0;60586;0;242749;0;0;0;0;0;0;242749;1594111;8856701;0;-225810;0;0;10225002;10467751;
389;900470130;2019-12-31;2018;MILES;0;239595;0;0;239595;8796999;0;0;27107;0;8824106;9063701;0;323740;0;0;3466;0;327206;0;0;0;0;0;0;327206;1365026;7619587;0;-248118;0;0;8736495;9063701;
390;860522815;2019-12-31;2019;MILES;1916003;1411115;1080750;341384;4749252;10988113;0;0;495488;0;11483601;16232853;277475;433251;0;582178;0;1230790;2523694;670500;0;567441;0;0;1237941;3761635;188339;0;0;8881481;0;3401398;12471218;16232853;
391;860522815;2019-12-31;2018;MILES;462211;1990692;1026681;317868;3797452;11923047;0;0;588892;0;12511939;16309391;198046;426978;0;567399;0;37298;1229721;450000;0;790139;0;0;1240139;2469860;188339;0;0;10249794;0;3401398;13839531;16309391;
392;800195326;2019-12-31;2019;MILES;3920187;538568;5252715;153012;9864482;3174960;13522932;0;-12344144;13522932;17876680;27741162;412277;5912955;0;177794;0;121997;6625023;550116;0;0;0;0;550116;7175139;9916870;22116836;5103455;-16571138;0;0;20566023;27741162;
393;800195326;2019-12-31;2018;MILES;2638375;310318;6113080;273497;9335270;2626890;12169616;0;-11984044;12169616;14982078;24317348;0;3691577;0;148290;0;115050;3954917;0;0;0;0;0;0;3954917;9916870;22116836;5103455;-16774730;0;0;20362431;24317348;
394;860038626;2019-12-31;2019;MILES;1242077;7737613;3293058;1065352;13338100;23621050;0;0;140785;0;23761835;37099935;704768;4137655;0;509002;33944;2305;5387674;2285006;0;2682900;0;2980;4970886;10358560;1100000;0;12417515;13223860;0;0;26741375;37099935;
395;860038626;2019-12-31;2018;MILES;647825;8077701;3197380;1213376;13136282;24683475;0;0;135511;0;24818986;37955268;577275;4923930;0;490361;49417;15788;6056771;2611253;0;2686141;0;6085;5303479;11360250;1100000;0;12336996;13158022;0;0;26595018;37955268;
396;860516806;2019-12-31;2019;MILES;42337882;27011695;24943062;193896733;288189372;464881360;0;25166441;12520814;0;502568615;790757987;165913775;71799801;0;13454351;36204319;13042828;300415074;215082403;0;4860165;0;690482;220633050;521048124;68762177;92942430;60875827;47129429;0;0;269709863;790757987;
397;860516806;2019-12-31;2018;MILES;38246632;26398249;27539650;183312816;275497347;298046644;0;25476006;14583760;0;338106410;613603757;113376748;90135330;0;10789543;31097907;12335127;257734655;95700296;0;9212147;0;646939;105559382;363294037;68762177;92942430;39593936;49011177;0;0;250309720;613603757;
398;890300534;2019-12-31;2019;MILES;6282630;244129;9219851;9002389;24748999;8571133;0;0;0;0;8571133;33320132;0;3599026;0;0;782435;264578;4646039;8586107;0;840682;0;0;9426789;14072828;5075000;0;3171538;11000766;0;0;19247304;33320132;
399;890300534;2019-12-31;2018;MILES;6698985;1292332;12241902;8224730;28457949;9322427;0;0;0;0;9322427;37780376;5891291;3067798;0;0;520054;420254;9899397;8514345;0;1145969;0;0;9660314;19559711;5075000;0;3171538;9974127;0;0;18220665;37780376;
400;900694508;2019-12-31;2019;MILES;4809156;2939401;23156189;7240339;38145085;133460;0;0;141394;0;274854;38419939;129269;32571946;0;0;984257;0;33685472;24498;0;0;0;0;24498;33709970;203500;0;0;4506469;0;0;4709969;38419939;
401;900694508;2019-12-31;2018;MILES;1563078;6839265;17704165;9353963;35460471;197954;0;0;11000;0;208954;35669425;2415000;29347258;0;0;162229;0;31924487;0;0;0;0;0;0;31924487;203500;0;0;3541438;0;0;3744938;35669425;
402;860024862;2019-12-31;2019;MILES;10158735;0;13106761;14176584;37442080;10735941;0;0;7337;0;10743278;48185358;845883;11881001;0;0;0;0;12726884;6828568;0;114099;0;0;6942667;19669551;1300000;0;975996;26239811;0;0;28515807;48185358;
403;860024862;2019-12-31;2018;MILES;6160326;0;12394980;11867296;30422602;3315864;0;0;73275;0;3389139;33811741;0;7286527;0;0;2296815;0;9583342;0;0;206998;0;0;206998;9790340;1300000;0;975996;21745405;0;0;24021401;33811741;
404;830501618;2019-12-31;2019;MILES;424318;0;15891319;979539;17295176;6135623;465092;0;2321422;465092;9387229;26682405;33641;11263763;0;418082;286;7167523;18883295;8872;0;0;0;0;8872;18892167;1000500;4349025;42997;645562;0;1752154;7790238;26682405;
405;830501618;2019-12-31;2018;MILES;1571594;0;12788121;1302116;15661831;5712903;427199;0;2784398;427199;9351699;25013530;815818;15457600;0;365704;194;2615786;19255102;0;0;0;0;0;0;19255102;1000500;4349025;27868;-1485416;0;1866451;5758428;25013530;
406;900348431;2019-12-31;2019;MILES;120000;2095174;6606259;3356501;12177934;0;0;0;8324481;0;8324481;20502415;0;6749521;0;0;0;21132;6770653;19414565;0;227124;678905;1148479;21469073;28239726;6687936;0;271761;-30758339;0;16061331;-7737311;20502415;
407;900348431;2019-12-31;2018;MILES;241170;2480533;6930000;4916984;14568687;0;0;0;8707180;0;8707180;23275867;0;6224976;0;0;0;37190;6262166;18952434;0;234443;298703;1445818;20931398;27193564;6687936;0;271761;-26938725;0;16061331;-3917697;23275867;
408;900192711;2019-12-31;2019;MILES;60863514;0;68489361;939430433;1068783308;34782525;15034342;4570863;-15034342;15034342;54387730;1123171038;181513703;277823238;0;0;6804152;0;466141093;55154415;177439123;0;0;0;232593538;698734631;7748795;42629145;254976312;119082155;0;0;424436407;1123171038;
409;900192711;2019-12-31;2018;MILES;18756060;0;121295859;913500182;1053552101;39475328;1097553;0;-785254;1097553;40885180;1094437281;189199217;447227283;102000;0;5128549;0;641657049;77909852;109146313;0;0;0;187056165;828713214;7747755;0;217228766;40747546;0;0;265724067;1094437281;
410;900390238;2019-12-31;2019;MILES;73859773;20539803;2017644;0;96417220;200664;0;0;8116709;0;8317373;104734593;0;8838651;41084586;54270;0;0;49977507;0;0;6416;0;12434618;12441034;62418541;50000;0;53930504;-11664452;0;0;42316052;104734593;
411;900390238;2019-12-31;2018;MILES;3391052;40181758;91208620;0;134781430;313345;0;0;0;0;313345;135094775;0;24113085;49894606;47590;0;0;74055281;0;0;2727;0;6683445;6686172;80741453;50000;0;95580528;-41277206;0;0;54353322;135094775;
412;811000506;2019-12-31;2019;MILES;34752;54554;15437198;16170;15542674;10423200;0;1457598;20918;0;11901716;27444390;0;21600;0;0;275410;1796;298806;0;0;961100;0;0;961100;1259906;4000000;0;21530127;654357;0;0;26184484;27444390;
413;811000506;2019-12-31;2018;MILES;31610;766780;16176132;16170;16990692;10481228;0;1639798;25235;0;12146261;29136953;39621;165393;0;29660;2303062;1780;2539516;0;0;1019547;0;11088;1030635;3570151;4000000;0;17050656;4516146;0;0;25566802;29136953;
414;900549654;2019-12-31;2019;MILES;2052988;2895082;7196964;9492363;21637397;23452569;0;0;526537;0;23979106;45616503;4645774;12105225;0;277809;887346;42182;17958336;11998479;0;0;0;0;11998479;29956815;148700;12059160;12067;3439761;0;0;15659688;45616503;
415;900549654;2019-12-31;2018;MILES;1331434;1458744;6438177;8013764;17242119;19530323;0;0;100718;0;19631041;36873160;3525512;10615892;0;165659;635290;12497;14954850;9949377;0;0;0;0;9949377;24904227;141180;9617764;12067;2197922;0;0;11968933;36873160;
416;800182410;2019-12-31;2019;MILES;240499;6019080;3179201;0;9438780;2183775;0;0;0;0;2183775;11622555;0;1601728;0;0;25114;0;1626842;0;0;0;0;0;0;1626842;4515800;124920;453678;223200;0;4678115;9995713;11622555;
417;800182410;2019-12-31;2018;MILES;231125;7426953;1722362;0;9380440;2215512;0;0;0;0;2215512;11595952;0;1601701;0;0;55514;0;1657215;0;0;0;0;0;0;1657215;4515800;124920;435167;106595;0;4756255;9938737;11595952;
418;890900307;2019-12-31;2019;MILES;48909533;14567947;78081592;78262157;219821229;126057805;850885;20000000;148392779;850885;296152354;515973583;4589322;83159553;150000;3546530;26612692;8111057;126169154;77743532;0;43755300;0;9012291;130511123;256680277;3823415;88790438;74859752;91819701;0;0;259293306;515973583;
419;890900307;2019-12-31;2018;MILES;40688527;13486260;73194412;69849031;197218230;109508095;902430;20000000;146687752;902430;278000707;475218937;0;69413592;11686174;4320926;22707259;3500000;111627951;100259378;0;34619578;0;8705736;143584692;255212643;3823415;88790438;75752870;51639571;0;0;220006294;475218937;
420;811037405;2019-12-31;2019;MILES;9068875;200000;33540079;192508788;235317742;2973355;0;31030540;246721;0;34250616;269568358;23869163;31163861;0;848601;1311663;44103599;101296887;71607490;0;294639;0;22267132;94169261;195466148;2130000;23216401;48124938;630871;0;0;74102210;269568358;
421;811037405;2019-12-31;2018;MILES;11538216;1092;25934915;204628688;242102911;3081929;0;17891777;2128092;0;23101798;265204709;38468936;21859756;0;807743;1886562;59831164;122854161;43828563;0;1371405;0;27039277;72239245;195093406;2130000;23216401;48124938;-3360036;0;0;70111303;265204709;
422;830025224;2019-12-31;2019;MILES;174300;2452589;3755903;0;6382792;6316900;0;0;53105;0;6370005;12752797;1077300;2024334;0;710185;604738;0;4416557;0;0;0;0;1547794;1547794;5964351;2025563;4285697;2913676;-2436490;0;0;6788446;12752797;
423;830025224;2019-12-31;2018;MILES;2030613;5046263;3655531;0;10732407;6336755;0;0;152729;0;6489484;17221891;1631448;10776772;0;635850;586953;0;13631023;109052;0;0;0;0;109052;13740075;1800000;0;2913676;-1231860;0;0;3481816;17221891;
424;800045797;2019-12-31;2019;MILES;997958;1817759;39128432;15309618;57253767;37931455;136138;0;799110;136138;39002841;96256608;0;4750786;0;646933;4019623;68363;9485705;0;0;6603736;0;771175;7374911;16860616;13958751;1362234;51779113;12295894;0;0;79395992;96256608;
425;800045797;2019-12-31;2018;MILES;424247;1235941;25475260;13288810;40424258;39923623;190793;0;235132;190793;40540341;80964599;0;5743157;14746;533083;313407;0;6604393;0;0;6733786;0;522503;7256289;13860682;13958751;1362234;45379759;6403173;0;0;67103917;80964599;
426;900609007;2019-12-31;2019;MILES;4797719;1208718;121432384;0;127438821;2722650;0;0;12783051;0;15505701;142944522;65483935;342865;0;2432164;2929776;1290259;72478999;0;0;0;0;9755216;9755216;82234215;62178122;0;0;-1467815;0;0;60710307;142944522;
427;900609007;2019-12-31;2018;MILES;3002359;948897;107927223;0;111878479;1918049;0;0;3700050;0;5618099;117496578;56887948;671227;0;1971277;933770;1482628;61946850;0;0;0;0;0;0;61946850;62178122;0;0;-6628394;0;0;55549728;117496578;
428;900362742;2019-12-31;2019;MILES;5449192;2555858;54893559;8963886;71862495;359956;0;0;2791885;0;3151841;75014336;3156427;20824035;477641;326278;0;4654524;29438905;1166412;0;0;0;0;1166412;30605317;3018970;20827441;0;20562608;0;0;44409019;75014336;
429;900362742;2019-12-31;2018;MILES;6827791;2335894;50531488;7464584;67159757;451649;0;0;1217611;0;1669260;68829017;5572808;16881740;770527;408226;0;4144637;27777938;0;0;0;0;0;0;27777938;3018970;20827441;0;17204668;0;0;41051079;68829017;
430;811037225;2019-12-31;2019;MILES;47721;136074;537386;2250244;2971425;231417;3741176;0;-3259002;3741176;4454767;7426192;48297;3935560;0;110560;68696;25;4163138;8046276;0;33136;0;0;8079412;12242550;1000000;0;288554;-6359574;0;254662;-4816358;7426192;
431;811037225;2019-12-31;2018;MILES;20030;120888;479602;1441977;2062497;255737;3858774;0;-3806197;3858774;4167088;6229585;2700339;1878634;0;30150;43959;0;4653082;5365055;0;32647;0;0;5397702;10050784;1000000;0;288554;-5394188;0;284435;-3821199;6229585;
432;830085047;2019-12-31;2019;MILES;61101;0;5817318;1133601;7012020;4780423;6287680;0;-225444;6287680;17130339;24142359;2786513;23695549;0;858171;0;6403;27346636;2214188;414656;0;0;12373;2641217;29987853;2030000;0;2825;-7878319;0;0;-5845494;24142359;
433;830085047;2019-12-31;2018;MILES;89325;104321;3235837;957887;4387370;5031283;5758614;0;-2383658;5758614;14164853;18552223;2204843;15854184;0;759358;0;3300617;22119002;1932776;381186;0;0;11379;2325341;24444343;2030000;0;2825;-7924945;0;0;-5892120;18552223;
434;900407235;2019-12-31;2019;MILES;13714;3286644;63934637;0;67234995;676052;12908533;0;223087453;12908533;249580571;316815566;66830574;116346179;15463053;0;3988138;61770931;264398875;47124837;5536307;885338;0;0;53546482;317945357;89104;0;0;-39606453;0;38387558;-1129791;316815566;
435;900407235;2019-12-31;2018;MILES;483259;2018897;63340662;0;65842818;793869;12165732;0;211825264;12165732;236950597;302793415;92155650;93290073;11308760;0;1538914;83084550;281377947;0;5536307;909954;0;0;6446261;287824208;89104;0;0;-23507455;0;38387558;14969207;302793415;
436;900120710;2019-12-31;2019;MILES;45012;1503850;13224844;14273533;29047239;1438248;0;0;141615;0;1579863;30627102;14998804;9089190;0;141833;0;573654;24803481;487649;271782;189361;0;0;948792;25752273;3171263;105483;72089;1525994;0;0;4874829;30627102;
437;900120710;2019-12-31;2018;MILES;12447;1473827;10918870;9926071;22331215;967186;0;0;249937;0;1217123;23548338;9824269;8154228;0;149046;0;645681;18773224;460929;383428;107242;0;0;951599;19724823;3171263;105483;72089;474680;0;0;3823515;23548338;
438;805027111;2019-12-31;2019;MILES;2143425;863176;5083567;7512687;15602855;7660785;51812;56186;1559911;51812;9380506;24983361;411962;10995146;0;0;2748;27316;11437172;1276982;0;962500;0;30383;2269865;13707037;1429251;4671640;101693;2282348;0;2791392;11276324;24983361;
439;805027111;2019-12-31;2018;MILES;1678703;816322;5251125;4655052;12401202;5078462;95425;52875;1668754;95425;6990941;19392143;63274;8717213;0;0;966;9328;8790781;800817;0;862839;0;32024;1695680;10486461;1429251;4671640;55132;919145;0;1830514;8905682;19392143;
440;891301549;2019-12-31;2019;MILES;3494071;8851545;13831945;19494166;45671727;96812448;0;0;41705002;0;138517450;184189177;12396239;27392089;19043;2110395;14674;129985;42062425;72744836;326408;8312703;0;0;81383947;123446372;3167179;6069953;17894687;15581599;0;18029387;60742805;184189177;
441;891301549;2019-12-31;2018;MILES;1886069;9561767;11976030;17562808;40986674;84106124;0;0;44207288;0;128313412;169300086;24938656;22809098;523932;1923060;8605;45904;50249255;58506083;0;8953643;0;0;67459726;117708981;3117179;3269953;15824205;16703316;0;12676452;51591105;169300086;
442;900294923;2019-12-31;2019;MILES;839715;4701494;21057802;6954170;33553181;112580027;0;0;23117623;0;135697650;169250831;33173117;23487137;0;2002164;103967;28546;58794931;26643769;0;638107;0;4534170;31816046;90610977;46000000;7313261;-1432845;26759438;0;0;78639854;169250831;
443;900294923;2019-12-31;2018;MILES;5260466;4867181;16956439;7996782;35080868;113668551;0;0;23393112;0;137061663;172142531;25891729;26364852;0;2093490;103748;88097;54541916;43535988;0;0;0;5015869;48551857;103093773;46000000;7313261;-1967700;17703197;0;0;69048758;172142531;
444;891401858;2019-12-31;2019;MILES;5768262;45525466;39331079;28031511;118656318;261994532;0;10233031;68421810;0;340649373;459305691;87227666;62639770;501592;13999820;235725;363687;164968260;80321395;0;0;0;11461042;91782437;256750697;31100000;150826431;0;20628563;0;0;202554994;459305691;
445;891401858;2019-12-31;2018;MILES;17587473;42557036;34525174;27019053;121688736;231201497;0;10568683;23525878;0;265296058;386984794;25377488;83532464;494741;13505103;211329;375440;123496565;38841927;0;0;0;10367341;49209268;172705833;31100000;150826431;23763;32328767;0;0;214278961;386984794;
446;900541359;2019-12-31;2019;MILES;12054168;21809400;37684435;0;71548003;6645573;0;0;121282781;0;127928354;199476357;19754301;24731950;357185;1776886;5196348;4779630;56596300;23957227;0;0;0;0;23957227;80553527;7282000;171899000;3641000;-63899170;0;0;118922830;199476357;
447;900541359;2019-12-31;2018;MILES;17489829;3531227;35100922;0;56121978;2003847;0;0;110323717;0;112327564;168449542;13755182;13940278;457199;981837;5592908;1724747;36452151;28273716;0;0;0;0;28273716;64725867;7282000;171899000;3641000;-79098325;0;0;103723675;168449542;
448;832005666;2019-12-31;2019;MILES;198042;188384;12839766;0;13226192;31924633;0;0;2031848;0;33956481;47182673;0;858289;113010;2153655;853058;72268;4050280;0;0;5192114;0;1545018;6737132;10787412;10000000;0;2346210;24049051;0;0;36395261;47182673;
449;832005666;2019-12-31;2018;MILES;248010;488174;10673309;0;11409493;33524467;0;0;2169714;0;35694181;47103674;0;670233;94251;2148096;1098307;68649;4079536;0;0;5660466;0;1739439;7399905;11479441;10000000;0;1582269;24041964;0;0;35624233;47103674;
450;900258110;2019-12-31;2019;MILES;2129971;3476753;192661918;3314765;201583407;76047096;0;0;5944526;0;81991622;283575029;5512247;165887195;0;250643;2154898;859978;174664961;14983728;0;1295793;0;530160;16809681;191474642;15000;4196608;72696711;15192068;0;0;92100387;283575029;
451;900258110;2019-12-31;2018;MILES;1302397;2379190;128897194;3413189;135991970;41780898;0;0;4904498;0;46685396;182677366;0;106162814;0;216357;2695085;0;109074256;0;0;837812;0;76689;914501;109988757;5000;0;60535022;12148587;0;0;72688609;182677366;
452;804000893;2019-12-31;2019;MILES;1292493;11871;3351526;0;4655890;451640;0;211687;47365;0;710692;5366582;423;345868;0;0;138927;1416;486634;0;0;63997;0;0;63997;550631;68802;0;34401;4702403;0;10345;4815951;5366582;
453;804000893;2019-12-31;2018;MILES;2501925;288657;3206569;0;5997151;1036021;0;212477;100953;0;1349451;7346602;1082;1893529;0;0;270303;0;2164914;0;0;121961;0;0;121961;2286875;68802;0;34401;4946179;0;10345;5059727;7346602;
454;900245690;2019-12-31;2019;MILES;3246724;2778920;28105434;29173611;63304689;2499691;7951946;0;22419701;7951946;40823284;104127973;20710404;7918707;114600;327841;463881;15303641;44839074;17486633;0;320487;0;0;17807120;62646194;3600000;0;7929;32586400;0;5287450;41481779;104127973;
455;900245690;2019-12-31;2018;MILES;511604;2141736;27855062;18659228;49167630;32716730;5614813;0;-5163065;5614813;38783291;87950921;17286643;8678415;19500;253660;142284;13376551;39757053;7946084;0;345145;0;0;8291229;48048282;3000000;0;0;31615189;0;5287450;39902639;87950921;
456;901023294;2019-12-31;2019;MILES;187576;781495;2300899;4761046;8031016;0;0;0;19682;0;19682;8050698;2556772;3643839;61507;10627;141060;1588768;8002573;0;0;0;0;0;0;8002573;20000;0;0;28125;0;0;48125;8050698;
457;901023294;2019-12-31;2018;MILES;217838;688644;6302077;7342414;14550973;0;0;0;8051;0;8051;14559024;4952860;4603507;24397;17336;52895;2917254;12568249;1959423;0;0;0;0;1959423;14527672;20000;0;0;11352;0;0;31352;14559024;
458;830081407;2019-12-31;2019;MILES;4682263;0;62373288;38969940;106025491;175620462;0;0;45713;0;175666175;281691666;14690893;163618577;0;0;0;3344164;181653634;28971225;0;15536559;0;0;44507784;226161418;1225188;1634503;4536790;48133767;0;0;55530248;281691666;
459;830081407;2019-12-31;2018;MILES;1420512;0;61747214;31356517;94524243;152027337;0;0;0;0;152027337;246551580;869443;154604058;0;0;0;3476218;158949719;14792440;0;14513003;0;0;29305443;188255162;1225188;1634503;9152843;46283884;0;0;58296418;246551580;
460;800072702;2019-12-31;2019;MILES;13235;0;5074241;0;5087476;39198853;7808881;0;35186446;7808881;90003061;95090537;0;1181820;0;0;0;0;1181820;39049253;13294964;0;0;3851334;56195551;57377371;504050;0;1920025;35289091;0;0;37713166;95090537;
461;800072702;2019-12-31;2018;MILES;29009;0;4826553;0;4855562;39458641;8353190;0;34642137;8353190;90807158;95662720;0;1069009;0;0;0;0;1069009;39048703;13584611;0;0;0;52633314;53702323;504050;0;1920025;39536322;0;0;41960397;95662720;
462;900478663;2019-12-31;2019;MILES;1999274;97993;1493842;1000182;4591291;342271;0;0;15002;0;357273;4948564;718;528027;0;94036;0;91844;714625;0;1638570;14293;0;0;1652863;2367488;250000;0;0;2331076;0;0;2581076;4948564;
463;900478663;2019-12-31;2018;MILES;1015733;120766;3118823;565947;4821269;238746;2536869;0;-2462839;2536869;2849645;7670914;1307711;934613;0;27286;79652;149701;2498963;3077630;0;18666;0;0;3096296;5595259;250000;0;0;1825655;0;0;2075655;7670914;
464;860064038;2019-12-31;2019;MILES;4222200;234638;14620896;11809770;30887504;38766452;521858;0;557059;521858;40367227;71254731;7018758;6218788;0;0;1060127;5268850;19566523;5563058;856407;2743652;0;5458271;14621388;34187911;2600000;1000000;256473;2496861;0;30713486;37066820;71254731;
465;860064038;2019-12-31;2018;MILES;5160730;174440;9792069;13124609;28251848;37513336;168299;0;411164;168299;38261098;66512946;8070112;3030079;0;0;273866;4274545;15648602;8246660;849250;2628729;0;5753221;17477860;33126462;2600000;1000000;256473;118338;0;29411673;33386484;66512946;
466;900397244;2019-12-31;2019;MILES;6671963;64;10555451;0;17227478;5166663;16883973;2832418;107435518;16883973;149202545;166430023;0;8775625;0;0;26415;0;8802040;0;88107379;411738;0;50902530;139421647;148223687;15300013;8;623966;2276370;0;5979;18206336;166430023;
467;900397244;2019-12-31;2018;MILES;4220778;0;45764147;0;49984925;15901962;19439346;5088842;95554813;19439346;155424309;205409234;118612;11293524;0;0;0;0;11412136;0;120012569;0;0;66605200;186617769;198029905;6500000;8;531099;348222;0;0;7379329;205409234;
468;900890140;2019-12-31;2019;MILES;219675;745348;8166;0;973189;0;1804219;0;-1804219;1804219;1804219;2777408;0;6262;0;0;100522;0;106784;0;0;0;0;0;0;106784;30000;2480000;15000;145624;0;0;2670624;2777408;
469;900890140;2019-12-31;2018;MILES;1059778;784515;9789414;0;11633707;0;4300000;0;-4300000;4300000;4300000;15933707;54876;53464;0;9376;2495554;0;2613270;0;0;0;0;0;0;2613270;30000;2480000;1790136;9020301;0;0;13320437;15933707;
470;800044807;2019-12-31;2019;MILES;9995951;636713;23992038;9712914;44337616;10887094;0;0;1392092;0;12279186;56616802;241903;11811715;0;0;1949941;1019488;15023047;218326;0;0;0;0;218326;15241373;3728652;1217945;3193393;33235439;0;0;41375429;56616802;
471;800044807;2019-12-31;2018;MILES;9254088;635469;20229562;14847886;44967005;10508431;0;0;1189187;0;11697618;56664623;0;17839405;0;564100;1742814;0;20146319;0;0;0;0;0;0;20146319;3728652;1217945;3193393;28378314;0;0;36518304;56664623;
472;900365105;2019-12-31;2019;MILES;775348;8665596;25801943;6136920;41379807;2544579;0;0;4279432;0;6824011;48203818;13766441;17205836;0;2089233;3158434;5789944;42009888;0;0;0;0;3927785;3927785;45937673;1785472;12406790;17236;-11943353;0;0;2266145;48203818;
473;900365105;2019-12-31;2018;MILES;303333;5893892;36857976;3047482;46102683;244557;0;0;2251478;0;2496035;48598718;12222624;26570235;0;1385011;2818665;1785613;44782148;0;0;0;0;934638;934638;45716786;1785472;12406790;17236;-11327566;0;0;2881932;48598718;
474;900099310;2019-12-31;2019;MILES;6662205;4382806;10701330;1954440;23700781;69351675;199224331;0;-134446055;199224331;333354282;357055063;9271702;8981237;0;2540143;1166663;0;21959745;224433938;16153973;5620736;0;16834286;263042933;285002678;107083260;0;0;-35030875;0;0;72052385;357055063;
475;900099310;2019-12-31;2018;MILES;550802;2535176;29399736;2262900;34748614;77331486;0;0;143927989;0;221259475;256008089;9128168;18341166;0;3643474;445539;0;31558347;227076857;17391875;10629040;1332521;57299;256487592;288045939;106771711;0;0;-138809561;0;0;-32037850;256008089;
476;900226841;2019-12-31;2019;MILES;126511;50000;5025192;0;5201703;24166;0;24634481;138797;0;24797444;29999147;0;16026;0;37699;36667;93837;184229;6239971;0;1650252;272716;0;8162939;8347168;500000;1820000;0;19331979;0;0;21651979;29999147;
477;900226841;2019-12-31;2018;MILES;61451;50000;4338242;0;4449693;23176;0;24394797;10316;0;24428289;28877982;0;21812;0;27552;59822;4928;114114;6419474;0;1517267;239922;0;8176663;8290777;500000;1820000;0;18267205;0;0;20587205;28877982;
478;900615402;2019-12-31;2019;MILES;145696;0;8731858;283136;9160690;0;97201;0;14226602;97201;14421004;23581694;0;334215;89559;18824;159943;0;602541;0;0;0;0;148520;148520;751061;2000000;27014195;0;-6183562;0;0;22830633;23581694;
479;900615402;2019-12-31;2018;MILES;469632;0;10764318;25239145;36473095;0;665182;0;15145890;665182;16476254;52949349;2952999;197260;0;0;377136;0;3527395;0;0;0;0;25740844;25740844;29268239;2000000;27014195;0;-5333085;0;0;23681110;52949349;
480;890905065;2019-12-31;2019;MILES;55989316;124388946;26979138;1244523;208601923;221965984;110000000;0;-102750047;110000000;339215937;547817860;3082129;25513790;16425144;3346940;2881613;108213;51357829;28129710;0;0;0;168670368;196800078;248157907;157445308;1574267;7534183;133106195;0;0;299659953;547817860;
481;890905065;2019-12-31;2018;MILES;52588091;122829433;23178876;1171778;199768178;227579958;110000000;7093481;-103995916;110000000;350677523;550445701;1497738;31665159;13503689;3677336;3676643;8444;54029009;28018518;0;755339;0;166348553;195122410;249151419;157445308;1574267;6249742;136024965;0;0;301294282;550445701;
482;900149582;2019-12-31;2019;MILES;111780;276484;109972;1100000;1598236;17287;590286;47247330;-590286;590286;47854903;49453139;4236373;545400;0;0;0;0;4781773;0;2284379;0;0;0;2284379;7066152;2954598;0;27747;932537;0;38472105;42386987;49453139;
483;900149582;2019-12-31;2018;MILES;71162;321349;43164;2039706;2475381;8286;25792;44729267;307974;25792;45097111;47572492;4035517;253791;0;0;339470;0;4628778;0;0;365501;0;1891028;2256529;6885307;2954598;0;27747;-767265;0;38472105;40687185;47572492;
484;901140054;2019-12-31;2019;MILES;1846846;1467038;8509273;39850;11863007;2842186;5900000;0;-351483;5900000;14290703;26153710;1143857;5515410;0;1629405;1613942;0;9902614;3672150;2593345;0;0;417281;6682776;16585390;1000000;0;3420600;5147720;0;0;9568320;26153710;
485;901140054;2019-12-31;2018;MILES;4648921;165046;2267840;0;7081807;1823871;0;0;262437;0;2086308;9168115;0;914179;0;1547564;1898132;0;4359875;0;0;0;0;370528;370528;4730403;1000000;0;-6194;3443906;0;0;4437712;9168115;
486;815002042;2019-12-31;2019;MILES;65001511;366480;73622159;13868021;152858171;81381781;21722060;0;-21083955;21722060;103741946;256600117;0;45232484;1620063;1991017;3577033;21054251;73474848;0;0;7476453;0;210953;7687406;81162254;4500000;13685635;8937245;54726930;0;93588053;175437863;256600117;
487;815002042;2019-12-31;2018;MILES;35916649;1958933;69080593;18399792;125355967;95758325;29962695;0;-29962695;29962695;125721020;251076987;0;51695164;1264266;1646199;3726886;20406105;78738620;0;0;12125312;0;0;12125312;90863932;4500000;13685635;8937245;39520043;0;93570132;160213055;251076987;
488;900450412;2019-12-31;2019;MILES;620032;0;4102382;0;4722414;2227;0;537925;33370233;0;33910385;38632799;0;11473069;0;0;0;370507;11843576;0;0;34315;0;0;34315;11877891;899500;0;449750;25405658;0;0;26754908;38632799;
489;900450412;2019-12-31;2018;MILES;24654233;0;4700062;0;29354295;2934;0;549722;33370233;0;33922889;63277184;0;37328913;0;0;0;405967;37734880;0;0;32274;0;0;32274;37767154;899500;0;449750;24160780;0;0;25510030;63277184;
490;830076169;2019-12-31;2019;MILES;565983;0;13068487;502495;14136965;11646325;615501;0;2278982;615501;15156309;29293274;1513655;6114128;0;494233;5201;2566819;10694036;552491;8536754;0;0;1254541;10343786;21037822;3300000;0;161108;2186606;0;2607738;8255452;29293274;
491;830076169;2019-12-31;2018;MILES;255114;0;18638911;398541;19292566;11740500;581377;0;2405621;581377;15308875;34601441;938441;7649979;0;471717;0;4557012;13617149;0;9830250;0;833512;1345344;12009106;25626255;3300000;0;22276;2877891;0;2775019;8975186;34601441;
492;900226222;2019-12-31;2019;MILES;28838;0;2509455;0;2538293;0;0;14954283;19974411;0;34928694;37466987;5476;23454;0;0;589788;0;618718;1352766;0;926293;0;0;2279059;2897777;200000;29422707;0;4946503;0;0;34569210;37466987;
493;900226222;2019-12-31;2018;MILES;155407;13584;1549234;0;1718225;24;0;15215456;3920000;0;19135480;20853705;2051562;912148;0;0;179792;0;3143502;1048890;0;640257;0;0;1689147;4832649;200000;13368296;0;2452760;0;0;16021056;20853705;
494;900579425;2019-12-31;2019;MILES;11597928;2608343;2451369;9537203;26194843;61099562;0;0;8401;0;61107963;87302806;0;3059644;0;0;0;0;3059644;0;0;2868721;0;0;2868721;5928365;47358010;0;18266;33998165;0;0;81374441;87302806;
495;900579425;2019-12-31;2018;MILES;11523974;24074;5991506;2325918;19865472;53150353;0;0;12434;0;53162787;73028259;0;3148103;0;0;1591358;0;4739461;359533;0;354326;0;0;713859;5453320;37000000;0;18266;30556673;0;0;67574939;73028259;
496;900104517;2019-12-31;2019;MILES;18219760;17827966;36279066;32313328;104640120;233797445;0;0;3193818;0;236991263;341631383;39662708;64407182;0;919092;3493229;7251;108489462;23707417;13755132;24676055;0;9983606;72122210;180611672;22950840;12733445;52199291;18038955;0;55097180;161019711;341631383;
497;900104517;2019-12-31;2018;MILES;8160555;13723498;23376922;23070718;68331693;190093910;0;0;2299175;0;192393085;260724778;29100880;45885337;0;826049;3055779;213706;79081751;35799114;0;14906809;0;11571275;62277198;141358949;23292730;12733445;47304939;13907596;0;22127119;119365829;260724778;
498;900546489;2019-12-31;2019;MILES;7910909;0;3700350;0;11611259;421973;0;0;39567650;0;39989623;51600882;18704;437109;0;22873;479455;0;958141;60876;0;0;0;0;60876;1019017;9502000;0;26313951;14765914;0;0;50581865;51600882;
499;900546489;2019-12-31;2018;MILES;7249654;1342320;3637178;0;12229152;8046;0;0;31249995;0;31258041;43487193;0;537053;0;20707;1324839;0;1882599;0;0;103616;0;0;103616;1986215;9502000;0;22906535;9092443;0;0;41500978;43487193;
500;900081360;2019-12-31;2019;MILES;143522073;2473819;607832078;0;753827970;57152;2905086;0;11942022;2905086;17809346;771637316;0;730102049;0;14307785;1318314;1501700;747229848;0;168076;80101;0;23917707;24165884;771395732;600000;12590000;1680937;-14629353;0;0;241584;771637316;
501;900081360;2019-12-31;2018;MILES;135572688;5211098;480353751;0;621137537;61701;2879868;0;2246389;2879868;8067826;629205363;0;605485628;349337;7867820;723789;653933;615080507;0;168076;6098;0;14251734;14425908;629506415;600000;12590000;2345059;-15836111;0;0;-301052;629205363;
502;890935064;2019-12-31;2019;MILES;181474;1036682;1261785;2122032;4601973;1997559;0;0;14237;0;2011796;6613769;1032682;4673177;0;123882;393763;210170;6433674;459331;0;25718;0;0;485049;6918723;735500;300000;281020;-1621474;0;0;-304954;6613769;
503;890935064;2019-12-31;2018;MILES;105280;612524;1256480;2936113;4910397;787957;0;0;0;0;787957;5698354;18205;5415868;0;109903;86469;458436;6088881;44775;0;79952;0;0;124727;6213608;235500;0;281020;-1031774;0;0;-515254;5698354;
504;811016049;2019-12-31;2019;MILES;89082;950129;7082429;5240610;13362250;10143184;3438038;0;-3438038;3438038;13581222;26943472;774316;15173922;0;246525;832677;4680276;21707716;667964;0;656076;0;294411;1618451;23326167;755603;12960086;0;-10656855;0;558471;3617305;26943472;
505;811016049;2019-12-31;2018;MILES;24198;648183;5407452;10970074;17049907;10355980;0;0;0;0;10355980;27405887;467016;11121737;190629;214216;320537;7742492;20056627;743001;0;533268;0;249172;1525441;21582068;755603;12960086;0;-8450341;0;558471;5823819;27405887;
506;860521813;2019-12-31;2019;MILES;1077587;603463;6044857;589170;8315077;9957495;0;0;0;0;9957495;18272572;0;1857451;0;1006706;688095;10829;3563081;535060;253222;847922;0;0;1636204;5199285;1252000;0;345562;7922612;0;3553113;13073287;18272572;
507;860521813;2019-12-31;2018;MILES;877605;652084;4977948;481167;6988804;10724003;0;0;0;0;10724003;17712807;0;837413;0;954464;356748;13434;2162059;1326060;968105;982065;0;0;3276230;5438289;1252000;0;298040;7171365;0;3553113;12274518;17712807;
508;900185062;2019-12-31;2019;MILES;827352;756487;11464404;0;13048243;2405486;0;0;1116965;0;3522451;16570694;1234805;1815579;858240;1954377;752673;0;6615674;0;0;0;0;0;0;6615674;1201276;0;6198925;1113063;0;1441756;9955020;16570694;
509;900185062;2019-12-31;2018;MILES;973493;661948;7624250;0;9259691;2923689;0;0;820069;0;3743758;13003449;29509;922690;241216;1918613;505585;0;3617613;0;0;0;0;0;0;3617613;1201276;0;5188445;1010480;0;1985635;9385836;13003449;
510;900470133;2019-12-31;2019;MILES;0;352339;16695;0;369034;15248685;0;0;96838;0;15345523;15714557;22168;269308;0;0;0;0;291476;0;0;0;0;0;0;291476;1946279;13325599;0;151203;0;0;15423081;15714557;
511;900470133;2019-12-31;2018;MILES;0;1781278;0;0;1781278;12590129;0;0;109702;0;12699831;14481109;0;619449;0;0;39507;0;658956;0;0;0;0;0;0;658956;1744416;11927969;0;149768;0;0;13822153;14481109;
512;860020309;2019-12-31;2019;MILES;5250658;0;57976105;43699318;106926081;33730588;0;0;4130148;0;37860736;144786817;0;75347776;1663283;0;0;757255;77768314;0;0;0;0;2605354;2605354;80373668;7365331;44295844;4366314;8385660;0;0;64413149;144786817;
513;860020309;2019-12-31;2018;MILES;7729357;0;50364843;37185559;95279759;21053982;0;0;4405779;0;25459761;120739520;0;55854064;1041623;0;975228;0;57870915;0;0;0;0;0;0;57870915;7365331;44295844;4366314;6841116;0;0;62868605;120739520;
514;860352432;2019-12-31;2019;MILES;0;288;0;0;288;0;0;0;18156999;0;18156999;18157287;0;1058610;0;0;0;0;1058610;0;3332214;1342983;0;0;4675197;5733807;102560;0;83582;52229;0;12185109;12423480;18157287;
515;860352432;2019-12-31;2018;MILES;0;288;0;0;288;0;0;0;17498444;0;17498444;17498732;0;937195;0;0;0;0;937195;0;3314186;1280775;0;0;4594961;5532156;102560;0;59865;-161221;0;11965372;11966576;17498732;
516;800181749;2019-12-31;2019;MILES;439335;414456;2097024;20603;2971418;471764;1202629;0;-1202629;1202629;1674393;4645811;513812;999724;0;821442;266670;6818;2608466;307499;0;8565;0;0;316064;2924530;81400;585760;144518;909603;0;0;1721281;4645811;
517;800181749;2019-12-31;2018;MILES;90321;832925;1945451;0;2868697;521838;1088396;0;-1088396;1088396;1610234;4478931;612304;707820;92075;722203;706696;17428;2858526;250000;0;50279;0;0;300279;3158805;81400;585760;144518;508448;0;0;1320126;4478931;
518;800217811;2019-12-31;2019;MILES;604874;1839178;3184574;0;5628626;61403;0;0;0;0;61403;5690029;0;2330265;0;0;49987;46890;2427142;0;0;4456;0;0;4456;2431598;18000;0;9321;3231110;0;0;3258431;5690029;
519;800217811;2019-12-31;2018;MILES;2051882;1085170;3062304;0;6199356;118589;0;0;0;0;118589;6317945;0;1841741;0;0;154533;63334;2059608;0;0;1721;0;0;1721;2061329;18000;0;9321;4229295;0;0;4256616;6317945;
520;811018771;2019-12-31;2019;MILES;10671000;1751000;90081000;60511000;163014000;8517000;0;0;12856000;0;21373000;184387000;13718000;106644000;0;3811000;14034000;570000;138777000;11741000;0;1703000;0;0;13444000;152221000;6182000;20854000;85000;5045000;0;0;32166000;184387000;
521;811018771;2019-12-31;2018;MILES;10536000;7755000;95518000;66641000;180450000;4724000;0;0;10972000;0;15696000;196146000;21345000;124424000;0;4233000;7147000;804000;157953000;5261000;0;1880000;0;0;7141000;165094000;6182000;20854000;85000;3931000;0;0;31052000;196146000;
522;860001607;2019-12-31;2019;MILES;3134350;3320296;2376215;12940375;21771236;14272512;0;2740636;720993;0;17734141;39505377;799167;6662461;0;155016;900236;435717;8952597;0;0;0;0;0;0;8952597;3200000;0;2935449;19389128;0;5028203;30552780;39505377;
523;860001607;2019-12-31;2018;MILES;2615758;3611879;1979413;13668983;21876033;17819946;0;2941617;830009;0;21591572;43467605;852667;8670809;0;159313;322265;2114327;12119381;0;0;0;0;0;0;12119381;3200000;0;3079449;20040572;0;5028203;31348224;43467605;
524;890900535;2019-12-31;2019;MILES;36894851;3593576;18560096;14850824;73899347;62189106;0;0;4077005;0;66266111;140165458;1551385;44243940;0;4661363;3257508;0;53714196;937399;0;0;0;2942604;3880003;57594199;972113;17381215;592855;63625076;0;0;82571259;140165458;
525;890900535;2019-12-31;2018;MILES;25276642;2341389;18533261;15454911;61606203;63784865;0;0;4620148;0;68405013;130011216;0;45112147;312685;2360527;3180858;0;50966217;0;0;0;0;3276550;3276550;54242767;972113;17381215;592855;56822266;0;0;75768449;130011216;
526;900470145;2019-12-31;2019;MILES;0;831771;710664;0;1542435;27102551;0;0;30886;0;27133437;28675872;0;879815;0;0;182497;0;1062312;0;0;0;0;0;0;1062312;3649793;25184504;0;-1220737;0;0;27613560;28675872;
527;900470145;2019-12-31;2018;MILES;0;924565;1480;0;926045;25240458;0;0;54095;0;25294553;26220598;0;753615;0;0;12879;0;766494;0;0;0;0;0;0;766494;3297467;22817123;0;-660486;0;0;25454104;26220598;
528;901014870;2019-12-31;2019;MILES;12454;24376;11124;0;47954;0;0;0;60309;0;60309;108263;0;127834;0;0;0;0;127834;0;0;0;0;0;0;127834;19229;0;0;-38800;0;0;-19571;108263;
529;901014870;2019-12-31;2018;MILES;26032;64640;0;0;90672;0;0;0;23370;0;23370;114042;0;85793;0;0;0;0;85793;0;0;0;0;0;0;85793;17967;0;0;10282;0;0;28249;114042;
530;900710164;2019-12-31;2019;MILES;3716179;3510240;19956258;25933554;53116231;15261457;0;0;39764013;0;55025470;108141701;26390727;16009768;0;0;624391;4307709;47332595;17727515;0;0;0;6192318;23919833;71252428;4161000;64339317;0;-31611044;0;0;36889273;108141701;
531;900710164;2019-12-31;2018;MILES;1539263;12709418;15858643;40080247;70187571;17313870;0;0;31064084;0;48377954;118565525;52208610;19259470;0;0;1396009;3320206;76184295;16761494;0;0;0;0;16761494;92945789;2661000;46013880;0;-23055144;0;0;25619736;118565525;
532;815003693;2019-12-31;2019;MILES;0;83918;0;0;83918;175935;9548505;0;-9125619;9548505;10147326;10231244;0;0;0;0;94979;0;94979;0;0;0;0;0;0;94979;6130000;0;3715895;-39262;0;329632;10136265;10231244;
533;815003693;2019-12-31;2018;MILES;0;68421;0;0;68421;221745;9322879;0;-8686309;9322879;10181194;10249615;0;0;0;0;74088;0;74088;0;0;0;0;0;0;74088;6130000;0;3518448;197447;0;329632;10175527;10249615;
534;900158025;2019-12-31;2019;MILES;8081120;868468;35719048;3518378;48187014;2913184;0;0;732851;0;3646035;51833049;3255228;35326705;0;2000729;352141;3584126;44518929;1821814;0;0;0;0;1821814;46340743;1015424;2242958;274185;1959739;0;0;5492306;51833049;
535;900158025;2019-12-31;2018;MILES;9825783;2183998;34466543;14997608;61473932;591504;0;0;369190;0;960694;62434626;14436;54179515;0;1539554;0;6053897;61787402;0;0;0;0;0;0;61787402;1015424;2242958;499515;-3110673;0;0;647224;62434626;
536;900567947;2019-12-31;2019;MILES;991340;2127275;14869232;0;17987847;8580;0;0;34326636;0;34335216;52323063;0;1396089;4795;40922;1070853;1058381;3571040;0;0;0;0;0;0;3571040;259450;50594552;-3800573;1698594;0;0;48752023;52323063;
537;900567947;2019-12-31;2018;MILES;1236137;2080526;12071515;0;15388178;0;0;0;38054536;0;38054536;53442714;0;261695;0;53108;1072391;2085424;3472618;0;0;0;0;0;0;3472618;259450;50594552;-3182446;2298540;0;0;49970096;53442714;
538;800093391;2019-12-31;2019;MILES;2181344;0;52086534;28046957;82314835;4267119;0;0;500184;0;4767303;87082138;22057307;14221552;0;1261258;221759;0;37761876;0;0;303003;0;0;303003;38064879;779629;10441779;23399877;14395974;0;0;49017259;87082138;
539;800093391;2019-12-31;2018;MILES;3036115;0;41785514;25542046;70363675;4047510;0;0;750048;0;4797558;75161233;16030207;18218750;0;1259902;76152;0;35585011;0;0;489380;0;0;489380;36074391;779629;10441779;17414921;10450513;0;0;39086842;75161233;
540;890324611;2019-12-31;2019;MILES;276444;3378480;437678;1255317;5347919;4969752;0;1351134;227829;0;6548715;11896634;0;3368667;0;86370;16839;3864;3475740;431105;0;1131648;0;0;1562753;5038493;363000;2716817;48325;3729999;0;0;6858141;11896634;
541;890324611;2019-12-31;2018;MILES;213845;3343356;345439;1049568;4952208;5339878;0;1642084;214660;0;7196622;12148830;0;3584046;0;67779;45223;2074;3699122;280833;0;1198408;0;0;1479241;5178363;363000;2716817;48325;3842325;0;0;6970467;12148830;
542;890400305;2019-12-31;2019;MILES;2281089;268147;2719923;1957;5271116;240657;0;0;219149;0;459806;5730922;16345;1787603;0;0;0;99249;1903197;0;0;0;0;277770;277770;2180967;110000;2110000;974199;355756;0;0;3549955;5730922;
543;890400305;2019-12-31;2018;MILES;1973892;287554;2796167;102287;5159900;268189;0;0;181262;0;449451;5609351;9891;1921084;0;0;0;176930;2107905;0;0;0;0;38498;38498;2146403;110000;2110000;974199;268749;0;0;3462948;5609351;
544;800241849;2019-12-31;2019;MILES;268322;3833790;6739439;248355;11089906;6384759;9572161;0;-9503425;9572161;16025656;27115562;170087;913054;0;152235;106968;225;1342569;6816657;11955246;78224;3436003;0;22286130;23628699;1014288;0;2707144;1323718;0;-1558287;3486863;27115562;
545;800241849;2019-12-31;2018;MILES;2437739;3584230;6816762;250939;13089670;6626135;6577001;0;-5092921;6577001;14687216;27776886;392051;3195162;0;530423;3705832;205369;8028837;6937699;8828605;0;0;0;15766304;23795141;1014288;0;2707144;2460313;0;-2200000;3981745;27776886;
546;900387909;2019-12-31;2019;MILES;4248266;31851125;55989237;4498734;96587362;774019;0;0;0;0;774019;97361381;0;23055524;0;240960;174553;0;23471037;0;69195240;0;0;0;69195240;92666277;20000;0;0;-50740408;0;55415512;4695104;97361381;
547;900387909;2019-12-31;2018;MILES;2035039;29777191;59600598;18918143;110330971;758015;0;0;0;0;758015;111088986;0;31946408;0;562281;325812;0;32834501;0;68412802;0;0;0;68412802;101247303;20000;0;0;-43936517;0;53758200;9841683;111088986;
548;830006185;2019-12-31;2019;MILES;1356806;4152282;11149865;0;16658953;570388;0;0;83322;0;653710;17312663;0;6906602;0;99956;82292;0;7088850;0;0;0;0;0;0;7088850;6608930;244632;461138;417070;0;2492043;10223813;17312663;
549;830006185;2019-12-31;2018;MILES;1033528;4062417;9674752;0;14770697;695040;0;0;0;0;695040;15465737;0;5117758;0;62090;109606;0;5289454;0;0;0;0;0;0;5289454;6608930;244632;441179;269180;0;2612362;10176283;15465737;
550;830020791;2019-12-31;2019;MILES;283511;4731315;562846;0;5577672;0;0;0;0;0;0;5577672;0;30404;0;0;18280;0;48684;0;0;0;0;0;0;48684;3027500;67179;463917;121689;0;1848703;5528988;5577672;
551;830020791;2019-12-31;2018;MILES;567970;4653416;303883;0;5525269;0;0;0;0;0;0;5525269;0;27939;0;0;29541;0;57480;0;0;0;0;0;0;57480;3027500;67179;450838;26977;0;1895295;5467789;5525269;
552;860074450;2019-12-31;2019;MILES;21756169;40475317;127006428;184351096;373589010;675678451;2383121;0;37222941;2383121;717667634;1091256644;4570581;162503106;12867761;4208799;22397751;0;206547998;27587837;0;41645429;0;32917927;102151193;308699191;149450143;0;89934386;543172924;0;0;782557453;1091256644;
553;860074450;2019-12-31;2018;MILES;157511971;5909491;127370848;138622428;429414738;629433886;2014301;0;8446763;2014301;641909251;1071323989;0;141801243;12764558;3276013;76854189;0;234696003;0;0;43405605;0;26397442;69803047;304499050;149450143;0;89934386;527440410;0;0;766824939;1071323989;
554;900326706;2019-12-31;2019;MILES;808076;2477801;10724743;1844266;15854886;34867361;0;0;2021266;0;36888627;52743513;3241450;2612705;0;0;661095;1059867;7575117;1844168;0;1133238;0;1799604;4777010;12352127;32592725;0;5647370;2151291;0;0;40391386;52743513;
555;900326706;2019-12-31;2018;MILES;415481;3543261;28014540;8825817;40799099;34638804;0;0;2066058;0;36704862;77503961;2426029;19148330;0;0;1545712;1143004;24263075;1294045;0;877872;0;1153647;3325564;27588639;32592725;0;14281282;3041315;0;0;49915322;77503961;
556;800157130;2019-12-31;2019;MILES;490049;3539130;36479095;13473614;53981888;6566944;20354629;4088532;-11285631;20354629;40079103;94060991;0;31428867;0;497354;1318011;58759;33302991;0;15403038;1246210;0;0;16649248;49952239;160121;3066475;0;40882156;0;0;44108752;94060991;
557;800157130;2019-12-31;2018;MILES;281830;1131846;29004002;14487961;44905639;4541244;20549060;4088532;-19733046;20549060;29994850;74900489;0;27975532;0;366781;721540;30607;29094460;0;13433719;796076;0;0;14229795;43324255;3226596;0;0;28349638;0;0;31576234;74900489;
558;890310041;2019-12-31;2019;MILES;290613;0;2886;0;293499;5931946;0;0;4997260;0;10929206;11222705;0;924;0;16819;70051;0;87794;0;0;1260962;0;0;1260962;1348756;1441303;39683;0;8392963;0;0;9873949;11222705;
559;890310041;2019-12-31;2018;MILES;59057;0;314;0;59371;5936809;0;0;4983270;0;10920079;10979450;0;1353;0;14028;12995;5199;33575;0;0;1288624;0;0;1288624;1322199;1441303;39683;0;8176265;0;0;9657251;10979450;
560;890900076;2019-12-31;2019;MILES;8465490;3268479;11328436;15908854;38971259;866938760;97450;0;11478922;97450;878612582;917583841;109279970;36103648;2212926;11017527;16202464;0;174816535;186317951;0;51840773;0;7385420;245544144;420360679;62578471;0;100150491;111564664;0;222929536;497223162;917583841;
561;890900076;2019-12-31;2018;MILES;10190951;852751;8586535;12574379;32204616;659614880;856365;0;6525745;856365;667853355;700057971;53710542;38012942;434368;7981661;17528300;0;117667813;116588000;0;47503597;0;6336231;170427828;288095641;63197669;0;100154852;94260206;0;154349603;411962330;700057971;
562;800022398;2019-12-31;2019;MILES;726984;1110402;3642864;839833;6320083;20125864;0;0;3681161;0;23807025;30127108;160;2332813;0;0;509773;0;2842746;0;5369531;3090725;0;0;8460256;11303002;51000;0;387734;13182191;0;5203181;18824106;30127108;
563;800022398;2019-12-31;2018;MILES;446433;649778;208411;735641;2040263;19552058;84958;0;3550892;84958;23272866;25313129;0;481583;0;0;128549;949207;1559339;0;0;2595134;0;3374889;5970023;7529362;51000;0;387734;12141852;0;5203181;17783767;25313129;
564;900078437;2019-12-31;2019;MILES;702189;463176;10130314;3389614;14685293;221920;0;0;1118008;0;1339928;16025221;0;7433774;161892;629294;0;590362;8815322;2900000;0;0;0;131649;3031649;11846971;150000;0;2298911;1729339;0;0;4178250;16025221;
565;900078437;2019-12-31;2018;MILES;2298987;752941;9039928;2402825;14494681;150608;0;0;589209;0;739817;15234498;2900000;8022090;110295;952125;0;198823;12183333;0;0;0;0;0;0;12183333;150000;0;944817;1956348;0;0;3051165;15234498;
566;900354148;2019-12-31;2019;MILES;183459;15555;15182;0;214196;0;52608;0;-52608;52608;52608;266804;0;2892;0;0;0;0;2892;0;19406815;0;0;0;19406815;19409707;19705;0;0;-53324403;0;34161795;-19142903;266804;
567;900354148;2019-12-31;2018;MILES;121;15465;13320;0;28906;0;50237;0;-50237;50237;50237;79143;0;4628;0;0;0;0;4628;0;27141937;0;0;0;27141937;27146565;19705;0;0;-50736691;0;23649564;-27067422;79143;
568;890301163;2019-12-31;2019;MILES;275869;3519698;7677;1321180;5124424;9523;85423371;0;-85394853;85423371;85461412;90585836;443800;43169978;0;82795;919102;0;44615675;30000000;0;279564;0;1064670;31344234;75959909;25000;0;14437208;163719;0;0;14625927;90585836;
569;890301163;2019-12-31;2018;MILES;328228;1823466;25519557;0;27671251;9523;51969573;0;-51872233;51969573;52076436;79747687;498533;28343709;0;71535;5323090;0;34236867;30000000;0;0;0;953577;30953577;65190444;25000;0;14145730;386513;0;0;14557243;79747687;
570;860051688;2019-12-31;2019;MILES;1313071;1072865;4906031;11778713;19070680;12230555;0;0;0;0;12230555;31301235;338744;1488323;0;147457;438049;397386;2809959;9383120;2746585;0;804213;570265;13504183;16314142;2200000;0;986977;7289591;0;4510525;14987093;31301235;
571;860051688;2019-12-31;2018;MILES;421142;999894;5035749;12596892;19053677;12205066;0;0;0;0;12205066;31258743;139838;1426387;0;89987;698181;133431;2487824;10008147;2746585;0;804213;570264;14129209;16617033;2200000;0;968778;6962407;0;4510525;14641710;31258743;
572;890113508;2019-12-31;2019;MILES;638825;57908;6179163;4729204;11605100;14540267;0;0;0;0;14540267;26145367;2710919;3813616;0;0;0;0;6524535;2183652;249369;1376950;0;0;3809971;10334506;1500000;3282000;675537;10353324;0;0;15810861;26145367;
573;890113508;2019-12-31;2018;MILES;876080;0;7087403;4716933;12680416;14424409;0;0;0;0;14424409;27104825;3716579;4455376;0;0;0;0;8171955;1227282;2029719;0;0;0;3257001;11428956;1500000;3282000;599202;10294667;0;0;15675869;27104825;
574;811025289;2019-12-31;2019;MILES;3342413;2079172;60872492;57207413;123501490;168106508;380654;0;79282186;380654;248150002;371651492;7114255;100048988;0;10808592;9566809;5872747;133411391;0;0;0;17330688;28920554;46251242;179662633;1599702;3588065;145595921;41205171;0;0;191988859;371651492;
575;811025289;2019-12-31;2018;MILES;1741487;1989111;42393203;50159414;96283215;144753945;394391;0;23362938;394391;168905665;265188880;5574482;88319815;0;7057051;6681843;74752;107707943;0;0;0;8102761;2766015;10868776;118576719;1599702;3588065;106584771;34839623;0;0;146612161;265188880;
576;830126204;2019-12-31;2019;MILES;6721216;0;20840821;765391;28327428;7312380;0;47403814;2724822;0;57441016;85768444;7194984;17074754;0;0;4958112;0;29227850;41611035;0;0;0;0;41611035;70838885;831230;0;338996;13759333;0;0;14929559;85768444;
577;830126204;2019-12-31;2018;MILES;10152392;0;22875251;860870;33888513;7685156;0;0;3074612;0;10759768;44648281;0;20426475;0;0;6761971;0;27188446;0;0;0;0;0;0;27188446;831230;0;338996;16289609;0;0;17459835;44648281;
578;900362408;2019-12-31;2019;MILES;19667;0;2049160;0;2068827;881853;6465243;0;-6125346;6465243;7686993;9755820;2225393;5347005;0;93063;84968;0;7750429;1278774;0;0;0;0;1278774;9029203;480000;2357437;0;-2110820;0;0;726617;9755820;
579;900362408;2019-12-31;2018;MILES;398329;0;1856143;0;2254472;99836;7037689;0;-6713985;7037689;7461229;9715701;1046577;4048155;0;83756;31224;0;5209712;1230269;0;0;0;0;1230269;6439981;480000;2357437;0;438283;0;0;3275720;9715701;
580;860017005;2019-12-31;2019;MILES;1331158;4112574;138531015;110883423;254858170;173987842;0;100007897;21203772;0;295199511;550057681;79863169;65023039;4943905;2376957;10380297;10306212;172893579;565592;0;33854025;0;0;34419617;207313196;61684234;3124728;21529681;17344676;0;239061166;342744485;550057681;
581;860017005;2019-12-31;2018;MILES;3338880;3419811;110327512;87310225;204396428;249073265;0;27470673;14739785;0;291283723;495680151;53119756;37768395;5321819;4074458;9240096;6534339;116058863;6888091;0;32298871;0;0;39186962;155245825;61684234;3124728;19814690;16778804;0;239031870;340434326;495680151;
582;900319372;2019-12-31;2019;MILES;18290159;15877534;56912423;19168630;110248746;75512313;0;406944;9155740;0;85074997;195323743;8655;36030490;0;1098956;1545655;974931;39658687;0;0;8458873;0;406288;8865161;48523848;39808019;131378999;0;-31648511;0;7261388;146799895;195323743;
583;900319372;2019-12-31;2018;MILES;38753963;10350290;27844813;16369774;93318840;76091268;0;406944;14290432;0;90788644;184107484;21581;31742271;0;938044;1210415;401806;34314117;0;0;8857467;0;54642;8912109;43226226;39808019;131378999;0;-37567149;0;7261389;140881258;184107484;
584;830002397;2019-12-31;2019;MILES;5975043;244510;7580308;0;13799861;130706;0;0;52704;0;183410;13983271;0;821647;385664;873089;539765;435570;3055735;0;0;0;0;0;0;3055735;289870;0;5173917;5463749;0;0;10927536;13983271;
585;830002397;2019-12-31;2018;MILES;1665040;143965;9650015;0;11459020;25718;0;0;100874;0;126592;11585612;0;785879;208955;670893;481150;523286;2670163;0;0;0;0;0;0;2670163;289870;0;5173917;3451662;0;0;8915449;11585612;
586;900545564;2019-12-31;2019;MILES;855630;1807;2824896;16079692;19762025;0;2200597;0;-2200597;2200597;2200597;21962622;0;13166788;0;0;0;0;13166788;0;7168940;0;531855;0;7700795;20867583;50000;0;25000;1020039;0;0;1095039;21962622;
587;900545564;2019-12-31;2018;MILES;850903;17548;809384;24386913;26064748;0;718500;0;-718500;718500;718500;26783248;0;16785671;0;0;0;0;16785671;0;8950898;0;342154;0;9293052;26078723;50000;0;25000;629525;0;0;704525;26783248;
588;860008207;2019-12-31;2019;MILES;9697132;2081765;18888357;0;30667254;344812;0;0;15712555;0;16057367;46724621;1473422;10821453;1219156;782656;744859;2063841;17105387;2048715;0;0;0;82862;2131577;19236964;39072;0;2872324;24576261;0;0;27487657;46724621;
589;860008207;2019-12-31;2018;MILES;6706828;2218757;14525874;0;23451459;480344;0;0;9262762;0;9743106;33194565;0;6610391;901966;775961;298629;1293290;9880237;0;0;0;0;98329;98329;9978566;39072;0;2872324;20304603;0;0;23215999;33194565;
590;890900342;2019-12-31;2019;MILES;173388;785397;1834144;2334770;5127699;20038378;0;0;30031;0;20068409;25196108;1207575;1461034;0;0;148326;1688801;4505736;3693344;0;2357582;0;0;6050926;10556662;1616565;883438;554744;-2007147;0;13591846;14639446;25196108;
591;890900342;2019-12-31;2018;MILES;105594;343756;1665595;2110059;4225004;20540850;0;0;0;0;20540850;24765854;784755;1734308;0;0;230146;257447;3006656;2937237;1365669;2449419;0;0;6752325;9758981;1616565;883438;554744;-1552146;0;13504272;15006873;24765854;
592;900536058;2019-12-31;2019;MILES;7080087;0;3475568;0;10555655;215689;0;372451986;31733583;0;404401258;414956913;0;3075257;0;0;0;97036;3172293;265000000;0;0;0;0;265000000;268172293;1491965;0;0;-30262530;0;175555185;146784620;414956913;
593;900536058;2019-12-31;2018;MILES;5058143;0;2381841;0;7439984;1041601;0;385664536;28345468;0;415051605;422491589;17197917;2788985;0;0;0;101938;20088840;307802083;0;0;0;0;307802083;327890923;1491965;0;0;-22426964;0;115535665;94600666;422491589;
594;900073946;2019-12-31;2019;MILES;1782839;0;1050017;0;2832856;88967;0;0;57444;0;146411;2979267;0;397356;0;0;0;0;397356;0;0;0;0;0;0;397356;463300;0;230793;1887818;0;0;2581911;2979267;
595;900073946;2019-12-31;2018;MILES;827117;0;1184867;0;2011984;91382;0;0;260119;0;351501;2363485;0;451662;0;0;0;0;451662;0;0;0;0;0;0;451662;463300;0;230793;1217730;0;0;1911823;2363485;
596;900073948;2019-12-31;2019;MILES;4762301;0;178548;0;4940849;144172;0;54183847;0;0;54328019;59268868;2707541;768869;0;0;1653892;36405;5166707;10604535;0;4137438;0;0;14741973;19908680;3413944;5889924;2538991;27517329;0;0;39360188;59268868;
597;900073948;2019-12-31;2018;MILES;8503630;0;215870;0;8719500;5493;0;56281330;0;0;56286823;65006323;2707541;665554;0;0;1886311;31805;5291211;13312076;0;3347615;0;0;16659691;21950902;3413944;5889924;2538991;31212562;0;0;43055421;65006323;
598;800081030;2019-12-31;2019;MILES;3062555;1911370;9037525;18341406;32352856;12215650;2786485;1684718;-2695471;2786485;16777867;49130723;16311066;11915733;939712;273710;917206;1329249;31686676;1267438;0;128276;0;748730;2144444;33831120;2350000;2800000;638285;9421007;0;90311;15299603;49130723;
599;800081030;2019-12-31;2018;MILES;3079996;1019458;7681491;17092139;28873084;13385967;1958879;46800;-1881922;1958879;15468603;44341687;14978894;12072667;39698;226417;248048;224955;27790679;2077617;0;542694;0;0;2620311;30410990;2350000;2800000;638285;8052101;0;90311;13930697;44341687;
600;900470141;2019-12-31;2019;MILES;0;908911;404140;0;1313051;21634922;0;0;27855;0;21662777;22975828;0;917666;0;0;101243;0;1018909;0;0;0;0;0;0;1018909;3165818;21093049;0;-2301948;0;0;21956919;22975828;
601;900470141;2019-12-31;2018;MILES;0;639485;0;0;639485;20790723;0;0;42666;0;20833389;21472874;0;734351;0;0;10797;0;745148;0;0;0;0;0;0;745148;2787826;18660636;0;-720736;0;0;20727726;21472874;
602;832010819;2019-12-31;2019;MILES;5947632;295641;4758873;1326373;12328519;11589589;154682;0;-42718;154682;11856235;24184754;0;4384720;0;0;818910;755495;5959125;0;0;1313489;0;1602400;2915889;8875014;13467;0;12110398;3185875;0;0;15309740;24184754;
603;832010819;2019-12-31;2018;MILES;3683061;267779;4663674;1217012;9831526;11202846;113022;0;2204077;113022;13632967;23464493;0;3939892;0;0;1448590;651703;6040185;0;0;1424249;0;380847;1805096;7845281;13467;0;9296959;6308786;0;0;15619212;23464493;
604;830073292;2019-12-31;2019;MILES;2131923;14686;221233;0;2367842;1569244;0;901796;7303889;0;9774929;12142771;0;52997;0;0;9872;202062;264931;0;0;750158;0;0;750158;1015089;3278000;2208684;0;882963;0;4758035;11127682;12142771;
605;830073292;2019-12-31;2018;MILES;2203282;25133;552630;0;2781045;1603647;0;901796;7072850;0;9578293;12359338;0;208266;0;0;47643;350000;605909;0;0;412821;0;0;412821;1018730;3278000;2208684;0;1235872;0;4618052;11340608;12359338;
606;860053966;2019-12-31;2019;MILES;3513084;358538;5918779;369810;10160211;22489962;0;0;8575509;0;31065471;41225682;60267;699471;0;0;124916;445987;1330641;0;0;2036049;0;0;2036049;3366690;730000;1148859;15492300;2198934;0;18288899;37858992;41225682;
607;860053966;2019-12-31;2018;MILES;4861059;545737;4718095;477588;10602479;22922376;0;0;8384151;0;31306527;41909006;143106;1122886;0;0;296076;448615;2010683;0;0;1972378;0;0;1972378;3983061;730000;1148859;14466891;3291296;0;18288899;37925945;41909006;
608;860043588;2019-12-31;2019;MILES;251325;282269;3812528;367037;4713159;5310919;0;0;4046860;0;9357779;14070938;492919;1789779;87605;0;89741;1018137;3478181;3415263;0;327278;0;0;3742541;7220722;2256000;0;2098144;2496072;0;0;6850216;14070938;
609;860043588;2019-12-31;2018;MILES;710616;336853;2843285;275475;4166229;4300123;0;0;430118;0;4730241;8896470;1002102;1228996;308120;0;0;976699;3515917;0;0;165185;0;0;165185;3681102;2256000;0;457325;2502043;0;0;5215368;8896470;
610;800174162;2019-12-31;2019;MILES;3174149;2216647;10535524;0;15926320;6092657;0;0;3816148;0;9908805;25835125;968918;3161805;68112;987143;3212483;0;8398461;0;0;672604;0;1510624;2183228;10581689;1602362;202012;151071;13297991;0;0;15253436;25835125;
611;800174162;2019-12-31;2018;MILES;6484062;51879;10211051;0;16746992;3668210;0;0;1149988;0;4818198;21565190;960;3879199;263045;884620;3727302;0;8755126;0;0;977048;0;0;977048;9732174;1602362;202012;151071;9877571;0;0;11833016;21565190;
612;890805453;2019-12-31;2019;MILES;6955364;1725302;16231457;13200360;38112483;23513260;0;0;1311995;0;24825255;62937738;24310;7723878;0;899410;803128;0;9450726;18904;0;4029837;0;0;4048741;13499467;24070280;12618600;13554127;-804736;0;0;49438271;62937738;
613;890805453;2019-12-31;2018;MILES;3741121;105785;16286330;16467751;36600987;21872936;0;0;927076;0;22800012;59400999;10128;9471307;0;863344;3299782;0;13644561;18904;0;4211874;0;0;4230778;17875339;24070280;12618600;3458044;1378736;0;0;41525660;59400999;
614;800205150;2019-12-31;2019;MILES;2085946;233927;5715437;7026841;15062151;4314554;0;2676821;0;0;6991375;22053526;4427416;3984424;0;75856;298581;0;8786277;0;0;135991;0;0;135991;8922268;3000000;0;542669;8163054;0;1425535;13131258;22053526;
615;800205150;2019-12-31;2018;MILES;769662;1088968;7907385;7912633;17678648;4132573;0;2469789;0;0;6602362;24281010;8627620;4705210;0;87107;488014;0;13907951;0;0;103485;0;0;103485;14011436;3000000;0;542669;5678081;0;1048824;10269574;24281010;
616;900112154;2019-12-31;2019;MILES;207908;0;3074341;7285025;10567274;13473652;644756;0;321627;644756;15084791;25652065;3059539;2438564;30000;87840;159663;5863625;11639231;1560000;0;891908;0;568829;3020737;14659968;2700000;1528000;16932;-1280002;0;8027167;10992097;25652065;
617;900112154;2019-12-31;2018;MILES;512138;0;796065;7180946;8489149;13546511;687813;0;206664;687813;15128801;23617950;2481600;1279614;20000;81664;87357;6388193;10338428;1360000;0;891907;0;137770;2389677;12728105;2700000;1528000;16932;-1382254;0;8027167;10889845;23617950;
618;860000751;2019-12-31;2019;MILES;30452420;6765535;107255890;44782759;189256604;59899649;0;0;78725180;0;138624829;327881433;584828;128646489;8084744;5429590;0;0;142745651;0;0;10092591;0;927000;11019591;153765242;5723561;0;130158899;38233731;0;0;174116191;327881433;
619;860000751;2019-12-31;2018;MILES;38030140;2466098;89859367;45636984;175992589;53280385;0;0;79540906;0;132821291;308813880;0;119479010;4648880;5616603;1418203;63794;131226490;0;0;9436602;0;1141477;10578079;141804569;5723561;0;118612067;42673683;0;0;167009311;308813880;
620;802010521;2019-12-31;2019;MILES;1432060;863643;2158050;14104922;18558675;8912028;0;0;400915;0;9312943;27871618;3378346;14430615;0;0;0;0;17808961;242579;0;2019086;144083;0;2405748;20214709;6652395;0;3171692;-2167178;0;0;7656909;27871618;
621;802010521;2019-12-31;2018;MILES;412397;509753;4576196;8837421;14335767;9024709;0;0;522490;0;9547199;23882966;584875;12793169;0;0;0;0;13378044;226784;0;2154609;845428;0;3226821;16604865;6652395;0;3171692;-2545986;0;0;7278101;23882966;
622;860074358;2019-12-31;2019;MILES;11101447;4249895;33492243;26663728;75507313;21082800;0;0;14482292;0;35565092;111072405;3562680;34925986;0;1648853;909082;7673119;48719720;3056368;0;3460501;0;369047;6885916;55605636;28345259;1790104;8101180;17230226;0;0;55466769;111072405;
623;860074358;2019-12-31;2018;MILES;2898750;1931330;30034658;27166185;62030923;21729161;0;0;15557414;0;37286575;99317498;6359279;31503580;0;1248603;1064713;3504663;43680838;5119231;0;2791190;0;300000;8210421;51891259;28345259;1790104;6647336;10643540;0;0;47426239;99317498;
624;830027960;2019-12-31;2019;MILES;1773747;237861;5130671;0;7142279;161086;15419820;251312;-15370749;15419820;15881289;23023568;4065272;788111;0;227852;649315;534017;6264567;2245636;0;0;0;0;2245636;8510203;6826780;1379202;1752094;4555289;0;0;14513365;23023568;
625;830027960;2019-12-31;2018;MILES;699058;1353330;6438711;0;8491099;187251;13872699;251312;-13811811;13872699;14372150;22863249;4847626;501535;0;247211;600349;496598;6693319;1759165;0;0;0;0;1759165;8452484;6826780;1378400;1801409;4404176;0;0;14410765;22863249;
626;900352525;2019-12-31;2019;MILES;337309;354048;3295492;2657456;6644305;13177;0;9433960;16264;0;9463401;16107706;0;371158;0;0;0;107429;478587;0;11229075;55081;0;0;11284156;11762743;100000;0;50000;4194963;0;0;4344963;16107706;
627;900352525;2019-12-31;2018;MILES;296909;375261;15548;9717403;10405121;20364;0;8905239;16264;0;8941867;19346988;0;273229;0;0;0;6370182;6643411;0;9370733;23579;0;0;9394312;16037723;100000;0;50000;3159265;0;0;3309265;19346988;
628;860015547;2019-12-31;2019;MILES;24648145;60957;161401656;0;186110758;15546910;34050;0;11611896;34050;27226906;213337664;2714360;81652164;0;3929255;8652281;1030220;97978280;6191620;58773757;0;0;0;64965377;162943657;6998794;359689;3618166;39417358;0;0;50394007;213337664;
629;860015547;2019-12-31;2018;MILES;26960079;830914;132650175;0;160441168;13668607;34050;0;2260045;34050;15996752;176437920;0;72706819;0;3567571;8274210;464251;85012851;0;58773757;0;0;0;58773757;143786608;6998794;359689;3618166;21674663;0;0;32651312;176437920;
630;890317831;2019-12-31;2019;MILES;8778678;0;10182371;430198;19391247;19293019;0;0;1124972;0;20417991;39809238;264614;1629544;0;571029;1030906;906802;4402895;0;0;400640;0;2490011;2890651;7293546;3535455;16750;5780170;15745093;0;7438224;32515692;39809238;
631;890317831;2019-12-31;2018;MILES;6478164;0;10567882;329326;17375372;19850030;0;0;803481;0;20653511;38028883;450469;2064765;0;423988;2578901;883125;6401248;0;0;240766;0;2124697;2365463;8766711;3535455;16750;5780170;12633422;0;7296375;29262172;38028883;
632;800227103;2019-12-31;2019;MILES;576130;153065;2765177;335327;3829699;2828491;0;0;2191587;0;5020078;8849777;261921;2967825;167449;0;0;626775;4023970;1728809;0;235829;0;0;1964638;5988608;590000;0;1264988;1006181;0;0;2861169;8849777;
633;800227103;2019-12-31;2018;MILES;234117;211975;2567514;339831;3353437;2882632;0;0;360791;0;3243423;6596860;571388;2935950;114089;0;0;627717;4249144;0;0;110803;0;0;110803;4359947;590000;0;-87424;1734337;0;0;2236913;6596860;
634;890211495;2019-12-31;2019;MILES;1383319;3163;28344;0;1414826;157345;5506250;13897774;-5506250;5506250;19561369;20976195;0;137736;0;0;193423;6749;337908;0;1742036;860597;0;0;2602633;2940541;35729;7809648;12332;10177945;0;0;18035654;20976195;
635;890211495;2019-12-31;2018;MILES;2707528;3524;38373;0;2749425;140333;2354910;13856171;-2354910;2354910;16351414;19100839;0;120330;0;0;156848;62805;339983;0;1344757;639632;0;0;1984389;2324372;35729;7809648;12332;8918758;0;0;16776467;19100839;
636;800073563;2019-12-31;2019;MILES;15548;118805;544918;967883;1647154;2656978;2098097;0;-2092941;2098097;4760231;6407385;0;215615;0;234259;294821;8406;753101;5086;284828;245016;0;0;534930;1288031;573410;324173;893590;3328181;0;0;5119354;6407385;
637;800073563;2019-12-31;2018;MILES;45432;119504;977922;932594;2075452;2867273;2098097;0;-2092936;2098097;4970531;7045983;0;1639578;0;211449;0;13582;1864609;5086;284828;294726;0;0;584640;2449249;573410;324173;893590;2805561;0;0;4596734;7045983;
638;890940677;2019-12-31;2019;MILES;69548;198571;1761900;786723;2816742;3487405;1733083;0;-1715441;1733083;5238130;8054872;0;160860;0;206445;209378;7683;584366;1194;55527;321770;0;212986;591477;1175843;49597;466149;2368253;3995030;0;0;6879029;8054872;
639;890940677;2019-12-31;2018;MILES;78532;263672;1242247;646818;2231269;3662103;1733083;0;-1718458;1733083;5409811;7641080;0;138415;0;227984;61821;13253;441473;1194;55527;372628;0;136535;565884;1007357;49597;466149;2291477;3826500;0;0;6633723;7641080;
640;800073566;2019-12-31;2019;MILES;49951;157635;303934;2378901;2890421;14525157;40375;0;1218656;40375;15824563;18714984;0;1508943;0;538754;0;21254;2068951;263917;9930433;1585707;0;83996;11864053;13933004;1992333;3974757;27489;-1212599;0;0;4781980;18714984;
641;800073566;2019-12-31;2018;MILES;29377;149555;528892;2787491;3495315;15374362;40375;0;1569493;40375;17024605;20519920;0;3425744;0;529146;0;35322;3990212;263917;9930433;1763496;0;54521;12012367;16002579;1992333;3974757;0;-1449749;0;0;4517341;20519920;
642;800073573;2019-12-31;2019;MILES;152890;561625;547213;6698115;7959843;39284472;128211;0;3840062;128211;43380956;51340799;0;6921097;0;1171142;0;49995;8142234;2075436;22872115;3476377;20069;84156;28528153;36670387;2516414;4474025;10776547;-3096574;0;0;14670412;51340799;
643;800073573;2019-12-31;2018;MILES;154760;440328;7583770;8242021;16420879;36394520;128211;0;3377262;128211;40028204;56449083;0;9252494;0;1112872;0;77393;10442759;2190782;22872115;3999711;20069;15625;29098302;39541061;2516414;4474025;10776547;-858964;0;0;16908022;56449083;
644;900328413;2019-12-31;2019;MILES;2373827;11795524;2100886;0;16270237;2951989;21735559;0;143157401;21735559;189580508;205850745;5578183;0;0;29667;256226;0;5864076;35357139;0;0;0;0;35357139;41221215;110959992;4168301;708249;48792988;0;0;164629530;205850745;
645;900328413;2019-12-31;2018;MILES;25508541;69289;14007577;0;39585407;2283963;0;0;164836214;0;167120177;206705584;3964177;0;0;0;296316;0;4260493;35484436;1639607;0;0;0;37124043;41384536;110959992;4168301;708249;49484506;0;0;165321048;206705584;
646;900309701;2019-12-31;2019;MILES;2386521;983648;6534990;790920;10696079;3850914;0;0;1005886;0;4856800;15552879;0;12294300;257714;0;0;47834;12599848;893473;0;0;0;0;893473;13493321;291700;0;26472;1741386;0;0;2059558;15552879;
647;900309701;2019-12-31;2018;MILES;2372178;690820;8433077;642782;12138857;3400568;0;0;831716;0;4232284;16371141;0;6514168;320709;0;0;639168;7474045;0;0;0;7518067;0;7518067;14992112;291700;0;26472;1060857;0;0;1379029;16371141;
648;900337240;2019-12-31;2019;MILES;16737466;15389;10292285;0;27045140;544255;14265965;0;-14265965;14265965;14810220;41855360;15655439;3628117;0;392255;0;0;19675811;2109087;14776773;253512;0;0;17139372;36815183;3000000;0;542490;1497687;0;0;5040177;41855360;
649;900337240;2019-12-31;2018;MILES;10027722;12922;12562960;0;22603604;68050;15135751;0;-15135751;15135751;15203801;37807405;10953444;2722601;0;298449;0;0;13974494;1502834;16839933;605763;0;0;18948530;32923024;3000000;0;542490;1341891;0;0;4884381;37807405;
650;830125005;2019-12-31;2019;MILES;622361;15197829;1360694;14171568;31352452;94630;0;0;249615;0;344245;31696697;272590;889679;0;101949;133594;11135549;12533361;0;17152323;7206;0;0;17159529;29692890;1500000;0;33663;470144;0;0;2003807;31696697;
651;830125005;2019-12-31;2018;MILES;201397;4521505;1351511;9340021;15414434;108465;0;0;24082;0;132547;15546981;182375;337270;0;150184;130665;4749117;5549611;0;8234659;6201;0;0;8240860;13790471;1500000;0;23031;233479;0;0;1756510;15546981;
652;800177398;2019-12-31;2019;MILES;137528;5613271;3854615;0;9605414;72281;0;0;0;0;72281;9677695;0;275;0;0;55216;0;55491;0;0;0;0;0;0;55491;5378100;48459;426918;400952;0;3367775;9622204;9677695;
653;800177398;2019-12-31;2018;MILES;185638;5536983;3775826;0;9498447;76447;0;0;0;0;76447;9574894;0;275;0;0;87775;0;88050;0;0;0;0;0;0;88050;5378100;48459;394051;193147;0;3473087;9486844;9574894;
654;860402917;2019-12-31;2019;MILES;10320473;0;4176010;0;14496483;0;0;0;425861403;0;425861403;440357886;0;64637;0;0;0;0;64637;0;0;0;0;0;0;64637;609660;430297265;-10147169;17035647;0;2497846;440293249;440357886;
655;860402917;2019-12-31;2018;MILES;12503641;0;3342310;0;15845951;0;0;0;257386329;0;257386329;273232280;0;137190;0;0;0;0;137190;0;0;0;0;0;0;137190;609660;430297265;-173572998;13263317;0;2497846;273095090;273232280;
656;800067861;2019-12-31;2019;MILES;2076568;7982689;36672974;47869966;94602197;261615069;69684;0;689673;69684;262444110;357046307;10372140;24458839;0;1847731;0;2480186;39158896;31986554;0;25415899;0;821392;58223845;97382741;735052;49201880;143515327;58572625;0;7638682;259663566;357046307;
657;800067861;2019-12-31;2018;MILES;2143434;2121793;33664215;41629472;79558914;265586241;92020;0;693590;92020;266463871;346022785;10329462;20285096;0;1572060;0;2806845;34993463;37440816;0;23169056;0;704182;61314054;96307517;693401;34243531;137643319;69496335;0;7638682;249715268;346022785;
658;805024696;2019-12-31;2019;MILES;2490598;91701;12507511;17134532;32224342;3482932;0;0;695999;0;4178931;36403273;7269223;12922205;0;437268;1792561;203408;22624665;7363765;0;360414;0;0;7724179;30348844;2000000;0;361601;3072841;0;619987;6054429;36403273;
659;805024696;2019-12-31;2018;MILES;5426238;38541;8287695;12566853;26319327;3035133;0;0;416623;0;3451756;29771083;7939878;10229819;0;309139;1383813;325155;20187804;4396615;0;299046;0;0;4695661;24883465;2000000;0;299092;2187765;0;400761;4887618;29771083;
660;890939468;2019-12-31;2019;MILES;414664;19781;257831;295390;987666;0;4246933;0;3317210;4246933;11811076;12798742;200000;20431;0;4107;0;0;224538;100000;0;741904;0;1473;843377;1067915;360000;0;7023222;4347605;0;0;11730827;12798742;
661;890939468;2019-12-31;2018;MILES;350704;15643;387114;301816;1055277;0;4423038;0;2623921;4423038;11469997;12525274;200000;16628;0;2940;0;0;219568;300000;0;764256;0;1473;1065729;1285297;360000;0;6650760;4229217;0;0;11239977;12525274;
662;900146342;2019-12-31;2019;MILES;5791816;32008;303416950;0;309240774;380647;0;0;2182431;0;2563078;311803852;519082;296571283;0;393750;1638682;10634358;309757155;1713254;0;0;0;0;1713254;311470409;100000;0;50000;183443;0;0;333443;311803852;
663;900146342;2019-12-31;2018;MILES;14472815;53462;96404895;0;110931172;397817;0;0;82046;0;479863;111411035;0;102498230;0;418074;740524;7451204;111108032;0;0;0;0;0;0;111108032;100000;0;50000;153003;0;0;303003;111411035;
664;800226901;2019-12-31;2019;MILES;630031;1834126;6310784;6991803;15766744;21218727;297582;0;758370;297582;22572261;38339005;2638067;4263460;0;173050;458272;0;7532849;5503290;0;786019;0;0;6289309;13822158;499695;23486;11029269;2369198;0;10595199;24516847;38339005;
665;800226901;2019-12-31;2018;MILES;494062;192115;7204754;6645226;14536157;22497415;280122;0;791029;280122;23848688;38384845;1151261;5969912;0;160442;0;0;7281615;7792931;0;1892062;0;0;9684993;16966608;498747;23486;10467622;561648;0;9866734;21418237;38384845;
666;800007202;2019-12-31;2019;MILES;374352;2135903;7998366;4409563;14918184;10990121;743832;2892568;2559622;743832;17929975;32848159;5157955;5907954;0;255053;0;467332;11788294;1108507;0;1172886;0;1113683;3395076;15183370;870472;4309646;8019042;3029652;0;1435977;17664789;32848159;
667;800007202;2019-12-31;2018;MILES;403886;1072109;7149657;4628262;13253914;12495477;1843291;2892568;-370502;1843291;18704125;31958039;6067951;6355463;0;278789;0;0;12702203;940303;0;1326699;0;0;2267002;14969205;868821;4309646;8769042;1141497;0;1899828;16988834;31958039;
668;900908170;2019-12-31;2019;MILES;45000;442000;3886000;12809000;17182000;0;0;0;0;0;0;17182000;5752000;1092000;0;0;334000;9907000;17085000;0;0;0;0;0;0;17085000;1000;0;0;96000;0;0;97000;17182000;
669;900908170;2019-12-31;2018;MILES;580000;3000;9052000;28293000;37928000;0;0;0;0;0;0;37928000;18517000;5233000;0;0;10000;14175000;37935000;0;0;0;0;0;0;37935000;1000;0;0;-8000;0;0;-7000;37928000;
670;900556545;2019-12-31;2019;MILES;10177;39633;9218391;43707;9311908;0;77490;0;-77490;77490;77490;9389398;0;3962171;0;0;125210;0;4087381;0;630885;0;0;0;630885;4718266;300500;0;73382;4297250;0;0;4671132;9389398;
671;900556545;2019-12-31;2018;MILES;677447;26126;3745895;256247;4705715;0;995042;0;-310150;995042;1679934;6385649;0;3611661;0;12403;64468;0;3688532;0;649941;1098902;0;0;1748843;5437375;300500;0;73382;574392;0;0;948274;6385649;
672;860001710;2019-12-31;2019;MILES;301822;223891;4177669;3220671;7924053;152923;2170143;0;-1751845;2170143;2741364;10665417;14619;1368627;0;162856;377650;268337;2192089;183333;2215830;0;0;1515690;3914853;6106942;2514559;700000;2341698;-997782;0;0;4558475;10665417;
673;860001710;2019-12-31;2018;MILES;263147;702851;1002801;4001149;5969948;247672;2078223;0;-1652410;2078223;2751708;8721656;9470;769176;0;136495;554014;413667;1882822;136696;50000;0;0;1755475;1942171;3824993;2514559;700000;2341698;-659594;0;0;4896663;8721656;
674;800028206;2019-12-31;2019;MILES;7330552;789856;35257140;6899546;50277094;6221499;2508945;0;2560039;2508945;13799428;64076522;289267;7737844;128270;366115;6521;14324446;22852463;5814716;25607262;0;0;12094375;43516353;66368816;3000000;0;542020;-8170820;0;2336506;-2292294;64076522;
675;800028206;2019-12-31;2018;MILES;2797553;3110935;35948929;3042714;44900131;6291255;2633343;0;8577870;2633343;20135811;65035942;5674787;1528243;0;829490;114448;11080851;19227819;13457910;17375044;91298;0;15383515;46307767;65535586;3000000;0;542020;-6378170;0;2336506;-499644;65035942;
676;811024612;2019-12-31;2019;MILES;63492;621300;1915868;40764;2641424;9958058;0;0;259027;0;10217085;12858509;699297;1673677;0;123334;121703;27939;2645950;809098;0;764782;0;0;1573880;4219830;315000;0;100886;1120241;0;7102552;8638679;12858509;
677;811024612;2019-12-31;2018;MILES;89857;722158;1660358;58690;2531063;10045919;0;0;335637;0;10381556;12912619;883324;1692860;0;103282;261286;25548;2966300;637655;0;777968;0;0;1415623;4381923;315000;0;53172;1059972;0;7102552;8530696;12912619;
678;900869003;2019-12-31;2019;MILES;1506210;1114311;8716668;7849897;19187086;19063994;0;0;1577461;0;20641455;39828541;460228;10649758;0;0;14216;0;11124202;27000000;0;0;0;0;27000000;38124202;7500000;0;0;-5795661;0;0;1704339;39828541;
679;900869003;2019-12-31;2018;MILES;6466684;762885;5843047;8589570;21662186;23203903;0;0;2204367;0;25408270;47070456;496825;18355653;0;0;104613;0;18957091;27000000;0;0;0;0;27000000;45957091;7500000;0;0;-6386635;0;0;1113365;47070456;
680;830101217;2019-12-31;2019;MILES;2607727;3585798;20916899;0;27110424;3958374;0;0;3805806;0;7764180;34874604;3629980;4363394;3013791;939237;3297934;1996421;17240757;275600;0;0;0;5996740;6272340;23513097;98138;1300000;889210;9074159;0;0;11361507;34874604;
681;830101217;2019-12-31;2018;MILES;791190;1098460;14916658;0;16806308;3599568;0;0;42982;0;3642550;20448858;2853535;2314988;1275555;681344;2494256;264525;9884203;320072;0;0;0;0;320072;10204275;98138;1300000;735135;8111310;0;0;10244583;20448858;
682;900164755;2019-12-31;2019;MILES;3755100;7208832;421484977;62888245;495337154;1149940043;3852255;0;34257364;3852255;1191901917;1687239071;2715434;88241957;472946;0;16920853;175708;108526898;14257466;1220168;39971220;0;0;55448854;163975752;64550000;903042831;124551742;431118746;0;0;1523263319;1687239071;
683;900164755;2019-12-31;2018;MILES;875317;6189221;360182128;53219003;420465669;1155227899;2991279;0;19432291;2991279;1180642748;1601108417;0;73585839;120123;0;11606729;1644520;86957211;0;2132317;35469617;0;500543;38102477;125059688;64550000;903042831;124551742;383904156;0;0;1476048729;1601108417;
684;900481621;2019-12-31;2019;MILES;2945635;4221703;1491819;0;8659157;230411;39129028;0;-37140164;39129028;41348303;50007460;36330262;11720187;0;373964;1320951;718399;50463763;0;0;0;0;1257262;1257262;51721025;1100000;0;2216539;-5030104;0;0;-1713565;50007460;
685;900481621;2019-12-31;2018;MILES;1511314;3465452;21204730;0;26181496;66914;34681960;0;-34597932;34681960;34832902;61014398;34749250;28443359;0;259868;866837;0;64319314;0;0;0;0;0;0;64319314;1100000;0;2216539;-6621455;0;0;-3304916;61014398;
686;900495129;2019-12-31;2019;MILES;10217118;6505773;47864309;3887612;68474812;254855174;0;0;9637670;0;264492844;332967656;2883883;55870860;0;0;0;15416523;74171266;63837288;0;21814900;0;5110755;90762943;164934209;17690;0;13266954;23699323;0;131049480;168033447;332967656;
687;900495129;2019-12-31;2018;MILES;15430844;5594019;18858532;2995119;42878514;245031817;0;0;9502326;0;254534143;297412657;35609481;41343461;0;0;0;24034294;100987236;23643060;0;13099880;0;3571479;40314419;141301655;17690;0;14488939;5183846;0;136420527;156111002;297412657;
688;890105927;2019-12-31;2019;MILES;176021;0;118837496;43320878;162334395;185182873;0;0;257951;0;185440824;347775219;96050079;65976482;0;2512558;2101600;0;166640719;0;0;9826361;0;0;9826361;176467080;2407389;35540808;51544291;81815651;0;0;171308139;347775219;
689;890105927;2019-12-31;2018;MILES;60750;0;105815553;33635515;139511818;183812592;0;0;6792777;0;190605369;330117187;90607073;67070751;0;2055766;2649277;0;162382867;0;0;13550621;0;0;13550621;175933488;2407389;35540808;38350651;77884851;0;0;154183699;330117187;
690;805026666;2019-12-31;2019;MILES;1143382;2051452;15159878;20672069;39026781;5443198;4370118;0;-4095858;4370118;10087576;49114357;8555291;10014835;0;700859;1894939;17075;21182999;10275258;1440648;0;0;0;11715906;32898905;147400;189600;1153123;14725329;0;0;16215452;49114357;
691;805026666;2019-12-31;2018;MILES;999737;2299129;15667195;16451425;35417486;5614808;3781015;0;-3199832;3781015;9977006;45394492;7934918;7926104;0;642747;1349921;0;17853690;11868059;1326614;0;0;50038;13244711;31098401;147400;189600;1153123;12805968;0;0;14296091;45394492;
692;811043026;2019-12-31;2019;MILES;1236985;299;7510006;5686035;14433325;287594;538114;0;256188;538114;1620010;16053335;3642378;4488669;0;0;876184;30458;9037689;212735;0;77216;0;0;289951;9327640;31053;112643;3634594;2947405;0;0;6725695;16053335;
693;811043026;2019-12-31;2018;MILES;1717080;2848;4668663;4080149;10468740;315099;0;0;178136;0;493235;10961975;3098255;3571848;0;0;326091;48068;7044262;121716;0;38076;0;0;159792;7204054;31053;112643;2358249;1255976;0;0;3757921;10961975;
694;830037495;2019-12-31;2019;MILES;433464;1430670;6469388;25010754;33344276;19887092;0;0;0;0;19887092;53231368;3138355;10656086;0;521011;946370;3230600;18492422;10324977;1208717;529937;0;437867;12501498;30993920;11000000;0;1030853;10206595;0;0;22237448;53231368;
695;830037495;2019-12-31;2018;MILES;786061;2411359;7077838;22494937;32770195;20058541;0;0;4356;0;20062897;52833092;2447424;9393152;0;611093;794980;3592753;16839402;8344985;2193061;529837;0;0;11067883;27907285;11000000;0;1030853;12894954;0;0;24925807;52833092;
696;860014404;2019-12-31;2019;MILES;8835650;2812128;42457738;9187868;63293384;48769995;17599456;0;-17198897;17599456;66770010;130063394;0;39495516;0;1111008;2230574;0;42837098;0;1333333;3555331;0;877481;5766145;48603243;1506891;76157;2593680;68035642;0;9247781;81460151;130063394;
697;860014404;2019-12-31;2018;MILES;5556566;2274129;20015251;8789174;36635120;52530347;27622875;0;-27291822;27622875;80484275;117119395;0;27712276;0;1065689;1640902;0;30418867;0;3500000;3806899;0;809458;8116357;38535224;1506891;76157;2664626;66602152;0;7734345;78584171;117119395;
698;900470136;2019-12-31;2019;MILES;0;897690;13218;0;910908;15774144;0;0;93971;0;15868115;16779023;0;229531;0;0;0;0;229531;0;0;0;0;0;0;229531;2054720;14450313;0;44459;0;0;16549492;16779023;
699;900470136;2019-12-31;2018;MILES;0;1164995;0;0;1164995;13648299;0;0;68535;0;13716834;14881829;0;594533;0;0;6337;0;600870;0;0;0;0;0;0;600870;1776754;12494080;0;10125;0;0;14280959;14881829;
700;860504946;2019-12-31;2019;MILES;6290749;162340;29371;0;6482460;9860786;0;0;0;0;9860786;16343246;0;9783;0;0;55459;0;65242;0;0;1302734;0;0;1302734;1367976;940000;0;470000;13565270;0;0;14975270;16343246;
701;860504946;2019-12-31;2018;MILES;7657179;75237;70127;0;7802543;9976851;0;0;0;0;9976851;17779394;0;2354;1911000;19311;67783;8234;2008682;0;0;599215;0;0;599215;2607897;940000;0;1993513;12237984;0;0;15171497;17779394;
702;900437650;2019-12-31;2019;MILES;568123;2372798;319297;71238;3331456;120812551;48078849;0;-46662154;48078849;170308095;173639551;2622346;1493844;0;1183943;777106;70224793;76302032;22073141;0;0;62921088;0;84994229;161296261;38264060;20091960;161;-46012891;0;0;12343290;173639551;
703;900437650;2019-12-31;2018;MILES;1267203;1476023;47532827;66211;50342264;124951936;55657;0;2383411;55657;127446661;177788925;1326879;1421633;0;622786;600402;93103068;97074768;25117713;0;0;38997000;0;64114713;161189481;38264060;20091960;161;-41756737;0;0;16599444;177788925;
704;890101279;2019-12-31;2019;MILES;9743059;5970898;56539536;77949118;150202611;29400821;2555036;0;-2323389;2555036;32187504;182390115;72485032;29247076;0;0;9058818;970718;111761644;0;7095095;1580;0;221717;7318392;119080036;2248666;0;2652767;58408646;0;0;63310079;182390115;
705;890101279;2019-12-31;2018;MILES;1127460;6195201;60277652;65888456;133488769;28576927;0;0;60530;0;28637457;162126226;68968637;25331024;0;0;8078475;845331;103223467;0;0;1570;0;216998;218568;103442035;2148666;0;2652767;53882758;0;0;58684191;162126226;
706;900339515;2019-12-31;2019;MILES;5312;0;30089;0;35401;0;116478;0;102098033;116478;102330989;102366390;0;63497;0;0;0;0;63497;0;11192217;8021718;0;1601548;20815483;20878980;44045228;44962774;35558735;-43079327;0;0;81487410;102366390;
707;900339515;2019-12-31;2018;MILES;4819;0;56728;0;61547;16892;50991;0;101137957;50991;101256831;101318378;0;88689;0;0;1527;0;90216;0;9854730;8119461;0;1569269;19543460;19633676;44045228;44962774;34795124;-42118424;0;0;81684702;101318378;
708;900176419;2019-12-31;2019;MILES;826;0;16335;0;17161;0;185112;0;37563847;185112;37934071;37951232;0;3807;0;2822;1219;0;7848;0;18692550;2199952;0;1278838;22171340;22179188;109733;0;16725874;-66555651;0;65492088;15772044;37951232;
709;900176419;2019-12-31;2018;MILES;2967;0;3153;0;6120;0;141111;0;37237621;141111;37519843;37525963;0;89527;0;2694;1164;0;93385;0;18197508;1456977;0;1368587;21023072;21116457;109733;0;16557765;-65750080;0;65492088;16409506;37525963;
710;900969198;2019-12-31;2019;MILES;58790484;680607;213725589;334947;273531627;13418926;73717940;0;-46296070;73717940;114558736;388090363;0;107908041;56748;260346;15926796;0;124151931;0;49312500;0;0;0;49312500;173464431;18980043;170667390;0;24978499;0;0;214625932;388090363;
711;900969198;2019-12-31;2018;MILES;34597499;10250861;262279351;528941;307656652;24927490;138059017;0;-122953358;138059017;178092166;485748818;0;165046845;979;624660;0;8513216;174185700;0;123661500;0;0;0;123661500;297847200;18980043;170667390;0;-1745815;0;0;187901618;485748818;
712;811007713;2019-12-31;2019;MILES;3704004;0;271367480;0;275071484;5164817;0;0;508658;0;5673475;280744959;313394;257201381;0;0;0;0;257514775;3921839;0;0;0;0;3921839;261436614;455000;6379399;158207;12315739;0;0;19308345;280744959;
713;811007713;2019-12-31;2018;MILES;369765;0;176305461;0;176675226;2736933;0;0;619473;0;3356406;180031632;397230;168896426;0;0;0;0;169293656;881850;0;0;0;0;881850;170175506;455000;6379399;158207;2863520;0;0;9856126;180031632;
714;800153970;2019-12-31;2019;MILES;3595137;0;12489761;12161438;28246336;5469636;0;0;0;0;5469636;33715972;16554200;3941892;0;219582;0;419944;21135618;0;0;717031;0;0;717031;21852649;3712000;295000;739205;3603922;0;3513196;11863323;33715972;
715;800153970;2019-12-31;2018;MILES;4944431;0;13628584;12234641;30807656;5512268;0;0;0;0;5512268;36319924;19323061;4953945;0;186066;108378;418647;24990097;0;0;701220;0;0;701220;25691317;3712000;295000;679039;2413561;0;3529007;10628607;36319924;
716;901323081;2019-12-31;2019;MILES;4492931;36777;30107;0;4559815;0;0;0;2637000;0;2637000;7196815;0;117201;0;30107;6080;0;153388;0;0;0;0;0;0;153388;7182000;0;0;-138573;0;0;7043427;7196815;
717;901323081;2019-12-31;2018;MILES;0;0;0;0;0;0;0;0;0;0;0;0;0;0;0;0;0;0;0;0;0;0;0;0;0;0;0;0;0;0;0;0;0;0;
718;800152266;2019-12-31;2019;MILES;430751;1132540;318895;66095;1948281;8135816;48843;0;12522609;48843;20756111;22704392;245457;399727;0;389639;0;0;1034823;517115;0;1213031;0;0;1730146;2764969;1041130;767134;9821097;8310062;0;0;19939423;22704392;
719;800152266;2019-12-31;2018;MILES;1398985;744925;1399953;49421;3593284;8190390;248212;0;11481825;248212;20168639;23761923;24654;583701;0;352249;103725;0;1064329;568604;0;1117737;0;0;1686341;2750670;1041130;767134;10599761;8603228;0;0;21011253;23761923;
720;900239850;2019-12-31;2019;MILES;4126736;1470644;6216957;0;11814337;6190711;2427511;1;-2413828;2427511;8631906;20446243;0;3045;1148866;0;131140;0;1283051;0;0;1387795;0;0;1387795;2670846;20000;0;20000;17735397;0;0;17775397;20446243;
721;900239850;2019-12-31;2018;MILES;1667282;1882366;8427505;0;11977153;8663064;400000;1;-146216;400000;9316849;21294002;0;1903;371032;0;128093;0;501028;0;0;2051651;0;0;2051651;2552679;20000;0;20000;18701323;0;0;18741323;21294002;
722;890915815;2019-12-31;2019;MILES;5039137;305428;23189179;6476720;35010464;10139118;0;0;52995;0;10192113;45202577;7610229;513248;0;0;901105;381602;9406184;0;0;932924;0;2621474;3554398;12960582;265000;3993992;302439;16999012;0;10681552;32241995;45202577;
723;890915815;2019-12-31;2018;MILES;5773958;36744;19969519;7590141;33370362;10615904;0;0;21526;0;10637430;44007792;7544113;615959;0;0;1177373;402830;9740275;0;0;929318;0;3663140;4592458;14332733;265000;3993992;302439;14432076;0;10681552;29675059;44007792;
724;860040048;2019-12-31;2019;MILES;456743;0;4926117;75851603;81234463;1047544;0;0;71934;0;1119478;82353941;18709449;1744218;0;269288;72002;19300681;40095638;17044902;0;0;0;0;17044902;57140540;7425000;0;9808934;7979467;0;0;25213401;82353941;
725;860040048;2019-12-31;2018;MILES;538548;0;395914;61355814;62290276;1062770;0;0;95913;0;1158683;63448959;10364857;1511718;0;187895;12706;10609698;22686874;15988910;0;0;0;0;15988910;38675784;7425000;0;9326968;8021207;0;0;24773175;63448959;
726;900180787;2019-12-31;2019;MILES;13359;4583001;589670;8036933;13222963;200327;0;0;0;0;200327;13423290;1004495;564224;0;38065;0;261344;1868128;0;0;0;82369;10965461;11047830;12915958;300000;0;25020;182312;0;0;507332;13423290;
727;900180787;2019-12-31;2018;MILES;33368;2673586;309527;7909954;10926435;6360;0;0;82515;0;88875;11015310;360000;190312;0;47643;6716;160928;765599;0;0;0;77514;9767939;9845453;10611052;300000;0;25020;79238;0;0;404258;11015310;
728;800249313;2019-12-31;2019;MILES;95244619;0;252099848;48936090;396280557;890441771;2196989;2955679;-288937;2196989;897502491;1293783048;0;167272546;31409712;0;42330392;0;241012650;0;0;145529885;0;178588708;324118593;565131243;16766;0;8383;4060321757;0;-3331695101;728651805;1293783048;
729;800249313;2019-12-31;2018;MILES;92002412;0;243627601;53013314;388643327;1188037600;2319719;2930976;-2319719;2319719;1193288295;1581931622;0;200909610;7011600;0;30455759;0;238376969;0;0;243784691;0;130188876;373973567;612350536;16766;0;8383;3877628307;0;-2908072370;969581086;1581931622;
730;900063262;2019-12-31;2019;MILES;46922422;143893;11099394;0;58165709;99020210;0;0;864401138;0;963421348;1021587057;228222;13247987;5465663;0;2573975;2065055;23580902;1332746;0;31335818;0;12938815;45607379;69188281;241273330;1042211524;273120806;-604206884;0;0;952398776;1021587057;
731;900063262;2019-12-31;2018;MILES;21859209;142690;8470595;0;30472494;103943140;0;0;790485637;0;894428777;924901271;144292;25066128;6319790;0;7895264;1874241;41299715;0;0;29839429;0;13940279;43779708;85079423;230061730;829190351;265265350;-528995518;0;44299935;839821848;924901271;
732;900204182;2019-12-31;2019;MILES;6842565;6902225;16710766;21004694;51460250;4205752;0;0;2135539;0;6341291;57801541;1878011;48833089;0;0;2553230;56960;53321290;1794640;0;0;0;0;1794640;55115930;317441;7825368;-6109331;652133;0;0;2685611;57801541;
733;900204182;2019-12-31;2018;MILES;4445839;6990780;17466292;32597648;61500559;377844;0;0;2725199;0;3103043;64603602;8155;61334496;0;0;674887;0;62017538;0;0;0;0;0;0;62017538;317441;7825368;-3682995;-1873750;0;0;2586064;64603602;
734;830040709;2019-12-31;2019;MILES;76924771;3842316;309788;59176;81136051;42797021;0;0;0;0;42797021;123933072;77939769;25776938;82950;11162898;0;700704;115663259;0;0;1694476;0;0;1694476;117357735;203365;0;101683;6270289;0;0;6575337;123933072;
735;830040709;2019-12-31;2018;MILES;65148114;4345011;313487;65528;69872140;38017001;0;0;0;0;38017001;107889141;69859751;19339290;0;9495168;0;757469;99451678;0;0;1879360;0;0;1879360;101331038;203365;0;101683;6253055;0;0;6558103;107889141;
736;900967809;2019-12-31;2019;MILES;660728;1209578;17327394;8255675;27453375;43825780;44705;0;1335951;44705;45251141;72704516;13527025;11711934;0;138911;227181;0;25605051;21605976;0;286551;0;0;21892527;47497578;5018878;11499310;2729620;5959130;0;0;25206938;72704516;
737;900967809;2019-12-31;2018;MILES;1694844;298654;12883015;4470930;19347443;46300987;624119;0;854618;624119;48403843;67751286;11825000;16873774;0;63912;30831;0;28793517;20149250;0;97719;0;0;20246969;49040486;5000000;11499310;0;2211490;0;0;18710800;67751286;
738;830054377;2019-12-31;2019;MILES;1951283;969375;959530;3253497;7133685;834960;0;1463273;1063819;0;3362052;10495737;163;1386324;0;1841101;935344;139471;4302403;0;947668;38013;0;0;985681;5288084;2560000;0;622826;2013003;0;11824;5207653;10495737;
739;830054377;2019-12-31;2018;MILES;885144;645541;3008814;1175916;5715415;885372;0;1493585;1063819;0;3442776;9158191;500574;1409503;0;877513;848670;76267;3712527;0;1374546;49871;0;0;1424417;5136944;2560000;0;552967;896456;0;11824;4021247;9158191;
740;890101553;2019-12-31;2019;MILES;25357705;3742260;120265186;51799634;201164785;5068149;0;0;17236260;0;22304409;223469194;0;120719761;0;9593715;0;0;130313476;0;0;0;0;0;0;130313476;453179;0;50082642;42619897;0;0;93155718;223469194;
741;890101553;2019-12-31;2018;MILES;10088547;2145972;98094853;40067508;150396880;3443907;0;0;17692028;0;21135935;171532815;0;71731506;62701;6012415;0;98641;77905263;0;0;0;0;0;0;77905263;453179;0;50082642;43091731;0;0;93627552;171532815;
742;900084546;2019-12-31;2019;MILES;5508956;551925;3728467;0;9789348;8536648;0;0;134239;0;8670887;18460235;119327;2200598;0;138807;328461;0;2787193;0;4842912;0;0;0;4842912;7630105;393743;11319829;29804;-913246;0;0;10830130;18460235;
743;900084546;2019-12-31;2018;MILES;3974224;744195;3171467;0;7889886;8274576;0;0;30272;0;8304848;16194734;10866;6639593;0;127154;285142;0;7062755;0;0;10333;0;0;10333;7073088;393743;11319829;29804;-2621730;0;0;9121646;16194734;
744;860041662;2019-12-31;2019;MILES;1279807;634976;4381166;2346486;8642435;24838170;58619;2434372;1747412;58619;29137192;37779627;7429306;3678744;14679;928592;401130;329202;12781653;9428293;0;2117668;0;0;11545961;24327614;4819544;0;3225718;1442809;0;3963942;13452013;37779627;
745;860041662;2019-12-31;2018;MILES;710478;167465;4614852;2001357;7494152;22764452;32625;0;1441342;32625;24271044;31765196;5852165;3436702;0;831056;153946;228209;10502078;7446417;0;1621676;0;0;9068093;19570171;4819544;0;378790;3179579;0;3817112;12195025;31765196;
746;830507705;2019-12-31;2019;MILES;695424;2050442;5347998;1104688;9198552;3463798;0;0;3788153;0;7251951;16450503;485275;612516;0;407224;1475391;333703;3314109;6113579;0;384684;0;0;6498263;9812372;2000000;151884;1151466;2698698;0;636083;6638131;16450503;
747;830507705;2019-12-31;2018;MILES;238754;4808105;9235290;1858050;16140199;2045364;0;855688;264450;0;3165502;19305701;6329601;1198812;0;252419;555415;2909;8339156;6482;0;500160;0;0;506642;8845798;2000000;151884;1089362;6582574;0;636083;10459903;19305701;
748;830509987;2019-12-31;2019;MILES;884145;2663873;7566222;468374;11582614;35018272;0;0;1628297;0;36646569;48229183;3002156;14821237;0;0;1160973;1063260;20047626;295641;0;1964107;0;0;2259748;22307374;2500000;0;19181017;4240792;0;0;25921809;48229183;
749;830509987;2019-12-31;2018;MILES;1500;2373503;6661675;459465;9496143;16127530;0;0;1381833;0;17509363;27005506;4058838;18108703;0;0;0;986156;23153697;0;0;0;0;0;0;23153697;2500000;0;1261762;90047;0;0;3851809;27005506;
750;900180815;2019-12-31;2019;MILES;709625;2828371;1293637;1788851;6620484;151352244;0;0;10968925;0;162321169;168941653;6339719;6859935;0;144346;247560;4685953;18277513;68226567;57510608;5947632;0;0;131684807;149962320;3155000;23553000;22516;-37479561;0;29728378;18979333;168941653;
751;900180815;2019-12-31;2018;MILES;546233;2307443;2008925;2266545;7129146;153693834;0;0;8424083;0;162117917;169247063;3612823;3469532;0;139005;1606;1591746;8814712;73473516;58710223;5852986;0;0;138036725;146851437;3155000;23553000;22516;-34063268;0;29728378;22395626;169247063;
752;900377408;2019-12-31;2019;MILES;439;1326;97221;0;98986;2138000;0;0;0;0;2138000;2236986;0;17718;0;0;0;0;17718;0;616857;98915;0;0;715772;733490;200;489907;46864;-62296;0;1028821;1503496;2236986;
753;900377408;2019-12-31;2018;MILES;439;861;78421;0;79721;2138000;0;0;0;0;2138000;2217721;0;14299;0;0;0;0;14299;0;616857;98915;0;0;715772;730071;200;489907;32227;-63505;0;1028821;1487650;2217721;
754;802024009;2019-12-31;2019;MILES;290622;1161942;10834657;0;12287221;2212070;1787643;0;24426357;1787643;30213713;42500934;0;1102020;0;6647;13742;0;1122409;15626606;8525618;0;0;39396;24191620;25314029;5880000;0;43359;11263546;0;0;17186905;42500934;
755;802024009;2019-12-31;2018;MILES;532049;1199763;10378885;0;12110697;2212070;1759542;0;24454458;1759542;30185612;42296309;0;662131;0;2516;10976;0;675623;15604617;7520788;0;0;39029;23164434;23840057;5880000;0;43359;12532893;0;0;18456252;42296309;
756;900997819;2019-12-31;2019;MILES;106909;212542;352732;0;672183;2138270;0;0;114554;0;2252824;2925007;296776;129414;0;34690;0;0;460880;1166337;0;0;0;0;1166337;1627217;1500000;0;50542;-252752;0;0;1297790;2925007;
757;900997819;2019-12-31;2018;MILES;806833;76333;299103;0;1182269;547328;0;0;12217;0;559545;1741814;0;121987;0;25317;0;0;147304;0;0;0;0;0;0;147304;1500000;0;0;94510;0;0;1594510;1741814;
758;890302311;2019-12-31;2019;MILES;611494;1995760;1801634;670867;5079755;5577568;12843096;529623;-12790026;12843096;19003357;24083112;907573;523589;0;294517;180233;7952;1913864;10672486;487004;547075;0;334093;12040658;13954522;98870;0;2809248;7131172;0;89300;10128590;24083112;
759;890302311;2019-12-31;2018;MILES;889833;1594816;1740460;774531;4999640;4929189;12592810;529623;-12545829;12592810;18098603;23098243;838270;248644;0;292824;767957;19812;2167507;10906535;457958;416700;0;505558;12286751;14454258;98870;0;2809248;5646567;0;89300;8643985;23098243;
760;830095890;2019-12-31;2019;MILES;8139286;2870440;31129142;41343521;83482389;50309959;37607293;4073160;-35463167;37607293;94134538;177616927;0;28766467;0;566270;0;1802605;31135342;0;26492733;5521606;0;2801812;34816151;65951493;13191525;0;42789794;38795445;0;16888670;111665434;177616927;
761;830095890;2019-12-31;2018;MILES;11933070;5970294;64240679;30391443;112535486;51296783;383147;3922535;-316871;383147;55668741;168204227;0;51207995;0;697427;0;2089264;53994686;0;0;5665421;0;1276872;6942293;60936979;13191525;0;37884573;39332871;0;16858279;107267248;168204227;
762;890932124;2019-12-31;2019;MILES;187276;754794;7944606;10023826;18910502;17176778;0;0;65151;0;17241929;36152431;1312834;6950506;0;0;514470;0;8777810;5481888;0;0;0;0;5481888;14259698;955000;6368216;477500;11980871;0;2111146;21892733;36152431;
763;890932124;2019-12-31;2018;MILES;239922;644273;7518556;10360577;18763328;15488459;0;0;15163;0;15503622;34266950;1937918;6725696;0;0;0;0;8663614;4125054;0;0;0;0;4125054;12788668;955000;6368216;477500;11566420;0;2111146;21478282;34266950;
764;900535018;2019-12-31;2019;MILES;1508646;14033968;29788922;9027432;54358968;2636851;0;0;11999005;0;14635856;68994824;0;32012519;0;576360;482682;0;33071561;0;1951496;0;0;0;1951496;35023057;63978500;0;0;-30006733;0;0;33971767;68994824;
765;900535018;2019-12-31;2018;MILES;7404739;9715550;29308209;8540457;54968955;313806;0;0;11382623;0;11696429;66665384;0;39327314;0;499784;496936;0;40324034;0;0;0;0;0;0;40324034;50811400;0;0;-24470050;0;0;26341350;66665384;
766;890110188;2019-12-31;2019;MILES;13904826;16080458;151900609;32862441;214748334;523288449;0;50365;0;0;523338814;738087148;1206789;179892135;0;0;20064092;409242;201572258;0;198862983;86337408;0;5364442;290564833;492137091;16990217;19305059;48398652;-7832962;0;169089091;245950057;738087148;
767;890110188;2019-12-31;2018;MILES;11479944;6168691;107393833;28564989;153607457;535756992;0;50365;0;0;535807357;689414814;0;129073730;0;0;8001773;409243;137484746;0;230595566;87005151;0;5483969;323084686;460569432;16990217;19305059;48398652;-24937637;0;169089091;228845382;689414814;
768;900463940;2019-12-31;2019;MILES;0;13019;93988;0;107007;1434918;6229918;0;-6216598;6229918;7678156;7785163;62;2869013;0;0;281400;0;3150475;0;0;0;5876;2753838;2759714;5910189;500000;0;10388;1364586;0;0;1874974;7785163;
769;900463940;2019-12-31;2018;MILES;30838;109964;451767;0;592569;1767045;5120935;0;-5102923;5120935;6905992;7498561;0;2978399;0;6862;322338;0;3307599;2753302;0;0;0;0;2753302;6060901;500000;0;0;937660;0;0;1437660;7498561;
770;860513970;2019-12-31;2019;MILES;56934201;0;48677978;168496224;274108403;177504567;32121544;10499588;-13853203;32121544;238394040;512502443;11208665;52290061;80000;873190;1115397;141517;65708830;90696617;9968710;644064;0;1642020;102951411;168660241;13600000;0;8887700;265997617;0;55356885;343842202;512502443;
771;860513970;2019-12-31;2018;MILES;112457068;0;121727091;74958918;309143077;167426720;20034337;8373044;-12166512;20034337;203701926;512845003;1559;85773081;0;765348;24113830;60937;110714755;109461130;0;6113079;0;1302972;116877181;227591936;13600000;0;8887700;211650825;0;51114542;285253067;512845003;
772;822006904;2019-12-31;2019;MILES;580611;68659;7002;96821;753093;10233669;0;0;10218;0;10243887;10996980;7171;165768;0;37834;172836;0;383609;0;0;1581928;0;0;1581928;1965537;4060000;0;168702;-1278646;0;6081387;9031443;10996980;
773;822006904;2019-12-31;2018;MILES;445240;109860;100896;107916;763912;9702281;0;0;859;0;9703140;10467052;24536;210130;0;32780;180758;0;448204;0;0;1576223;0;0;1576223;2024427;4060000;0;159836;-1299125;0;5521914;8442625;10467052;
774;900268901;2019-12-31;2019;MILES;11267082;29656597;196891128;21379851;259194658;744247;0;0;9246962;0;9991209;269185867;913;353093237;29093729;435002;0;0;382622881;0;0;9130365;1921;49744996;58877282;441500163;20000;0;59860022;-901007182;0;668812864;-172314296;269185867;
775;900268901;2019-12-31;2018;MILES;24838983;43716866;117869363;34566282;220991494;82567156;0;0;145355386;0;227922542;448914036;60913;295924997;22178423;467084;0;0;318631417;0;0;18903694;0;27690914;46594608;365226025;20000;0;110092169;-695237022;0;668812864;83688011;448914036;
776;900839702;2019-12-31;2019;MILES;3621249;3821148;437401498;0;444843895;1704965;0;0;12013664;0;13718629;458562524;329641817;5396940;42082;690489;1297453;0;337068781;0;0;0;0;0;0;337068781;4500000;140527017;0;-23533274;0;0;121493743;458562524;
777;900839702;2019-12-31;2018;MILES;58188531;1437581;338510044;0;398136156;956686;0;0;11189839;0;12146525;410282681;279017849;3853465;30037;774041;1214097;0;284889489;0;0;0;0;0;0;284889489;4500000;140527017;0;-19633825;0;0;125393192;410282681;
778;900088875;2019-12-31;2019;MILES;3646897;525023;31957593;4835971;40965484;4452890;0;0;9495278;0;13948168;54913652;7229924;23527576;2412184;1863312;2360734;797170;38190900;0;0;0;0;266802;266802;38457702;255260;0;14345896;1854794;0;0;16455950;54913652;
779;900088875;2019-12-31;2018;MILES;1539741;3783059;28528415;4509322;38360537;3547927;0;0;5204301;0;8752228;47112765;6976052;23718939;2421432;1433357;1106131;0;35655911;0;0;17928;0;0;17928;35673839;255260;0;11422049;-238383;0;0;11438926;47112765;
780;800024265;2019-12-31;2019;MILES;3315160;1015872;13041943;1544419;18917394;381440;0;0;1692446;0;2073886;20991280;0;4409949;1158877;590782;83893;305917;6549418;0;0;0;0;51772;51772;6601190;1819109;4158574;1667527;6744880;0;0;14390090;20991280;
781;800024265;2019-12-31;2018;MILES;3773373;1122991;14268850;1800505;20965719;380199;0;0;1952374;0;2332573;23298292;0;4040266;1270889;654143;101902;72102;6139302;0;0;0;0;0;0;6139302;1819109;4158574;2774801;8406506;0;0;17158990;23298292;
782;900320612;2019-12-31;2019;MILES;82793300;200416721;299329309;0;582539330;18845334;0;0;62955930;0;81801264;664340594;6917326;456404863;0;47485749;0;56852024;567659962;9359154;0;0;0;5194296;14553450;582213412;47785198;211410000;0;-177068016;0;0;82127182;664340594;
783;900320612;2019-12-31;2018;MILES;69805180;207080872;296355844;0;573241896;5408157;0;0;57643772;0;63051929;636293825;1143480;621076313;0;44247758;0;49746123;716213674;0;0;0;0;3830641;3830641;720044315;24295198;0;0;-108045688;0;0;-83750490;636293825;
784;890212673;2019-12-31;2019;MILES;1985553;528491;11604232;12754393;26872669;30913944;2415213;1373521;11893545;2415213;49011436;75884105;13296057;10917209;0;367930;45613;0;24626809;14731730;0;1639968;0;0;16371698;40998507;4240000;0;1614064;25211920;0;3819614;34885598;75884105;
785;890212673;2019-12-31;2018;MILES;4230200;338697;10787185;11512133;26868215;28646080;3745432;4013883;6750391;3745432;46901218;73769433;18147153;8529221;7166;384420;145137;0;27213097;13642736;0;1351543;0;0;14994279;42207376;4240000;0;1482341;22934747;0;2904969;31562057;73769433;
786;811023371;2019-12-31;2019;MILES;2004863;2671656;15662438;9620064;29959021;53843840;435481;0;4131053;435481;58845855;88804876;5143949;12302499;0;723122;249470;1176662;19595702;5317284;0;0;1435806;0;6753090;26348792;103000;0;51500;22371742;0;39929842;62456084;88804876;
787;811023371;2019-12-31;2018;MILES;1423679;1842206;15898497;6613646;25778028;54523397;256998;0;-219384;256998;54818009;80596037;6565464;11602181;0;634629;503296;999748;20305318;6691067;0;0;1264429;0;7955496;28260814;103000;0;51500;22064175;0;30116548;52335223;80596037;
788;901033366;2019-12-31;2019;MILES;1742952;110687;20240430;0;22094069;24800442;0;0;4063149;0;28863591;50957660;0;2378382;0;2093494;0;512994;4984870;0;0;23423072;0;0;23423072;28407942;17644041;0;549781;4355896;0;0;22549718;50957660;
789;901033366;2019-12-31;2018;MILES;2470469;131045;23659053;0;26260567;6597984;0;0;2342385;0;8940369;35200936;0;5032037;1482970;3842112;1308304;946587;12612010;0;0;72034;0;0;72034;12684044;17644041;0;0;4872851;0;0;22516892;35200936;
790;860027917;2019-12-31;2019;MILES;7049168;0;17710336;8303347;33062851;20414457;0;0;978272;0;21392729;54455580;0;1797528;0;0;0;2335153;4132681;45000;0;6319746;0;0;6364746;10497427;1550000;0;863949;39129168;0;2415036;43958153;54455580;
791;860027917;2019-12-31;2018;MILES;9062280;0;15553313;7416720;32032313;20877269;0;0;1012557;0;21889826;53922139;0;3607616;0;0;0;1788653;5396269;45000;0;6638686;0;0;6683686;12079955;1550000;0;848949;37028199;0;2415036;41842184;53922139;
792;900354990;2019-12-31;2019;MILES;1394;2198;146;0;3738;2093092;0;0;0;0;2093092;2096830;0;276301;0;0;0;0;276301;0;1566031;21616;0;0;1587647;1863948;283;1329210;33766;-1411724;0;281347;232882;2096830;
793;900354990;2019-12-31;2018;MILES;1394;1389;146;0;2929;2093092;0;0;0;0;2093092;2096021;0;311311;0;0;0;0;311311;0;1566031;21616;0;0;1587647;1898958;283;1329210;0;-1413777;0;281347;197063;2096021;
794;900897069;2019-12-31;2019;MILES;344932;2088634;1043594;113025;3590185;6651263;23000;0;-23000;23000;6674263;10264448;443481;1310449;0;0;0;13204;1767134;1556073;2493004;209046;0;18380;4276503;6043637;200000;0;2669176;1351635;0;0;4220811;10264448;
795;900897069;2019-12-31;2018;MILES;79571;1808817;1937310;158200;3983898;5220155;18097;0;-18097;18097;5238252;9222150;10650;2845808;0;0;255105;31164;3142727;0;2385654;235570;0;10137;2631361;5774088;200000;0;1061751;2186311;0;0;3448062;9222150;
796;830142761;2019-12-31;2019;MILES;514009;3882767;36479581;16785126;57661483;44829617;0;0;1766594;0;46596211;104257694;16341110;28144349;0;0;794712;5967;45286138;24837496;0;3384549;0;9;28222054;73508192;10000000;1074004;4724259;14951239;0;0;30749502;104257694;
797;830142761;2019-12-31;2018;MILES;2261915;2257111;10527704;20381007;35427737;40127796;0;0;1263836;0;41391632;76819369;1980140;20516966;0;0;1185997;46519;23729622;27328991;0;2932437;0;9;30261437;53991059;8806060;1074004;4724259;8223987;0;0;22828310;76819369;
798;890304806;2019-12-31;2019;MILES;9835555;1103740;16822409;0;27761704;2633785;0;1274386;7829912;0;11738083;39499787;326228;4713266;0;945138;1410179;20608461;28003272;6608285;0;0;0;264579;6872864;34876136;274728;1163861;3927764;-742702;0;0;4623651;39499787;
799;890304806;2019-12-31;2018;MILES;10849197;610957;15157635;0;26617789;875831;0;1288434;762387;0;2926652;29544441;33346;4359161;0;725620;62254;18831428;24011809;0;0;0;0;166279;166279;24178088;274728;1163861;2626086;1301678;0;0;5366353;29544441;
800;900102580;2019-12-31;2019;MILES;3522017;759424;1510657;3140483;8932581;47868;0;0;40000;0;87868;9020449;31932;12497628;0;52092;117516;0;12699168;0;0;0;0;0;0;12699168;8690000;18170000;0;-30538719;0;0;-3678719;9020449;
801;900102580;2019-12-31;2018;MILES;3330794;512917;871333;1186998;5902042;17515;0;0;40000;0;57515;5959557;31557;9783100;0;54276;86648;0;9955581;0;0;0;0;0;0;9955581;8690000;18170000;0;-30856024;0;0;-3996024;5959557;
802;900363820;2019-12-31;2019;MILES;5109;669;75395;0;81173;2198797;0;0;0;0;2198797;2279970;0;7718;0;0;0;0;7718;0;604472;106523;0;0;710995;718713;200;489927;41179;-74245;0;1104196;1561257;2279970;
803;900363820;2019-12-31;2018;MILES;5109;643;58683;0;64435;2198797;0;0;0;0;2198797;2263232;0;6287;0;0;0;0;6287;0;604472;106523;0;0;710995;717282;200;489927;27306;-75679;0;1104196;1545950;2263232;
804;900875264;2019-12-31;2019;MILES;825411;0;73946128;18434831;93206370;0;0;46407210;0;0;46407210;139613580;1936532;6628117;0;0;468732;7422171;16455552;0;0;0;0;0;0;16455552;20;7864673;10010;115283325;0;0;123158028;139613580;
805;900875264;2019-12-31;2018;MILES;128806;0;48231902;6900000;55260708;0;0;58672341;0;0;58672341;113933049;0;4858953;0;0;0;0;4858953;0;0;0;0;0;0;4858953;20;7864673;10010;101199393;0;0;109074096;113933049;
806;900497730;2019-12-31;2019;MILES;934340;1997800;4980784;2380325;10293249;16353386;0;99036;1452611;0;17905033;28198282;448454;3627415;417329;208596;390990;0;5092784;0;0;4484420;0;0;4484420;9577204;9468355;0;4418029;-2320019;0;7054713;18621078;28198282;
807;900497730;2019-12-31;2018;MILES;1639844;754;5775076;2435605;9851279;17085156;0;77104;659613;0;17821873;27673152;749191;2521487;89029;216271;164932;0;3740910;0;0;3807906;0;0;3807906;7548816;9468355;0;4418029;-816761;0;7054713;20124336;27673152;
808;900540717;2019-12-31;2019;MILES;6;6312;28720;0;35038;6256057;47830;0;-47830;47830;6303887;6338925;0;0;0;0;0;0;0;0;18549786;0;0;0;18549786;18549786;20000;0;0;-12230861;0;0;-12210861;6338925;
809;900540717;2019-12-31;2018;MILES;6;72755;28720;0;101481;6406879;44266;0;-44266;44266;6451145;6552626;0;0;0;0;0;0;0;0;17167780;0;0;0;17167780;17167780;20000;0;0;-10635154;0;0;-10615154;6552626;
810;830511795;2019-12-31;2019;MILES;27538;139883;12396044;894812;13458277;23703720;14570;1521406;7333737;14570;32588003;46046280;0;1325718;846055;571156;458233;0;3201162;0;0;5696111;0;5097380;10793491;13994653;400000;6951091;21928688;2771848;0;0;32051627;46046280;
811;830511795;2019-12-31;2018;MILES;17337;156026;8046868;758995;8979226;24804970;42405;1557648;4081;42405;26451509;35430735;0;1033426;7919;405993;600255;0;2047593;0;0;4000372;0;102991;4103363;6150956;400000;6951091;19363552;2565136;0;0;29279779;35430735;
812;900213759;2019-12-31;2019;MILES;14730073;2766660;44964597;3195451;65656781;1177911;11887;0;17985028;11887;19186713;84843494;0;61451769;0;1555449;2443131;3020188;68470537;0;0;3785818;0;11349322;15135140;83605677;500000;1820369;1314490;-2397042;0;0;1237817;84843494;
813;900213759;2019-12-31;2018;MILES;9234146;5098978;41031566;3549927;58914617;1473152;10196;0;1252239;10196;2745783;61660400;0;54884815;2075;1465648;2768527;422;59121487;0;0;23485;0;1103565;1127050;60248537;500000;1820369;1314490;-2222996;0;0;1411863;61660400;
814;830136561;2019-12-31;2019;MILES;832091;668039;3516115;414175;5430420;4667225;0;0;1311017;0;5978242;11408662;26506;2714621;0;368453;548374;190000;3847954;2290800;0;22622;0;0;2313422;6161376;2247785;0;194798;2804703;0;0;5247286;11408662;
815;830136561;2019-12-31;2018;MILES;874498;664515;2190882;391724;4121619;4324264;0;0;1178305;0;5502569;9624188;28893;2639940;0;314017;149952;282950;3415752;2290800;0;33567;0;0;2324367;5740119;2247785;0;124556;1511728;0;0;3884069;9624188;
816;890201311;2019-12-31;2019;MILES;13910992;6843888;19659230;62118924;102533034;21665013;0;0;960610;0;22625623;125158657;34052385;6888345;230286;431799;3821706;1554718;46979239;0;0;1139834;0;0;1139834;48119073;6000;0;26157877;50875707;0;0;77039584;125158657;
817;890201311;2019-12-31;2018;MILES;10802771;11681050;17563247;64606624;104653692;22376563;0;0;794417;0;23170980;127824672;42129924;39292;213585;363775;4216502;4414843;51377921;0;0;240664;0;0;240664;51618585;6000;0;26157877;50042210;0;0;76206087;127824672;
818;900752732;2019-12-31;2019;MILES;7052260;3820114;54745526;0;65617900;0;0;0;0;0;0;65617900;31327047;216929;0;0;1538461;19796097;52878534;0;0;520852;0;0;520852;53399386;3775900;6251800;1172307;1018507;0;0;12218514;65617900;
819;900752732;2019-12-31;2018;MILES;3055867;1172970;26407136;60432192;91068165;467160;0;0;0;0;467160;91535325;23758731;4641934;0;0;1558957;50370233;80329855;0;0;0;0;0;0;80329855;3775900;6251800;1070425;107345;0;0;11205470;91535325;
820;900681625;2019-12-31;2019;MILES;21011409;8734205;67391864;14641912;111779390;47196354;0;0;2508116;0;49704470;161483860;4867605;27861008;0;333243;1921013;0;34982869;5127592;0;4107002;0;0;9234594;44217463;6219503;0;0;111046894;0;0;117266397;161483860;
821;900681625;2019-12-31;2018;MILES;19471217;18027946;40191284;14232588;91923035;53701168;0;0;3284560;0;56985728;148908763;4667608;32670422;0;319792;3684160;0;41341982;9774448;0;5523983;0;0;15298431;56640413;6219503;0;0;86048847;0;0;92268350;148908763;
822;900749336;2019-12-31;2019;MILES;2245403;4812779;8958382;0;16016564;20442301;0;0;5407032;0;25849333;41865897;1497527;3206623;0;2231074;1691957;3019708;11646889;11080899;0;0;0;17132509;28213408;39860297;2000000;1356699;0;-4986869;0;3635770;2005600;41865897;
823;900749336;2019-12-31;2018;MILES;1799160;6208197;6235714;0;14243071;2618498;0;0;6458176;0;9076674;23319745;2550687;1300402;0;1826316;3824749;0;9502154;10447814;0;0;0;13078;10460892;19963046;4900000;8058389;0;-9601690;0;0;3356699;23319745;
824;802014606;2019-12-31;2019;MILES;153846;2083179;12695221;5783103;20715349;22129339;0;0;438372;0;22567711;43283060;12944230;6740580;0;406412;1061281;21985;21174488;2061545;0;1554528;0;0;3616073;24790561;4000000;0;552390;10751595;0;3188514;18492499;43283060;
825;802014606;2019-12-31;2018;MILES;93147;1548358;11726932;5661617;19030054;21623006;0;0;2399;0;21625405;40655459;9733025;6517572;0;374954;370129;30891;17026571;5077312;0;1790469;0;0;6867781;23894352;4000000;0;501460;9071133;0;3188514;16761107;40655459;
826;900158685;2019-12-31;2019;MILES;15393046;11637043;5475737;67738275;100244101;224676435;0;0;4077644;0;228754079;328998180;55789;124029965;0;2674600;0;5723900;132484254;0;0;0;0;199195982;199195982;331680236;6005772;15180164;0;-23867992;0;0;-2682056;328998180;
827;900158685;2019-12-31;2018;MILES;9899515;9189245;2841844;43780794;65711398;24338596;0;0;3913946;0;28252542;93963940;45958;85592544;0;2328255;0;742304;88709061;0;0;0;0;1529114;1529114;90238175;12236761;15180164;0;-23691160;0;0;3725765;93963940;
828;800020220;2019-12-31;2019;MILES;1434436;6289234;76679295;116799177;201202142;61575549;0;0;2080525;0;63656074;264858216;54405535;20773485;0;0;7768885;0;82947905;118785411;0;7368069;0;0;126153480;209101385;3585000;0;1681577;45509517;0;4980737;55756831;264858216;
829;800020220;2019-12-31;2018;MILES;1600214;3541626;59120383;69622534;133884757;59702583;0;0;2590266;0;62292849;196177606;7498002;16014019;0;0;3428389;0;26940410;116353012;0;7298315;0;0;123651327;150591737;3585000;0;3227586;33792546;0;4980737;45585869;196177606;
830;900389803;2019-12-31;2019;MILES;110693;64322;386566;323731;885312;211077;0;0;0;0;211077;1096389;95278;314374;0;15061;16815;0;441528;0;0;0;28517;0;28517;470045;32000;0;16000;578344;0;0;626344;1096389;
831;900389803;2019-12-31;2018;MILES;64059;76647;1264577;183286;1588569;223522;0;0;0;0;223522;1812091;160665;407923;0;15779;39567;0;623934;0;0;0;79143;0;79143;703077;32000;0;16000;1061014;0;0;1109014;1812091;
832;900358218;2019-12-31;2019;MILES;1857719;297131;1319702;2628390;6102942;13967899;0;0;50655;0;14018554;20121496;1171358;4434820;0;93215;609738;288511;6597642;0;0;279325;0;11606975;11886300;18483942;694994;232825;0;709735;0;0;1637554;20121496;
833;900358218;2019-12-31;2018;MILES;823744;17949;1801952;2326617;4970262;2364947;0;0;0;0;2364947;7335209;1164580;4142622;0;59941;552689;54778;5974610;0;0;270594;0;40592;311186;6285796;0;0;0;0;0;1049413;1049413;7335209;
834;900147238;2019-12-31;2019;MILES;4967686;58455713;6331459;0;69754858;1683338;0;0;7829366;0;9512704;79267562;719614;5755040;0;692303;2212580;0;9379537;0;0;82911;0;309998;392909;9772446;1027370;11345300;41124390;15998056;0;0;69495116;79267562;
835;900147238;2019-12-31;2018;MILES;3267462;51234297;5329773;0;59831532;1753090;0;0;279;0;1753369;61584901;700478;4762293;0;630709;1947988;0;8041468;0;0;31328;0;201957;233285;8274753;1027370;11345300;25705437;15232041;0;0;53310148;61584901;
836;800010961;2019-12-31;2019;MILES;10588;3629879;8301584;1430078;13372129;5436876;20249715;0;46199278;20249715;92135584;105507713;7631616;61646197;0;23877;115138;5735545;75152373;0;0;262349;0;11677412;11939761;87092134;2000000;112029005;431114;-96044540;0;0;18415579;105507713;
837;800010961;2019-12-31;2018;MILES;2488;2915754;7113416;1430078;11461736;5676908;0;0;67511439;0;73188347;84650083;7631616;106747673;0;18017;26324;5735545;120159175;0;0;0;0;11677412;11677412;131836587;1134127;75871072;431114;-124622817;0;0;-47186504;84650083;
838;811002172;2019-12-31;2019;MILES;351949;92915;0;0;444864;0;60909;0;-60909;60909;60909;505773;0;672338;0;0;17349;0;689687;0;8000893;0;0;18314186;26315079;27004766;3207;4089468;0;-30591668;0;0;-26498993;505773;
839;811002172;2019-12-31;2018;MILES;2074;109759;0;0;111833;26144;533383;0;25909282;533383;27002192;27114025;0;4132475;0;0;37135;0;4169610;0;20638890;0;0;0;20638890;24808500;3207;4089468;0;-1787150;0;0;2305525;27114025;
840;811023526;2019-12-31;2019;MILES;146260;879398;3392757;582789;5001204;11747550;292520;0;-286168;292520;12046422;17047626;2536614;1918839;0;86652;0;455230;4997335;1443139;250745;0;0;424000;2117884;7115219;3276161;0;176815;6479431;0;0;9932407;17047626;
841;811023526;2019-12-31;2018;MILES;162473;111680;8526949;728206;9529308;11611636;292520;0;-292520;292520;11904156;21433464;5415062;3607741;0;428928;248112;0;9699843;1309045;218760;0;0;480555;2008360;11708203;3276161;0;176815;6272285;0;0;9725261;21433464;
842;900414127;2019-12-31;2019;MILES;1481263;206692;200722;2071336;3960013;5935337;0;0;173814;0;6109151;10069164;0;758729;0;80579;305127;164627;1309062;0;0;0;0;5960874;5960874;7269936;1200000;1102127;66272;430829;0;0;2799228;10069164;
843;900414127;2019-12-31;2018;MILES;1354489;325736;151405;2254643;4086273;2903;0;0;173929;0;176832;4263105;427;1698508;0;35406;318559;29;2052929;0;0;0;0;34620;34620;2087549;1200000;1102127;66272;-192843;0;0;2175556;4263105;
844;900556853;2019-12-31;2019;MILES;0;66603;170786;0;237389;408927;0;11762437;0;0;12171364;12408753;15;1804;0;0;46067;0;47886;0;0;411899;0;0;411899;459785;10285;8334716;252220;3351747;0;0;11948968;12408753;
845;900556853;2019-12-31;2018;MILES;11960;0;214975;0;226935;437793;0;11762437;0;0;12200230;12427165;0;1165;0;0;56890;8750;66805;0;0;407960;0;0;407960;474765;10285;8334716;252220;3355179;0;0;11952400;12427165;
846;860531602;2019-12-31;2019;MILES;3615004;226405;45494804;28071458;77407671;18571633;8777080;3159054;-7542558;8777080;31742289;109149960;19701787;17144763;0;0;3553613;1139658;41539821;5491930;5877680;1579552;0;841099;13790261;55330082;89000;0;36918136;8725845;0;8086897;53819878;109149960;
847;860531602;2019-12-31;2018;MILES;2937310;231049;40087090;28431809;71687258;14170533;6416110;3159054;-5084301;6416110;25077506;96764764;10461672;17925383;0;0;4847068;1237485;34471608;5326415;6659952;1548273;0;1029480;14564120;49035728;89000;0;30296785;9188852;0;8154399;47729036;96764764;
848;901084579;2019-12-31;2019;MILES;79644;29670;22312788;0;22422102;0;0;0;0;0;0;22422102;0;14880;0;0;17215;0;32095;0;0;0;0;0;0;32095;1029270;37985784;11034;-16636081;0;0;22390007;22422102;
849;901084579;2019-12-31;2018;MILES;372749;17660;26190142;0;26580551;0;0;0;0;0;0;26580551;0;4474523;0;0;200870;0;4675393;0;0;0;0;0;0;4675393;1029270;37985784;11034;-17120930;0;0;21905158;26580551;
850;860529890;2019-12-31;2019;MILES;12259468;0;41127640;38867333;92254441;25235446;0;317731;90297;0;25643474;117897915;175338;22713403;0;0;6318429;1021648;30228818;0;0;0;0;0;0;30228818;3100000;3900000;1601337;79067760;0;0;87669097;117897915;
851;860529890;2019-12-31;2018;MILES;17777065;0;42661041;31067234;91505340;21597458;0;2109627;58001;0;23765086;115270426;2522645;22036097;0;0;6022853;489203;31070798;0;449849;269865;0;0;719714;31790512;3100000;3900000;1601337;74878577;0;0;83479914;115270426;
852;817001694;2019-12-31;2019;MILES;1726636;1313311;1792319;0;4832266;0;26266406;0;-26266406;26266406;26266406;31098672;0;47784;0;0;98703;0;146487;0;0;0;0;0;0;146487;11000000;14000000;0;5952185;0;0;30952185;31098672;
853;817001694;2019-12-31;2018;MILES;1469592;35987;1909719;0;3415298;0;25831374;0;-25831374;25831374;25831374;29246672;485220;12023;0;1165;149640;4241;652289;0;0;0;0;0;0;652289;11000000;14000000;0;3594383;0;0;28594383;29246672;
854;817000680;2019-12-31;2019;MILES;13550879;0;110810395;88960429;213321703;223677743;869235;0;-737777;869235;224678436;438000139;291706;90667760;0;3033423;8317459;0;102310348;15124;0;19091579;0;1666114;20772817;123083165;33609585;15747425;8850090;256709874;0;0;314916974;438000139;
855;817000680;2019-12-31;2018;MILES;7541443;0;118310417;88615143;214467003;212593696;5565745;0;-5411819;5565745;218313367;432780370;0;80131352;0;2795192;11631035;0;94557579;0;0;19020611;0;1444087;20464698;115022277;33609585;15747425;8850557;259550526;0;0;317758093;432780370;
856;800091549;2019-12-31;2019;MILES;1709183;13405355;98668199;60247874;174030611;1485662;0;0;7131250;0;8616912;182647523;57607507;84441401;0;1261962;9078252;2115872;154504994;0;3476268;321786;0;0;3798054;158303048;4530000;1470000;2265000;16079475;0;0;24344475;182647523;
857;800091549;2019-12-31;2018;MILES;1848261;9627673;57313966;48245094;117034994;1518785;0;0;1129177;0;2647962;119682956;42584757;49944887;0;1043380;6681103;664991;100919118;0;0;0;0;0;0;100919118;4530000;1470000;2129306;10634532;0;0;18763838;119682956;
858;901002953;2019-12-31;2019;MILES;1977995;12923;1157818;48752552;51901288;151900;0;0;0;0;151900;52053188;9099857;14576853;0;0;13217;24938509;48628436;0;3300000;0;0;0;3300000;51928436;100000;0;23652;1100;0;0;124752;52053188;
859;901002953;2019-12-31;2018;MILES;1826750;160631;667699;34044786;36699866;0;0;0;0;0;0;36699866;0;20108271;0;0;2866;16115077;36226214;0;350000;0;0;0;350000;36576214;100000;0;6089;17563;0;0;123652;36699866;
860;860001942;2019-12-31;2019;MILES;27351911;25645646;379780594;233942386;666720537;71743445;0;4725947;46272081;0;122741473;789462010;335796;191665118;58099253;0;15036487;9513206;274649860;0;0;0;0;18767675;18767675;293417535;107245237;6613651;323491021;58694566;0;0;496044475;789462010;
861;860001942;2019-12-31;2018;MILES;26347054;1730260;397357545;166232957;591667816;72162018;0;6855828;41194131;0;120211977;711879793;0;126605494;0;62415245;21532680;0;210553419;0;0;0;0;10875787;10875787;221429206;107245237;6613651;319799781;56791918;0;0;490450587;711879793;
862;900554691;2019-12-31;2019;MILES;39213;384500;2446357;6122409;8992479;18484689;0;0;108742;0;18593431;27585910;1485014;8610740;0;0;2894982;1359408;14350144;8661750;0;479497;0;0;9141247;23491391;1536100;0;408472;-2197212;0;4347159;4094519;27585910;
863;900554691;2019-12-31;2018;MILES;188649;357573;2078663;5254347;7879232;17312475;0;0;104087;0;17416562;25295794;1304142;7714513;0;0;547737;1279701;10846093;8640659;0;732731;0;0;9373390;20219483;1536100;0;408472;-231635;0;3363374;5076311;25295794;
864;817001693;2019-12-31;2019;MILES;69664;651490;912351;34209;1667714;28666032;0;0;0;0;28666032;30333746;0;1140393;0;0;291712;263458;1695563;11469990;0;1458176;0;0;12928166;14623729;3400060;0;7108076;5201881;0;0;15710017;30333746;
865;817001693;2019-12-31;2018;MILES;138510;2926722;3552566;61190;6678988;26741597;0;0;0;0;26741597;33420585;14298900;914306;0;0;227374;278544;15719124;0;0;227747;0;0;227747;15946871;3400060;0;7108076;6965578;0;0;17473714;33420585;
866;900612118;2019-12-31;2019;MILES;986638;3976659;16679104;0;21642401;50742;0;0;106162;0;156904;21799305;2227820;16706253;0;1881935;201930;866324;21884262;0;0;0;0;0;0;21884262;10000;0;0;-94957;0;0;-84957;21799305;
867;900612118;2019-12-31;2018;MILES;139093;1410642;3442740;0;4992475;1500;0;0;0;0;1500;4993975;27450;4159861;0;555668;9568;397000;5149547;0;0;0;0;0;0;5149547;10000;0;0;-165572;0;0;-155572;4993975;
868;800045228;2019-12-31;2019;MILES;1725289;1763760;11462645;16791758;31743452;25424160;16783000;0;-16779740;16783000;42210420;73953872;1047687;4436539;0;614977;2805939;0;8905142;1535345;0;1238162;0;0;2773507;11678649;13584991;0;6727953;41962279;0;0;62275223;73953872;
869;800045228;2019-12-31;2018;MILES;1875661;914216;8397388;12289335;23476600;27028537;18131726;0;-18129241;18131726;45162748;68639348;1990919;2380025;0;601506;1131441;0;6103891;4588889;0;886926;0;0;5475815;11579706;13584991;0;6138788;37335863;0;0;57059642;68639348;
870;900707055;2019-12-31;2019;MILES;577268;0;1248165;4259812;6085245;66572;0;0;1436084;0;1502656;7587901;994529;2113034;0;0;0;0;3107563;0;1092635;0;0;0;1092635;4200198;3000000;0;0;387703;0;0;3387703;7587901;
871;900707055;2019-12-31;2018;MILES;171806;21393;1956247;3955523;6104969;299960;0;0;60205;0;360165;6465134;1663067;1853938;0;0;0;0;3517005;0;0;0;0;0;0;3517005;3000000;0;0;-51871;0;0;2948129;6465134;
872;811005628;2019-12-31;2019;MILES;498947;1256693;110728;14784891;16651259;7182184;0;1350837;185029;0;8718050;25369309;2690419;2978649;244303;477927;884665;0;7275963;3923026;0;337028;0;0;4260054;11536017;750067;11014506;5006389;-2937670;0;0;13833292;25369309;
873;811005628;2019-12-31;2018;MILES;2583838;946049;37120;13033046;16600053;7100274;0;1370292;477392;0;8947958;25548011;1657011;3364574;301235;408047;771006;0;6501873;4651917;0;421240;0;0;5073157;11575030;750067;11014506;4043581;-1835173;0;0;13972981;25548011;
874;900268747;2019-12-31;2019;MILES;173901817;6288950;887507646;196905;1067895318;1173527789;2575592622;0;-2524923285;2575592622;3799789748;4867685066;0;2085001101;16395184;51444013;0;0;2152840298;0;0;0;0;105952801;105952801;2258793099;20298;0;569840169;2191394933;0;-152363433;2608891967;4867685066;
875;900268747;2019-12-31;2018;MILES;125125295;0;542316317;653716;668095328;1025198898;2496802147;0;-2451360170;2496802147;3567443022;4235538350;0;1034718616;25117544;39553534;323445371;0;1422835065;0;0;0;0;105346084;105346084;1528181149;20298;0;515074339;2049481037;0;142781527;2707357201;4235538350;
876;900331322;2019-12-31;2019;MILES;37739044;0;1907460111;1833213;1947032368;2898034505;0;0;152356;0;2898186861;4845219229;0;706132292;11021055;0;190492744;0;907646091;0;0;56247011;0;50204137;106451148;1014097239;38492;0;-32965034;1524122722;0;2339925810;3831121990;4845219229;
877;900331322;2019-12-31;2018;MILES;31536429;0;896272419;5377454;933186302;3143746063;135760;0;11307;135760;3144028890;4077215192;0;638822216;5141253;0;124805519;0;768768988;0;2494599994;44069615;0;59314176;2597983785;3366752773;38492;0;135102415;716176527;0;-140855015;710462419;4077215192;
878;800059030;2019-12-31;2019;MILES;2721566;28030856;36101947;1470288;68324657;109846693;55701883;0;-27317128;55701883;193933331;262257988;3500122;4430137;404663;8753696;3799746;0;20888364;19581503;15920759;12109330;0;4203527;51815119;72703483;9554012;24013073;73276893;82710527;0;0;189554505;262257988;
879;800059030;2019-12-31;2018;MILES;2641657;26608019;62470275;1799423;93519374;113162832;55701883;0;-21915664;55701883;202650934;296170308;1537990;39802113;9611;8518360;2212568;507755;52588397;22631758;15920759;14120601;0;4112349;56785467;109373864;9554012;24013073;71010850;82218509;0;0;186796444;296170308;
880;860007955;2019-12-31;2019;MILES;1270788;98514809;167031708;95500242;362317547;216480886;25538555;15326778;-24737315;25538555;258147459;620465006;14496299;133714805;863300;0;22236531;82489099;253800034;133520660;3704757;16231693;0;70857;153527967;407328001;2700000;0;1777217;208659788;0;0;213137005;620465006;
881;860007955;2019-12-31;2018;MILES;7553549;94233725;130753423;116368443;348909140;213632860;23706298;15326778;-21794101;23706298;254578133;603487273;6800804;180202802;875000;0;14497227;26197463;228573296;148486685;0;16927545;0;74174;165488404;394061700;2700000;0;1780530;204945043;0;0;209425573;603487273;
882;830046733;2019-12-31;2019;MILES;560885;351336;2223438;369300;3504959;3386727;0;0;2287414;0;5674141;9179100;281459;861767;433066;0;0;669883;2246175;1922210;0;127136;0;0;2049346;4295521;860080;0;2292066;1731433;0;0;4883579;9179100;
883;830046733;2019-12-31;2018;MILES;356337;47252;1647395;349177;2400161;3568337;0;0;251806;0;3820143;6220304;565945;861573;298906;0;361281;624492;2712197;0;0;39979;0;0;39979;2752176;860080;0;51281;2556767;0;0;3468128;6220304;
884;900269916;2019-12-31;2019;MILES;8674055;4222319;14762439;29416830;57075643;252388738;2051603;0;45697588;2051603;302189532;359265175;56115517;24079014;0;0;1425133;0;81619664;319680070;3314029;0;0;44216909;367211008;448830672;365300490;677829486;0;-1132695473;0;0;-89565497;359265175;
885;900269916;2019-12-31;2018;MILES;3868927;129065;14825757;42454467;61278216;438243768;2734025;0;27789302;2734025;471501120;532779336;44736675;23763215;0;0;2150400;0;70650290;339212318;3754074;0;0;18865686;361832078;432482368;319074478;677829486;0;-896606996;0;0;100296968;532779336;
886;900296337;2019-12-31;2019;MILES;13312;38488;557441;608593;1217834;5051449;0;1225484;19513450;0;25790383;27008217;0;387839;0;227120;785765;0;1400724;0;4259912;0;0;168956;4428868;5829592;51003;450000;29949;713117;0;19934556;21178625;27008217;
887;900296337;2019-12-31;2018;MILES;17441;262560;474306;608593;1362900;5266891;0;1225484;19552700;0;26045075;27407975;0;301961;0;203021;414174;0;919156;0;5217829;0;0;377681;5595510;6514666;51003;450000;29949;427801;0;19934556;20893309;27407975;
888;901105119;2019-12-31;2019;MILES;2166684;226356;10814321;1363963;14571324;79225561;0;0;12897013;0;92122574;106693898;0;35313002;0;0;0;1450220;36763222;0;0;0;0;1285117;1285117;38048339;30000;0;5889719;-28764556;0;91490396;68645559;106693898;
889;901105119;2019-12-31;2018;MILES;2574907;508423;6488544;1002587;10574461;76330107;0;0;2830190;0;79160297;89734758;0;8592055;0;0;0;2012428;10604483;0;0;0;0;972495;972495;11576978;30000;0;6217241;-11435347;0;83345886;78157780;89734758;
890;811043844;2019-12-31;2019;MILES;345277;196819;1662066;6868451;9072613;1296676;0;0;164470;0;1461146;10533759;1585438;675018;0;127643;178965;187854;2754918;0;0;164953;0;0;164953;2919871;840000;3251000;420000;2250262;0;852626;7613888;10533759;
891;811043844;2019-12-31;2018;MILES;545732;128613;1950635;7170038;9795018;1219816;0;0;86989;0;1306805;11101823;1560795;1645180;0;156332;215343;3927;3581577;0;0;112508;0;0;112508;3694085;840000;3251000;1420000;1189426;0;707312;7407738;11101823;
892;860038023;2019-12-31;2019;MILES;693739;0;24866466;10045192;35605397;221875473;0;0;30967785;0;252843258;288448655;0;4658331;0;0;721818;0;5380149;0;0;13065226;0;11293443;24358669;29738818;100;0;292946724;117192669;0;-151429656;258709837;288448655;
893;860038023;2019-12-31;2018;MILES;2727887;0;35194762;9631695;47554344;261833625;0;0;28844513;0;290678138;338232482;0;14015482;0;0;1660415;0;15675897;0;0;26607624;200425;12499618;39307667;54983564;100;0;289355104;152152152;0;-158258438;283248918;338232482;
894;900385136;2019-12-31;2019;MILES;2254636;724659;1150407;97800;4227502;49508332;0;0;77346;0;49585678;53813180;0;912883;0;401407;0;0;1314290;11649000;0;2716564;0;29512;14395076;15709366;10207460;0;0;-21409502;0;49305856;38103814;53813180;
895;900385136;2019-12-31;2018;MILES;1807881;526599;1163270;96485;3594235;46339380;0;0;54057;0;46393437;49987672;0;966437;0;381092;0;59268;1406797;12654502;0;2619515;0;0;15274017;16680814;33458542;0;0;-21342286;0;21190602;33306858;49987672;
896;900497906;2019-12-31;2019;MILES;6269446;12503820;33083714;24889380;76746360;51798616;4360944;0;61762570;4360944;122283074;199029434;31675787;21774274;0;1298505;0;2937688;57686254;32829711;715814;0;0;0;33545525;91231779;7002620;135270050;87572;-34562587;0;0;107797655;199029434;
897;900497906;2019-12-31;2018;MILES;736245;150460;25609999;22056392;48553096;55448266;3046745;0;35407278;3046745;96949034;145502130;14662756;19788034;27577;186881;1384537;2841992;38891777;0;0;0;0;0;0;38891777;6963360;131383209;87572;-31823788;0;0;106610353;145502130;
898;800061357;2019-12-31;2019;MILES;676429;1421509;15276658;56065620;73440216;20829480;0;0;5191849;0;26021329;99461545;1808484;33103316;0;0;905627;3257839;39075266;2072708;231340;2151045;0;1537742;5992835;45068101;848000;0;24545150;19434747;0;9565547;54393444;99461545;
899;800061357;2019-12-31;2018;MILES;3085133;78326;16220426;47285542;66669427;19498814;0;0;764573;0;20263387;86932814;4173456;27628471;0;0;1308343;1731621;34841891;2063455;0;1699104;0;0;3762559;38604450;848000;0;24545150;14460979;0;8474235;48328364;86932814;
900;900581199;2019-12-31;2019;MILES;122284485;509018;325388;392244;123511135;0;1166399;0;-488705;1166399;1844093;125355228;0;76910800;0;8739793;4508363;0;90158956;0;0;0;0;1672178;1672178;91831134;20000;0;27342181;6161913;0;0;33524094;125355228;
901;900581199;2019-12-31;2018;MILES;45296843;2486633;153230602;162264;201176342;7344;447786;0;-273401;447786;629515;201805857;0;162268512;0;7637842;4530409;0;174436763;0;0;0;0;0;0;174436763;20000;0;22171020;5178074;0;0;27369094;201805857;
902;900553170;2019-12-31;2019;MILES;5464574;29650095;521823753;48734708;605673130;309519738;232509;0;42838210;232509;352822966;958496096;117440274;108547209;0;1693189;20559720;7677184;255917576;134131212;0;3302375;0;0;137433587;393351163;982335;49610;462800872;101312116;0;0;565144933;958496096;
903;900553170;2019-12-31;2018;MILES;1946875;24429366;599462335;55411438;681250014;320585778;197380;0;35390901;197380;356371439;1037621453;146361978;256635486;0;2525121;16590105;0;422112690;130698233;0;4811839;0;0;135510072;557622762;982335;49610;443247829;35718917;0;0;479998691;1037621453;
904;830050346;2019-12-31;2019;MILES;32730000;4447000;48623000;28106000;113906000;142866000;2252000;0;-306000;2252000;147064000;260970000;784000;49645000;3538000;2646000;0;0;56613000;34167000;121570000;2684000;0;42000;158463000;215076000;17030000;0;8901000;19963000;0;0;45894000;260970000;
905;830050346;2019-12-31;2018;MILES;27962000;1205000;40604000;22921000;92692000;148330000;1774000;0;-1774000;1774000;150104000;242796000;0;64009000;2269000;2465000;0;0;68743000;32475000;94172000;2396000;0;37000;129080000;197823000;17030000;0;8971000;18972000;0;0;44973000;242796000;
906;830138568;2019-12-31;2019;MILES;48000;9663000;441000;1698000;11850000;103357000;10220000;0;-10136000;10220000;113661000;125511000;66000;9442000;186000;1713000;0;0;11407000;20000;100339000;2985000;0;61000;103405000;114812000;200000;0;151000;10348000;0;0;10699000;125511000;
907;830138568;2019-12-31;2018;MILES;62000;7777000;414000;2580000;10833000;108462000;9606000;0;-9606000;9606000;118068000;128901000;0;14181000;0;2278000;0;0;16459000;0;99461000;2932000;0;350000;102743000;119202000;200000;0;151000;9348000;0;0;9699000;128901000;
908;900808100;2019-12-31;2019;MILES;884245;812812;1091703;0;2788760;882547;0;8639576;70724546;0;80246669;83035429;188743;863037;148;0;0;193127;1245055;0;0;6684826;0;0;6684826;7929881;445499;1500258;3014813;70144978;0;0;75105548;83035429;
909;900808100;2019-12-31;2018;MILES;3495162;383450;1972689;0;5851301;755753;0;8662781;160296080;0;169714614;175565915;5499;3253419;148;0;0;257113;3516179;0;0;17565988;0;0;17565988;21082167;445499;1500258;3014813;149523178;0;0;154483748;175565915;
910;900682841;2019-12-31;2019;MILES;3316773;4397966;17118667;7372859;32206265;3291866;0;0;5361519;0;8653385;40859650;2727047;12147237;923440;2584285;263894;960352;19606255;32727;0;0;0;359767;392494;19998749;14441701;6077331;3218825;-2876956;0;0;20860901;40859650;
911;900682841;2019-12-31;2018;MILES;302448;5295284;14567088;6473276;26638096;3033449;0;0;4547830;0;7581279;34219375;2336068;14801414;825783;2139046;276886;0;20379197;51613;0;0;0;0;51613;20430810;14441701;6077331;3218825;-9949292;0;0;13788565;34219375;
912;900253016;2019-12-31;2019;MILES;654836;3083822;3855478;10700504;18294640;7535758;0;0;0;0;7535758;25830398;121936;121139;128067;0;207191;0;578333;24221411;2051123;0;0;0;26272534;26850867;700901;3253380;0;-4974750;0;0;-1020469;25830398;
913;900253016;2019-12-31;2018;MILES;2768877;2695573;5313456;10186139;20964045;8931396;0;0;0;0;8931396;29895441;132586;65481;251041;0;575924;0;1025032;25836018;3539500;0;0;0;29375518;30400550;700901;423689;0;-1629699;0;0;-505109;29895441;
914;860091461;2019-12-31;2019;MILES;16929604;0;16252219;0;33181823;6849;0;8339613;54466852;0;62813314;95995137;0;2247272;0;0;657206;0;2904478;0;0;322679;0;0;322679;3227157;7000;0;3500;92757480;0;0;92767980;95995137;
915;860091461;2019-12-31;2018;MILES;43960741;0;4014315;0;47975056;789;0;8480568;54493777;0;62975134;110950190;0;17055447;0;0;3036097;0;20091544;0;0;304317;0;0;304317;20395861;7000;0;3500;90543829;0;0;90554329;110950190;
916;900368709;2019-12-31;2019;MILES;336;1519;114346;0;116201;2351753;0;0;0;0;2351753;2467954;0;23145;0;0;0;0;23145;0;720871;109489;0;0;830360;853505;200;489907;66777;-80702;0;1138267;1614449;2467954;
917;900368709;2019-12-31;2018;MILES;336;1778;90525;0;92639;2351753;0;0;0;0;2351753;2444392;0;17123;0;0;0;0;17123;0;720871;109489;0;0;830360;847483;200;489907;49080;-80545;0;1138267;1596909;2444392;
918;900884935;2019-12-31;2019;MILES;20272332;0;0;0;20272332;0;19992739;0;11270784;19992739;51256262;71528594;0;11000;0;0;375180;10733;396913;0;0;2644844;0;0;2644844;3041757;4097055;35064495;0;29325287;0;0;68486837;71528594;
919;900884935;2019-12-31;2018;MILES;20472680;0;0;0;20472680;0;18249125;0;-4567212;18249125;31931038;52403718;0;0;0;0;366427;9853;376280;0;0;915444;0;0;915444;1291724;4097055;35064495;0;11950444;0;0;51111994;52403718;
920;900374847;2019-12-31;2019;MILES;149;573;79590;0;80312;2198933;0;0;0;0;2198933;2279245;0;6766;0;0;0;0;6766;0;470285;120718;0;0;591003;597769;200;489907;43545;-93323;0;1241147;1681476;2279245;
921;900374847;2019-12-31;2018;MILES;149;555;63762;0;64466;2198933;0;0;0;0;2198933;2263399;0;5735;0;0;0;0;5735;0;470285;120718;0;0;591003;596738;200;489907;30183;-94776;0;1241147;1666661;2263399;
922;900362557;2019-12-31;2019;MILES;5985;663;82601;0;89249;2198887;0;0;0;0;2198887;2288136;0;7556;0;0;0;0;7556;0;601814;106532;0;0;708346;715902;200;489907;56702;-78859;0;1104284;1572234;2288136;
923;900362557;2019-12-31;2018;MILES;5985;642;66372;0;72999;2198887;0;0;0;0;2198887;2271886;0;6495;0;0;0;0;6495;0;601814;106532;0;0;708346;714841;200;489907;43119;-80465;0;1104284;1557045;2271886;
924;806007665;2019-12-31;2019;MILES;239893;478475;2110480;491988;3320836;6708;0;0;367959;0;374667;3695503;7835;3036061;11977;27796;23261;0;3106930;0;0;0;0;0;0;3106930;10500;715018;5250;-142195;0;0;588573;3695503;
925;806007665;2019-12-31;2018;MILES;151253;728980;1789940;463120;3133293;9105;0;0;0;0;9105;3142398;0;3285548;18247;40094;148518;0;3492407;0;0;158437;0;0;158437;3650844;10500;715018;5250;-1239214;0;0;-508446;3142398;
926;900362684;2019-12-31;2019;MILES;1448;1338;22948;0;25734;2199715;0;0;0;0;2199715;2225449;0;9331;0;0;0;0;9331;0;602149;106613;0;0;708762;718093;200;489879;15568;-103387;0;1105096;1507356;2225449;
927;900362684;2019-12-31;2018;MILES;1448;846;4509;0;6803;2199715;0;0;0;0;2199715;2206518;0;7706;0;0;0;0;7706;0;602149;106613;0;0;708762;716468;200;489879;0;-105125;0;1105096;1490050;2206518;
928;800107832;2019-12-31;2019;MILES;8151232;15688031;31077795;0;54917058;660869;0;0;221347;0;882216;55799274;8472898;6151447;0;0;0;0;14624345;0;0;0;0;7084721;7084721;21709066;5801000;0;3279304;-8672350;0;33682254;34090208;55799274;
929;800107832;2019-12-31;2018;MILES;7620109;13775986;27333052;0;48729147;735708;0;0;406498;0;1142206;49871353;8763937;9468126;0;0;0;0;18232063;0;0;0;0;3048484;3048484;21280547;5801000;0;3279304;-14171752;0;33682254;28590806;49871353;
930;817007005;2019-12-31;2019;MILES;3860430;770024;1460890;0;6091344;7384111;0;0;2767118;0;10151229;16242573;500000;2759303;0;621563;696370;0;4577236;2557111;0;315348;0;0;2872459;7449695;4200000;0;455730;1556987;0;2580161;8792878;16242573;
931;817007005;2019-12-31;2018;MILES;395656;807236;418564;0;1621456;9128837;0;0;2489341;0;11618178;13239634;620000;5468668;0;590052;466843;0;7145563;622870;0;157674;0;0;780544;7926107;2710327;0;398953;469879;0;1734368;5313527;13239634;
932;900553647;2019-12-31;2019;MILES;7642398;6037;5233349;84455615;97337399;0;0;0;0;0;0;97337399;0;16868614;0;0;205285;74546093;91619992;0;3896707;0;0;0;3896707;95516699;100000;0;758875;961825;0;0;1820700;97337399;
933;900553647;2019-12-31;2018;MILES;1699536;0;12169599;57878306;71747441;0;0;0;0;0;0;71747441;0;16795244;0;0;418508;51083549;68297301;0;2591265;0;0;0;2591265;70888566;100000;0;665571;93304;0;0;858875;71747441;
934;900481127;2019-12-31;2019;MILES;9981847;6383520;32937208;28845434;78148009;10573220;10725662;0;-9453070;10725662;22571474;100719483;699841;39084532;0;2095173;491233;472378;42843157;4685988;11905434;0;0;0;16591422;59434579;17156768;30617370;1560474;-8049708;0;0;41284904;100719483;
935;900481127;2019-12-31;2018;MILES;16310841;3025785;15863932;20270549;55471107;6412158;38981;0;1317105;38981;7807225;63278332;520174;17360450;0;3023620;1070843;327846;22302933;0;0;0;0;0;0;22302933;17156768;30617370;1560474;-8359213;0;0;40975399;63278332;
936;860039561;2019-12-31;2019;MILES;90080234;22214574;258891418;281890532;653076758;20390725;6322396;0;17755330;6322396;50790847;703867605;0;518649416;5334380;16084709;0;5428363;545496868;0;713182;0;0;10442494;11155676;556652544;23035851;17715364;14068402;92395444;0;0;147215061;703867605;
937;860039561;2019-12-31;2018;MILES;91362528;21510124;261341612;189865793;564080057;22788060;6446676;0;14430097;6446676;50111509;614191566;0;403042804;4939175;15901236;0;7571118;431454333;0;650363;0;0;11175577;11825940;443280273;29443804;17715364;14683502;109068623;0;0;170911293;614191566;
938;890900115;2019-12-31;2019;MILES;1719322;1594687;24422309;42473620;70209938;8340088;0;595255;1675206;0;10610549;80820487;59005458;1358361;0;164451;38977;0;60567247;2004679;0;2498692;0;0;4503371;65070618;8600000;0;1085219;2672385;0;3392265;15749869;80820487;
939;890900115;2019-12-31;2018;MILES;443500;1580819;15620898;33658019;51303236;7387867;0;575280;1087155;0;9050302;60353538;40682599;2348365;30856;152428;2053;0;43216301;2291835;0;1418775;0;0;3710610;46926911;8600000;0;1000000;1768804;0;2057823;13426627;60353538;
940;900102227;2019-12-31;2019;MILES;2417303;0;12124978;7424650;21966931;1611072;0;0;23711758;0;25322830;47289761;0;22373773;0;221679;0;28660670;51256122;0;0;0;0;0;0;51256122;334515;0;72842;-4373718;0;0;-3966361;47289761;
941;900102227;2019-12-31;2018;MILES;2810655;0;10186245;7067020;20063920;736601;0;0;641789;0;1378390;21442310;19123;20819788;0;197553;532001;1763698;23332163;0;0;0;0;0;0;23332163;334515;0;72842;-2297210;0;0;-1889853;21442310;
942;800218958;2019-12-31;2019;MILES;30300575;2574630;95994026;29281901;158151132;79247474;15220497;0;-9245601;15220497;100442867;258593999;12883486;62711054;0;0;3903828;752725;80251093;15083066;0;22309584;0;0;37392650;117643743;8300000;27084000;1967359;103598897;0;0;140950256;258593999;
943;800218958;2019-12-31;2018;MILES;24400496;3969688;98387377;35396704;162154265;76252227;1486723;0;4126121;1486723;83351794;245506059;6548095;83833419;0;0;3508829;887285;94777628;5497414;0;22709422;0;0;28206836;122984464;7600000;16500000;3210774;95210821;0;0;122521595;245506059;
944;860050906;2019-12-31;2019;MILES;1752895;2173599;51461889;0;55388383;192624;0;0;1545321;0;1737945;57126328;3285976;11820241;0;18057054;1990713;1259571;36413555;0;0;480;0;1270284;1270764;37684319;111700;15450268;1975701;1904340;0;0;19442009;57126328;
945;860050906;2019-12-31;2018;MILES;3427959;1461424;52735688;0;57625071;115601;0;0;1715934;0;1831535;59456606;0;18206200;0;16002215;2067121;978172;37253708;0;0;1378;0;1363930;1365308;38619016;111700;15450268;3190626;2084996;0;0;20837590;59456606;
946;830059831;2019-12-31;2019;MILES;0;440;9755;0;10195;1416667;0;0;0;0;1416667;1426862;0;1084509;0;0;0;0;1084509;0;0;207288;0;0;207288;1291797;200000;0;0;-64935;0;0;135065;1426862;
947;830059831;2019-12-31;2018;MILES;0;20006;0;0;20006;1433333;0;0;0;0;1433333;1453339;0;1227136;0;0;0;0;1227136;0;0;209344;0;0;209344;1436480;200000;0;0;-183141;0;0;16859;1453339;
948;800204625;2019-12-31;2019;MILES;2799233;6558954;2349016;0;11707203;289912;0;0;67920387;0;68210299;79917502;1337710;1471168;0;566780;386631;21570;3783859;59564473;0;0;0;0;59564473;63348332;6793260;0;1478392;8297518;0;0;16569170;79917502;
949;800204625;2019-12-31;2018;MILES;1833257;8497769;3096846;0;13427872;345332;0;0;60359229;0;60704561;74132433;1921533;4932035;0;407674;700663;129666;8091571;51108781;0;0;0;0;51108781;59200352;6793260;0;1347244;6791577;0;0;14932081;74132433;
950;890929809;2019-12-31;2019;MILES;853588;693426;2093174;134342;3774530;22237848;0;496800;12734312;0;35468960;39243490;0;3600634;0;1464365;92155;0;5157154;4495381;0;3290650;0;4027315;11813346;16970500;420000;2225612;0;16114039;0;3513339;22272990;39243490;
951;890929809;2019-12-31;2018;MILES;595117;523675;2275365;109745;3503902;22575996;0;496800;12959614;0;36032410;39536312;0;2421700;0;1366936;79341;0;3867977;3329548;0;3926112;0;4362300;11617960;15485937;420000;2225612;0;17891424;0;3513339;24050375;39536312;
952;830050228;2019-12-31;2019;MILES;870057;663125;53540873;0;55074055;4562289;0;0;4870487;0;9432776;64506831;8177183;6478931;238344;13939646;8089441;3370045;40293590;2551669;0;161857;0;520532;3234058;43527648;100000;0;12367718;8511465;0;0;20979183;64506831;
953;830050228;2019-12-31;2018;MILES;1813992;576045;44446146;0;46836183;2988185;0;0;913112;0;3901297;50737480;0;4576095;309807;11348142;7480039;2981781;26695864;0;0;7090;0;519942;527032;27222896;100000;0;15405696;8008888;0;0;23514584;50737480;
954;900557875;2019-12-31;2019;MILES;19317717;8666886;148316052;57398714;233699369;2874917;0;0;6735108;0;9610025;243309394;69906226;118900279;387774;10387721;0;1029869;200611869;0;0;0;0;3931774;3931774;204543643;6609100;8301535;19114929;4740187;0;0;38765751;243309394;
955;900557875;2019-12-31;2018;MILES;9636126;6573489;115312458;29955662;161477735;2192034;0;0;2180711;0;4372745;165850480;0;123313955;453650;8057311;0;0;131824916;0;0;0;0;0;0;131824916;6609100;8301535;16824892;2290037;0;0;34025564;165850480;
956;900041914;2019-12-31;2019;MILES;20372505;23972463;58898220;66334144;169577332;78886070;136562;0;17410970;136562;96570164;266147496;2438375;160506620;4215027;8766490;7470972;12278993;195676477;4942829;0;0;0;0;4942829;200619306;38029636;0;0;27498554;0;0;65528190;266147496;
957;900041914;2019-12-31;2018;MILES;21897531;24109733;71351350;69513296;186871910;78302248;164187;0;17037655;164187;95668277;282540187;393713;167529120;4342580;6624085;8135168;19457144;206481810;560182;0;0;0;0;560182;207041992;38029636;0;0;37468559;0;0;75498195;282540187;
958;830509112;2019-12-31;2019;MILES;164819;1343494;3764745;27774760;33047818;1334347;0;32000;125639;0;1491986;34539804;168566;1910854;139848;88530;7731;12564872;14880401;15365429;0;229994;0;0;15595423;30475824;750000;0;221297;-1296060;0;4388743;4063980;34539804;
959;830509112;2019-12-31;2018;MILES;298636;0;2039271;13905128;16243035;5044290;0;60000;687452;0;5791742;22034777;18604;1222162;8788;68275;1684;5581433;6900946;11429323;0;253836;0;0;11683159;18584105;500000;0;221297;-1659368;0;4388743;3450672;22034777;
960;901218630;2019-12-31;2019;MILES;2402102;7334418;32612345;6456941;48805806;345725091;7727697;0;16889615;7727697;378070100;426875906;6582864;24897594;0;4955694;2239018;0;38675170;68732229;0;40628858;0;7699403;117060490;155735660;190000;242254491;8365244;15444667;0;4885844;271140246;426875906;
961;901218630;2019-12-31;2018;MILES;7934415;3246225;21798777;6571165;39550582;335120374;7797677;0;16567642;7797677;367283370;406833952;6321766;17127548;0;4772135;1071517;0;29292966;75574184;0;42186681;0;4012489;121773354;151066320;190000;242254491;77357;8498894;0;4746890;255767632;406833952;
962;900145781;2019-12-31;2019;MILES;3887423;475599;2282943;385854;7031819;1222128;0;0;135604;0;1357732;8389551;8152;5019838;0;186235;168817;0;5383042;1738477;0;0;0;123276;1861753;7244795;100000;0;72722;972034;0;0;1144756;8389551;
963;900145781;2019-12-31;2018;MILES;2212186;1151283;1970219;484204;5817892;458814;0;0;166407;0;625221;6443113;329198;3680289;0;141887;190268;0;4341642;1180027;0;0;0;98722;1278749;5620391;100000;0;104111;618611;0;0;822722;6443113;
964;900081294;2019-12-31;2019;MILES;524485;673273;1431939;1205312;3835009;151202;0;0;165752;0;316954;4151963;9315;496600;0;0;54243;922;561080;0;0;0;0;0;0;561080;287750;2999670;0;303463;0;0;3590883;4151963;
965;900081294;2019-12-31;2018;MILES;723841;494242;1088452;2347149;4653684;115116;0;0;165752;0;280868;4934552;0;1502260;0;0;68020;1545;1571825;0;3256715;0;0;0;3256715;4828540;287750;0;0;-181738;0;0;106012;4934552;
966;900047822;2019-12-31;2019;MILES;55355398;10586466;24673906;27181031;117796801;53438826;0;0;17373685;0;70812511;188609312;12375365;38667579;0;689387;281626;10058452;62072409;8464149;0;0;0;0;8464149;70536558;81615900;0;15696482;20760372;0;0;118072754;188609312;
967;900047822;2019-12-31;2018;MILES;60304798;2147971;25928207;29665159;118046135;41755301;0;0;15299348;0;57054649;175100784;7679625;41880633;0;769424;2283647;9531426;62144755;0;0;0;0;0;0;62144755;81615900;0;15203606;16136523;0;0;112956029;175100784;
968;900373092;2019-12-31;2019;MILES;98056948;37977432;647753372;0;783787752;3649097;85254154;0;76079359;85254154;250236764;1034024516;0;88522204;21689570;0;15944;196478354;306706072;450000000;198536363;0;0;0;648536363;955242435;26000100;0;2751703;50030278;0;0;78782081;1034024516;
969;900373092;2019-12-31;2018;MILES;35575409;37566525;725477183;0;798619117;3027612;0;0;160286024;0;163313636;961932753;450000000;112636425;14910187;0;17247;177690140;755253999;0;123288658;0;0;0;123288658;878542657;26000100;0;2608304;54781692;0;0;83390096;961932753;
970;900540711;2019-12-31;2019;MILES;84119;336558;1765703;805500;2991880;34014584;0;0;5453433;0;39468017;42459897;0;18670006;0;0;109037;421198;19200241;0;45484734;0;0;0;45484734;64684975;20000;0;0;-22245078;0;0;-22225078;42459897;
971;900540711;2019-12-31;2018;MILES;8273;603165;227527;877610;1716575;34759296;0;0;1045972;0;35805268;37521843;0;14740664;0;0;234427;568;14975659;0;38719519;0;0;0;38719519;53695178;20000;0;0;-16193335;0;0;-16173335;37521843;
972;817002589;2019-12-31;2019;MILES;693325;2087853;19111567;12460912;34353657;9969087;32964827;0;-31324707;32964827;44574034;78927691;5793276;19138043;270489;0;0;6378350;31580158;6506478;0;444571;0;477207;7428256;39008414;11852280;0;34747586;-6680589;0;0;39919277;78927691;
973;817002589;2019-12-31;2018;MILES;2724302;1791747;22936537;14469557;41922143;10676888;35187115;0;-34302644;35187115;46748474;88670617;3916108;27165926;173896;0;0;5796573;37052503;9426382;0;187334;0;315121;9928837;46981340;11852280;0;34747586;-4910589;0;0;41689277;88670617;
974;890914614;2019-12-31;2019;MILES;523323;1911436;5665144;6650500;14750403;9199001;0;0;385338;0;9584339;24334742;13283526;2889828;17271;484736;434527;96908;17206796;0;0;0;0;774571;774571;17981367;10709580;0;185218;-4541423;0;0;6353375;24334742;
975;890914614;2019-12-31;2018;MILES;1277304;736495;5463773;7512303;14989875;6558617;0;0;624791;0;7183408;22173283;9895469;2971667;20417;529253;303642;39735;13760183;0;0;0;0;201802;201802;13961985;10709580;0;91387;-2589669;0;0;8211298;22173283;
976;800129680;2019-12-31;2019;MILES;654994;622059;1783183;225467;3285703;17125415;0;0;1179383;0;18304798;21590501;179370;3089453;0;0;124064;578515;3971402;1268;0;1549413;0;0;1550681;5522083;324472;805772;2014706;616215;0;12307253;16068418;21590501;
977;800129680;2019-12-31;2018;MILES;261871;702316;1237832;368222;2570241;17139593;0;0;841190;0;17980783;20551024;137215;2491222;0;0;71693;485080;3185210;374;0;1458642;0;0;1459016;4644226;324472;805772;2879836;-410535;0;12307253;15906798;20551024;
978;830005943;2019-12-31;2019;MILES;1870263;552660;4976032;0;7398955;1158153;0;0;16977;0;1175130;8574085;0;4042836;0;141788;190945;258676;4634245;0;0;0;0;0;0;4634245;92124;0;5000;3842716;0;0;3939840;8574085;
979;830005943;2019-12-31;2018;MILES;1203675;1289761;7327471;0;9820907;120267;0;0;72570;0;192837;10013744;0;5925211;0;130159;568903;262545;6886818;0;0;0;0;0;0;6886818;92124;0;5000;3029802;0;0;3126926;10013744;
980;900387802;2019-12-31;2019;MILES;212766;3004194;101422480;0;104639440;452723;0;0;0;0;452723;105092163;21251529;43759531;0;18791;967797;29881950;95879598;0;0;334973;0;0;334973;96214571;2500000;0;1106457;5271135;0;0;8877592;105092163;
981;900387802;2019-12-31;2018;MILES;4801717;3035661;37270614;0;45107992;532850;0;0;0;0;532850;45640842;19063962;9728943;0;18789;106742;8002823;36921259;0;0;947104;0;0;947104;37868363;2500000;0;1389298;3883181;0;0;7772479;45640842;
982;900407729;2019-12-31;2019;MILES;47799;1803034;6084923;1404861;9340617;74207437;0;0;24150703;0;98358140;107698757;3419341;6020657;0;2924153;500826;33530;12898507;50783750;0;11955735;0;0;62739485;75637992;526398;3837581;106779;27590007;0;0;32060765;107698757;
983;900407729;2019-12-31;2018;MILES;122993;1588988;6798522;1030896;9541399;50383435;0;0;24700152;0;75083587;84624986;11686964;5425373;0;2473001;80986;30164;19696488;41776755;0;6311703;0;0;48088458;67784946;526398;3837581;14600;12461461;0;0;16840040;84624986;
984;900465296;2019-12-31;2019;MILES;2332688;84856;1656461;6471150;10545155;0;0;0;0;0;0;10545155;0;2039989;0;0;74681;7284430;9399100;0;0;0;0;0;0;9399100;300000;0;640645;205410;0;0;1146055;10545155;
985;900465296;2019-12-31;2018;MILES;1162397;8681;1434686;5959565;8565329;0;0;0;0;0;0;8565329;2267169;2178855;0;0;238842;2939818;7624684;0;0;0;0;0;0;7624684;300000;0;150501;490144;0;0;940645;8565329;
986;900818223;2019-12-31;2019;MILES;6258;684417;37737;4778154;5506566;125916284;0;0;3058245;0;128974529;134481095;0;88320711;1462523;163009;0;317845956;407792199;27865;0;0;0;5776481;5804346;413596545;59555961;72552756;4155686;-415379853;0;0;-279115450;134481095;
987;900818223;2019-12-31;2018;MILES;19989;2685771;4159962;6060226;12925948;127050283;0;0;4888824;0;131939107;144865055;0;89305395;1462523;1572626;0;315892416;408232960;158898;0;0;0;5388416;5547314;413780274;59555961;72552756;4155686;-405179622;0;0;-268915219;144865055;
988;900326753;2019-12-31;2019;MILES;88317;344459;8565877;694186;9692839;15479179;0;0;5261977;0;20741156;30433995;3664005;1675992;0;562526;101059;9448;6013030;5782026;0;824617;0;0;6606643;12619673;490000;3599365;139377;13585580;0;0;17814322;30433995;
989;900326753;2019-12-31;2018;MILES;106169;336877;7273239;201851;7918136;15463748;0;0;5434397;0;20898145;28816281;4506853;736177;0;501316;45912;11649;5801907;4293660;0;1998872;0;0;6292532;12094439;490000;3599365;104792;12527685;0;0;16721842;28816281;
990;900235610;2019-12-31;2019;MILES;12882485;72838;3473783;2760109;19189215;6590251;12000000;0;-11801192;12000000;18789059;37978274;0;177081;207730;38543;312150;0;735504;0;0;112606;0;0;112606;848110;500000;0;0;36630164;0;0;37130164;37978274;
991;900235610;2019-12-31;2018;MILES;6971451;0;4625330;5052830;16649611;7309650;12180875;0;-11857745;12180875;19813655;36463266;0;2735092;266428;148798;1124498;0;4274816;0;0;107203;0;0;107203;4382019;500000;0;0;31581247;0;0;32081247;36463266;
992;900809717;2019-12-31;2019;MILES;21708732;3845208;60118354;21370018;107042312;26207227;792194;0;144722;792194;27936337;134978649;248672;92379231;559036;0;162620;0;93349559;3614076;0;0;0;0;3614076;96963635;28000000;0;102223;9912791;0;0;38015014;134978649;
993;900809717;2019-12-31;2018;MILES;2971611;2011521;56458559;19349028;80790719;22921977;432823;0;613163;432823;24400786;105191505;0;82729693;200000;0;521145;0;83450838;0;0;0;0;0;0;83450838;28000000;0;102223;-6361556;0;0;21740667;105191505;
994;901249505;2019-12-31;2019;MILES;8368773;1555758;1798781;0;11723312;0;0;558711179;24346709;0;583057888;594781200;0;1376732;1500;33201;534074;2789787;4735294;0;0;0;0;0;0;4735294;394528123;0;8807792;153959991;0;32750000;590045906;594781200;
995;900155107;2019-12-31;2019;MILES;260413259;211038363;124176806;557611050;1153239478;2261372094;0;59382207;2459188622;0;4779942923;5933182401;29469934;986945434;3184022;26874093;8471869;14734104;1069679456;109226123;695204375;0;0;76585244;881015742;1950695198;86196359;4335762775;8812603;-448284534;0;0;3982487203;5933182401;
996;900155107;2019-12-31;2018;MILES;132762280;218300931;150386229;544769782;1046219222;2412286698;0;186679812;2611488663;0;5210455173;6256674395;2976337;892827567;4321098;28671188;16779925;17780735;963356850;13195470;688383125;0;0;82251911;783830506;1747187356;97524674;4727770375;8812603;-324620613;0;0;4509487039;6256674395;
997;800066453;2019-12-31;2019;MILES;406106;4541633;16847;0;4964586;0;0;0;21075585;0;21075585;26040171;0;40795;0;0;0;50066;90861;0;0;0;0;0;0;90861;1405120;0;2718418;21825772;0;0;25949310;26040171;
998;800066453;2019-12-31;2018;MILES;229411;6004672;0;0;6234083;0;0;0;21075585;0;21075585;27309668;0;19;0;0;14144;715;14878;0;0;0;0;0;0;14878;1405120;0;2718418;23171252;0;0;27294790;27309668;
999;860009397;2019-12-31;2019;MILES;2271413;3395910;24967995;17661354;48296672;3031405;197796;0;24983856;197796;28410853;76707525;2031709;12009826;0;751480;0;0;14793015;27389225;0;853287;0;10858031;39100543;53893558;3940000;0;5205544;13668423;0;0;22813967;76707525;
1000;860009397;2019-12-31;2018;MILES;1368072;802100;28846845;16031211;47048228;417651;0;0;24637896;0;25055547;72103775;0;19414645;0;0;0;0;19414645;24100000;0;0;0;4543949;28643949;48058594;3940000;0;5205544;14899637;0;0;24045181;72103775;
1001;900275441;2019-12-31;2019;MILES;238483;808817;8944476;0;9991776;600393;0;0;399703;0;1000096;10991872;0;1596477;0;641230;244212;270664;2752583;0;0;629160;0;140988;770148;3522731;860000;2713029;3673423;222689;0;0;7469141;10991872;
1002;900275441;2019-12-31;2018;MILES;241524;934975;8796534;0;9973033;750060;0;0;39186;0;789246;10762279;0;1924306;0;873106;258203;0;3055615;0;0;575908;0;0;575908;3631523;860000;2713029;3020884;536843;0;0;7130756;10762279;
1003;860535609;2019-12-31;2019;MILES;85175;26910;2092;78514;192691;2228;0;51257423;0;0;51259651;51452342;0;691872;0;8939;18788;0;719599;0;14149800;4651226;0;0;18801026;19520625;5000;0;3509;31923208;0;0;31931717;51452342;
1004;860535609;2019-12-31;2018;MILES;62901;13317;12635;55914;144767;0;0;51177338;0;0;51177338;51322105;0;175638;0;27923;10562;0;214123;0;15743489;4651477;0;0;20394966;20609089;5000;0;3509;30704507;0;0;30713016;51322105;
1005;830095970;2019-12-31;2019;MILES;2501991;667697;14823222;2940766;20933676;164851;0;0;1428850;0;1593701;22527377;2981331;9455384;1750021;601758;759595;81209;15629298;0;0;0;0;0;0;15629298;150000;0;4899558;1848521;0;0;6898079;22527377;
1006;830095970;2019-12-31;2018;MILES;1028904;474528;12834851;2997696;17335979;148093;0;0;2410202;0;2558295;19894274;2283400;11682064;495199;568173;147909;0;15176745;0;0;0;0;0;0;15176745;150000;0;3549589;1017940;0;0;4717529;19894274;
1007;830092234;2019-12-31;2019;MILES;2635217;3537838;29609959;4130163;39913177;1415566;0;0;6480525;0;7896091;47809268;123187;25760443;3327444;659731;28019;4143346;34042170;64484;3852789;0;0;1312889;5230162;39272332;696200;0;1178507;6662229;0;0;8536936;47809268;
1008;830092234;2019-12-31;2018;MILES;2248797;4689050;38031619;2630136;47599602;1259520;0;0;1829061;0;3088581;50688183;1249609;30018475;2928769;630970;874669;6338348;42040840;138684;0;0;112972;1574373;1826029;43866869;696200;0;731443;5393671;0;0;6821314;50688183;
1009;900486387;2019-12-31;2019;MILES;13417;467870;629408;0;1110695;26811;0;0;960317;0;987128;2097823;11718;1228696;0;779501;16822;0;2036737;0;0;0;0;0;0;2036737;10000;0;30293;20793;0;0;61086;2097823;
1010;900486387;2019-12-31;2018;MILES;13391;736890;554729;0;1305010;13138;0;0;0;0;13138;1318148;0;471128;0;808362;0;0;1279490;0;0;0;0;0;0;1279490;10000;0;29538;-880;0;0;38658;1318148;
1011;900382271;2019-12-31;2019;MILES;233601;2131;292633;0;528365;0;10202717;0;-10202717;10202717;10202717;10731082;0;26775;0;0;13371;0;40146;0;293036;748315;0;0;1041351;1081497;2006000;0;40463;7603122;0;0;9649585;10731082;
1012;900382271;2019-12-31;2018;MILES;119538;6124;570053;0;695715;0;10042635;0;-10042635;10042635;10042635;10738350;0;30388;0;0;0;0;30388;0;293036;773213;0;0;1066249;1096637;2006000;0;36294;7599419;0;0;9641713;10738350;
1013;900174229;2019-12-31;2019;MILES;6984820;786713;6693485;0;14465018;236748;23658899;58118819;-23658899;23658899;82014466;96479484;2179484;0;0;0;2220407;80943;4480834;7525888;0;5686070;0;521100;13733058;18213892;2210086;4320172;4470361;67264973;0;0;78265592;96479484;
1014;900174229;2019-12-31;2018;MILES;4220175;380640;7143153;0;11743968;349761;28271084;47144367;-28271084;28271084;75765212;87509180;4005306;0;0;0;1565218;0;5570524;8148524;0;4213396;0;521100;12883020;18453544;2210086;4320172;1105043;61420335;0;0;69055636;87509180;
1015;900205173;2019-12-31;2019;MILES;0;6696;0;0;6696;0;0;6888290;0;0;6888290;6894986;0;8901;0;0;0;0;8901;0;332859;471208;0;0;804067;812968;105000;1445000;0;4532018;0;0;6082018;6894986;
1016;900205173;2019-12-31;2018;MILES;0;0;0;0;0;0;0;6888290;0;0;6888290;6888290;0;8901;0;0;7903;0;16804;0;231230;473663;0;0;704893;721697;105000;1445000;0;4616593;0;0;6166593;6888290;
1017;811000761;2019-12-31;2019;MILES;12410402;3461346;35013873;21516677;72402298;48757979;10896774;0;-8324578;10896774;62226949;134629247;6833620;18497074;2912650;3896365;4719891;2764;36862364;9708107;795671;12528829;0;7799944;30832551;67694915;1587000;26570410;793500;26244916;0;11738506;66934332;134629247;
1018;811000761;2019-12-31;2018;MILES;17312727;1342971;11535135;45061652;75252485;47633335;0;0;33277;0;47666612;122919097;7193198;15386129;1258608;3284667;4901273;16461643;48485518;2152489;1012603;6151838;0;6367690;15684620;64170138;1587000;26570410;793500;19637897;0;10160152;58748959;122919097;
1019;815003461;2019-12-31;2019;MILES;117734;228531;23855329;10499907;34701501;9847280;0;1397830;119664;0;11364774;46066275;11476761;6598399;0;243639;909812;0;19228611;5374536;0;0;0;0;5374536;24603147;4050720;0;2880526;14531882;0;0;21463128;46066275;
1020;815003461;2019-12-31;2018;MILES;102345;161973;24199292;9271220;33734830;9712797;0;1268352;16485;0;10997634;44732464;9739706;6487277;0;213950;1106573;0;17547506;0;0;11531;0;5388985;5400516;22948022;4050720;0;1650791;16082931;0;0;21784442;44732464;
1021;860002445;2019-12-31;2019;MILES;1663898;212233;8310621;7202386;17389138;29840819;0;0;86565;0;29927384;47316522;3338579;2369331;0;0;84212;897150;6689272;6684046;0;5528268;0;2015376;14227690;20916962;1400199;29769;2432448;2375447;0;20161697;26399560;47316522;
1022;860002445;2019-12-31;2018;MILES;1530897;202454;9660077;8128794;19522222;25600740;0;0;461781;0;26062521;45584743;3683213;4441984;0;0;22909;1314375;9462481;7366427;0;5766702;0;2035117;15168246;24630727;1400199;29769;620081;806615;0;18097352;20954016;45584743;
1023;900206503;2019-12-31;2019;MILES;276290;370657;2203973;0;2850920;0;0;0;0;0;0;2850920;0;34136884;123922;0;105358;0;34366164;0;0;0;0;4785823;4785823;39151987;1494945;0;0;-37796012;0;0;-36301067;2850920;
1024;900206503;2019-12-31;2018;MILES;323159;158837;4461306;6851339;11794641;1466728;0;0;236971;0;1703699;13498340;0;34127930;3978;0;174730;0;34306638;0;3806659;0;0;223597;4030256;38336894;1494945;0;0;-26333499;0;0;-24838554;13498340;
1025;900421310;2019-12-31;2019;MILES;91000;348000;2104000;1058000;3601000;2189000;0;0;28000;0;2217000;5818000;1478000;4000;0;10000;0;1594000;3086000;1413000;0;0;0;0;1413000;4499000;200000;0;101000;1018000;0;0;1319000;5818000;
1026;900421310;2019-12-31;2018;MILES;18000;399000;434000;2660000;3511000;2590000;0;0;43000;0;2633000;6144000;1297000;160000;0;19000;0;1728000;3204000;1652000;0;0;0;0;1652000;4856000;200000;0;86000;1002000;0;0;1288000;6144000;
1027;900250415;2019-12-31;2019;MILES;1721452;343853;21566536;11343982;34975823;3474958;0;0;327687;0;3802645;38778468;1084689;22245469;0;264940;1926738;0;25521836;1200141;0;54149;0;0;1254290;26776126;1600000;2491204;204385;7706753;0;0;12002342;38778468;
1028;900250415;2019-12-31;2018;MILES;1380215;1203291;18320307;10071528;30975341;1381057;0;0;398987;0;1780044;32755385;0;22554297;0;203135;2029478;0;24786910;0;0;0;0;0;0;24786910;1600000;2491204;204385;3672886;0;0;7968475;32755385;
1029;860515812;2019-12-31;2019;MILES;503613;751822;19630398;14555529;35441362;3117620;1883333;0;-970586;1883333;5913700;41355062;14565784;6230589;162031;27379;432400;713621;22131804;6892107;0;225460;0;62640;7180207;29312011;885909;50000;4694322;6412820;0;0;12043051;41355062;
1030;860515812;2019-12-31;2018;MILES;937698;805056;19458871;16283940;37485565;3528918;1011814;0;-136910;1011814;5415636;42901201;12668640;10110004;140741;63164;350862;818812;24152223;7049827;0;185654;0;67669;7303150;31455373;885909;50000;4694322;5815597;0;0;11445828;42901201;
1031;900203441;2019-12-31;2019;MILES;296757440;2038377;110822047;526310;410144174;1237999092;562611;0;5410250;562611;1244534564;1654678738;109826379;36495499;0;0;90800339;9877209;246999426;203197733;0;36370546;0;88995034;328563313;575562739;10000;0;57123582;457553797;0;564428620;1079115999;1654678738;
1032;900203441;2019-12-31;2018;MILES;341026603;8486559;132010164;347493;481870819;1396137870;1213735;0;6623915;1213735;1405189255;1887060074;164653112;37074916;0;0;92359784;95711755;389799567;296244801;0;30332209;0;87220459;413797469;803597036;10000;0;308704801;210319617;0;564428620;1083463038;1887060074;
1033;900377365;2019-06-30;2019;MILES;690299049;24889360;229286692;0;944475101;2497405244;0;0;0;0;2497405244;3441880345;270954252;273871785;0;0;0;97644642;642470679;848572934;0;98948308;0;481419990;1428941232;2071411911;6582480;724093005;124333131;515459818;0;0;1370468434;3441880345;
1034;900377365;2019-06-30;2018;MILES;738991749;10966978;87852061;0;837810788;2627086781;0;0;0;0;2627086781;3464897569;270774242;160627753;0;0;112596596;149831188;693829779;942685693;0;106986053;0;477707762;1527379508;2221209287;6582480;724093005;124333131;388679666;0;0;1243688282;3464897569;
1035;900377365;2019-12-31;2019;MILES;1070250651;5582342;351480374;0;1427313367;2365683880;0;0;0;0;2365683880;3792997247;266561355;395257032;0;0;140801118;92944238;895563743;754328754;0;89261758;0;484425350;1328015862;2223579605;6582480;724093005;124333131;714409026;0;0;1569417642;3792997247;
1036;900377365;2019-12-31;2018;MILES;690299049;24889360;229286692;0;944475101;2497405244;0;0;0;0;2497405244;3441880345;270954252;276292889;0;0;3624902;91598636;642470679;848572934;0;98948308;0;481419990;1428941232;2071411911;6582480;724093005;124333131;515459818;0;0;1370468434;3441880345;
1037;900103457;2019-12-31;2019;MILES;34586974;9180909;62624648;0;106392531;39893509;0;0;38518908;0;78412417;184804948;11585052;16345303;26622;5063319;7796752;17837513;58654561;0;0;0;0;22396259;22396259;81050820;4501238;0;0;-203928;0;99456818;103754128;184804948;
1038;900103457;2019-12-31;2018;MILES;13271861;11231026;56446749;0;80949636;43615802;0;0;3257255;0;46873057;127822693;6158863;34085498;23646;4330479;0;10188049;54786535;0;0;0;0;0;0;54786535;4501238;0;0;-30921898;0;99456818;73036158;127822693;
1039;830075502;2019-12-31;2019;MILES;164088;3454853;2408526;0;6027467;137203;0;0;156630;0;293833;6321300;518162;1784222;0;132872;467912;1138404;4041572;286220;0;0;0;168984;455204;4496776;800000;0;129290;895234;0;0;1824524;6321300;
1040;830075502;2019-12-31;2018;MILES;167494;1162759;2369227;0;3699480;208028;0;5472332;193766;0;5874126;9573606;770820;2471671;0;111468;270542;336870;3961371;3395741;0;0;0;443870;3839611;7800982;800000;0;100370;872254;0;0;1772624;9573606;
1041;900687096;2019-12-31;2019;MILES;633342;3279694;5626568;0;9539604;22522216;0;2275446;35758866;0;60556528;70096132;2612830;35920143;104500;0;1357379;175620;40170472;24788246;0;0;0;0;24788246;64958718;336851;14502310;0;-23476747;0;13775000;5137414;70096132;
1042;900687096;2019-12-31;2018;MILES;788971;12252224;6909098;5696730;25647023;25446937;16553;2197037;21420121;16553;49097201;74744224;4184400;63502203;21315;0;191939;101565;68001422;82772;0;0;0;0;82772;68084194;336851;14502310;0;-21954131;0;13775000;6660030;74744224;
1043;890912508;2019-12-31;2019;MILES;818083;9751022;4711390;6158007;21438502;12565544;0;0;3397527;0;15963071;37401573;48653;2116963;0;0;785296;352357;3303269;133390;0;1612034;0;3502595;5248019;8551288;345547;0;13539667;9724434;0;5240637;28850285;37401573;
1044;890912508;2019-12-31;2018;MILES;1039335;6999743;4687878;6451959;19178915;12771033;0;0;3470517;0;16241550;35420465;49853;2363443;0;0;818351;455708;3687355;176106;0;1698949;0;3513173;5388228;9075583;345447;0;11790816;8938339;0;5270280;26344882;35420465;
1045;830007710;2019-12-31;2019;MILES;6998735;0;34741352;3014300;44754387;492580;0;0;2704458;0;3197038;47951425;236623;24621356;2362541;876162;4089342;5231;32191255;0;0;0;0;0;0;32191255;2235927;0;1509810;12014433;0;0;15760170;47951425;
1046;830007710;2019-12-31;2018;MILES;10365207;0;7352091;2939241;20656539;310774;0;0;2228924;0;2539698;23196237;1324030;11461277;1547864;1147289;4143;8181;15492784;0;0;0;0;0;0;15492784;2235927;0;1509810;3957716;0;0;7703453;23196237;
1047;811045791;2019-12-31;2019;MILES;291589;2198649;528704;55045;3073987;13727470;0;0;15816469;0;29543939;32617926;535595;449671;0;671865;170405;0;1827536;979498;0;3195502;0;0;4175000;6002536;500000;0;12086982;14028408;0;0;26615390;32617926;
1048;811045791;2019-12-31;2018;MILES;532122;1538721;476469;103051;2650363;14199531;0;0;14709874;0;28909405;31559768;64032;935894;0;540082;0;0;1540008;2137565;0;2975855;0;0;5113420;6653428;500000;0;11269142;13137198;0;0;24906340;31559768;
1049;830126395;2019-12-31;2019;MILES;57314;10580619;36617248;0;47255181;9226576;444764;0;8620617;444764;18736721;65991902;3396382;15767034;0;8905437;3831063;2513479;34413395;1687500;0;0;0;2312700;4000200;38413595;1600000;9400000;37408273;-20829966;0;0;27578307;65991902;
1050;830126395;2019-12-31;2018;MILES;2751297;9237817;42062938;0;54052052;11197733;629081;0;4769141;629081;17225036;71277088;4032921;14727918;0;9667373;3517150;0;31945362;0;0;0;0;8055;8055;31953417;1600000;9400000;32485542;-4161871;0;0;39323671;71277088;
1051;860051306;2019-12-31;2019;MILES;41680;171091;0;0;212771;39491;11741630;0;-10089838;11741630;13432913;13645684;15438;21348;0;0;120351;0;157137;0;155638;37208;0;0;192846;349983;600000;0;300000;12395701;0;0;13295701;13645684;
1052;860051306;2019-12-31;2018;MILES;3060;1714;315000;0;319774;39491;13742001;0;-9625113;13742001;17898380;18218154;7722;20083;0;0;192891;0;220696;0;155638;918712;0;0;1074350;1295046;600000;0;300000;16023108;0;0;16923108;18218154;
1053;800019615;2019-12-31;2019;MILES;12936046;705618;48708270;27303038;89652972;41252316;32000000;0;-31456459;32000000;73795857;163448829;0;25479911;81000;3112257;4863427;0;33536595;0;0;5281433;0;0;5281433;38818028;10202281;0;65276257;36050505;0;13101758;124630801;163448829;
1054;800019615;2019-12-31;2018;MILES;11320535;251467;36667151;23059668;71298821;40008947;14500000;0;-13532936;14500000;55476011;126774832;0;17404389;138000;2767938;2655927;0;22966254;0;0;5807916;0;0;5807916;28774170;10202281;0;46396024;28075047;0;13327310;98000662;126774832;
1055;900363707;2019-12-31;2019;MILES;1617930;0;0;16265744;17883674;1812754;20991770;0;-20981655;20991770;22814639;40698313;0;20189531;0;0;0;0;20189531;25606486;0;0;0;0;25606486;45796017;500000;0;0;-5597704;0;0;-5097704;40698313;
1056;900363707;2019-12-31;2018;MILES;2196965;0;0;10360546;12557511;1071122;27824522;0;-27464708;27824522;29255458;41812969;0;16323198;0;0;0;0;16323198;25841717;0;0;0;0;25841717;42164915;500000;0;0;-851946;0;0;-351946;41812969;
1057;830128633;2019-12-31;2019;MILES;6187607;4004267;9956313;0;20148187;4180544;0;0;399160;0;4579704;24727891;4181;11195735;0;0;0;0;11199916;0;0;0;0;584231;584231;11784147;500000;0;12318435;125309;0;0;12943744;24727891;
1058;830128633;2019-12-31;2018;MILES;17376209;987773;873204;0;19237186;285892;0;0;441864;0;727756;19964942;0;6299100;0;0;0;0;6299100;0;0;0;0;847407;847407;7146507;500000;0;9111279;3207156;0;0;12818435;19964942;
1059;860091590;2019-12-31;2019;MILES;5660;133689;347555;985228;1472132;0;0;0;0;0;0;1472132;0;308240;8027;7143;68490;1495;393395;0;0;0;0;0;0;393395;100000;0;2587;976150;0;0;1078737;1472132;
1060;860091590;2019-12-31;2018;MILES;191;2002;1318;985228;988739;0;0;0;0;0;0;988739;0;24500;8027;0;134;0;32661;0;0;0;0;0;0;32661;100000;0;2587;853491;0;0;956078;988739;
1061;900113563;2019-12-31;2019;MILES;10804556;272756;5525293;281350;16883955;111509765;0;0;313802172;0;425311937;442195892;1424844;114624;0;193084;0;3224;1735776;46509687;0;0;0;8994613;55504300;57240076;93827395;0;0;26295571;0;264832850;384955816;442195892;
1062;900113563;2019-12-31;2018;MILES;6089157;113271;1872097;326555;8401080;22609787;0;0;98178767;0;120788554;129189634;3037429;174261;0;160676;0;5672;3378038;28886273;0;0;0;0;28886273;32264311;93827395;0;0;3097928;0;0;96925323;129189634;
1063;860062001;2019-12-31;2019;MILES;1499252;1114428;1273837;437063;4324580;640007;0;0;1141021;0;1781028;6105608;0;1349373;92008;36000;133037;530911;2141329;560760;0;0;0;14469;575229;2716558;550000;0;2183705;655345;0;0;3389050;6105608;
1064;860062001;2019-12-31;2018;MILES;2072402;787815;1291240;481344;4632801;116941;0;0;1342195;0;1459136;6091937;0;1550607;85932;35000;244169;797873;2713581;0;0;0;0;16643;16643;2730224;550000;0;2837687;-25974;0;0;3361713;6091937;
1065;860005114;2019-12-31;2019;MILES;63534800;15707611;136506673;17696621;233445705;225594410;0;0;12283813;0;237878223;471323928;61309786;103378249;0;7662506;0;6661469;179012010;5282173;0;18642507;0;4560187;28484867;207496877;943844;56161;268202956;-5375910;0;0;263827051;471323928;
1066;860005114;2019-12-31;2018;MILES;49168146;10563374;129836341;16035438;205603299;247482633;0;0;7870868;0;255353501;460956800;36720367;60548219;0;6651725;0;5220322;109140633;59483310;0;19508068;0;5628851;84620229;193760862;943844;56161;260508211;5687722;0;0;267195938;460956800;
1067;900402080;2019-12-31;2019;MILES;1240080;5157161;64206469;37140439;107744149;27304088;0;0;5533301;0;32837389;140581538;2514412;62081970;305189;3102040;0;1201467;69205078;1623783;0;0;0;1297100;2920883;72125961;76468151;5922537;0;-13935111;0;0;68455577;140581538;
1068;900402080;2019-12-31;2018;MILES;2485106;15343806;55659190;31968591;105456693;25114108;0;0;3512896;0;28627004;134083697;8909146;51608393;305189;2909882;0;1148504;64881114;1166549;0;0;0;0;1166549;66047663;76468151;5922537;206177;-14560831;0;0;68036034;134083697;
1069;900139306;2019-12-31;2019;MILES;108000;2356000;0;0;2464000;0;634000;0;-634000;634000;634000;3098000;0;11000;564000;0;0;0;575000;0;99865000;0;0;0;99865000;100440000;77000;0;-143177000;190128000;0;-144370000;-97342000;3098000;
1070;900139306;2019-12-31;2018;MILES;149000;2426000;12000;0;2587000;0;869000;0;4058000;869000;5796000;8383000;0;1298000;575000;0;0;0;1873000;0;98182000;0;0;904000;99086000;100959000;77000;0;-142653000;195506000;0;-145506000;-92576000;8383000;
1071;900331124;2019-12-31;2019;MILES;869323;1139892;10678481;3888257;16575953;469742;0;0;120200;0;589942;17165895;11927800;1913750;0;0;276616;296828;14414994;0;0;112943;0;0;112943;14527937;779000;1300000;139403;419555;0;0;2637958;17165895;
1072;900331124;2019-12-31;2018;MILES;898018;1183337;10174531;5190470;17446356;502213;0;0;850825;0;1353038;18799394;10365330;4195483;0;0;575901;302256;15438970;0;0;352979;0;0;352979;15791949;779000;1300000;707506;220939;0;0;3007445;18799394;
1073;800130305;2019-12-31;2019;MILES;986132;412546;6174013;519963;8092654;11903937;0;0;6811186;0;18715123;26807777;671044;7502973;496053;0;0;1575280;10245350;0;0;382273;0;5820683;6202956;16448306;1514914;0;5577773;3266784;0;0;10359471;26807777;
1074;800130305;2019-12-31;2018;MILES;788827;409966;8518862;410292;10127947;9283300;0;0;736146;0;10019446;20147393;1314583;7515356;0;0;1754378;1493940;12078257;0;0;242640;0;0;242640;12320897;1514914;0;565135;5746447;0;0;7826496;20147393;
1075;900234565;2019-12-31;2019;MILES;2575915;795814;9499916;11133003;24004648;1348528;0;0;271185;0;1619713;25624361;15599;8786936;0;155894;0;1476771;10435200;0;104000;0;0;0;104000;10539200;6017922;24000000;238119;-15170880;0;0;15085161;25624361;
1076;900234565;2019-12-31;2018;MILES;1756719;1473270;8622299;12892092;24744380;534952;0;0;400007;0;934959;25679339;38231;12008547;0;115600;0;302451;12464829;0;0;0;0;0;0;12464829;6017922;24000000;238119;-17041531;0;0;13214510;25679339;
1077;840000922;2019-12-31;2019;MILES;1276774;5131400;8908008;11568338;26884520;10728907;516082;242550;1326938;516082;13330559;40215079;14057817;4254260;0;76894;57067;5002668;23448706;11443058;0;392610;0;0;11835668;35284374;3000000;240260;967860;-690490;0;1413075;4930705;40215079;
1078;840000922;2019-12-31;2018;MILES;1704485;13829324;3999590;9387668;28921067;12448937;0;0;326842;0;12775779;41696846;10415508;4990116;0;155467;269223;10007677;25837991;12367849;0;103898;0;0;12471747;38309738;3000000;240260;82325;64523;0;0;3387108;41696846;
1079;830056113;2019-12-31;2019;MILES;1693888;2022869;22384108;10548594;36649459;868286;0;0;2826595;0;3694881;40344340;217781;30715286;194737;104687;873628;1023748;33129867;618591;0;0;0;0;618591;33748458;5000000;2267727;0;-671845;0;0;6595882;40344340;
1080;830056113;2019-12-31;2018;MILES;1326290;4419840;18721452;10017968;34485550;52805;0;0;2814003;0;2866808;37352358;0;30582744;186673;122880;415972;69353;31377622;0;0;339516;0;0;339516;31717138;5000000;2267727;0;-1632507;0;0;5635220;37352358;
1081;900153264;2019-12-31;2019;MILES;7097748;102242;14867;0;7214857;0;0;0;28164333;0;28164333;35379190;0;146591;0;0;9255;0;155846;0;0;0;0;0;0;155846;161360;0;137389435;-102327451;0;0;35223344;35379190;
1082;900153264;2019-12-31;2018;MILES;3964575;0;21471;0;3986046;0;3000000;0;17041916;3000000;23041916;27027962;0;14444;0;0;19564;0;34008;0;0;0;0;0;0;34008;161360;0;129267018;-102434424;0;0;26993954;27027962;
1083;860002538;2019-12-31;2019;MILES;12328333;25449708;265736842;140614095;444128978;62289127;1920294;0;1736467;1920294;67866182;511995160;10727;423332969;312453;22718852;1144045;0;447519046;0;0;0;0;9219923;9219923;456738969;7934808;1382;3967404;43352597;0;0;55256191;511995160;
1084;860002538;2019-12-31;2018;MILES;12404995;6534691;208766842;140162589;367869117;60488072;4968553;0;36181969;4968553;106607147;474476264;0;365841420;1831400;15588749;1073423;80000;384414992;0;0;0;0;9057197;9057197;393472189;7934808;1382;3967404;69100481;0;0;81004075;474476264;
1085;900303919;2019-12-31;2019;MILES;68033;2918670;16939287;25694429;45620419;84507438;26801171;0;-24979558;26801171;113130222;158750641;19706029;13799295;0;844016;236822;0;34586162;23863077;0;10999841;0;0;34862918;69449080;11707000;0;6001625;49967820;0;21625116;89301561;158750641;
1086;900303919;2019-12-31;2018;MILES;755888;2484132;16034094;23491245;42765359;82350777;28159251;0;-27483186;28159251;111186093;153951452;10844113;14588727;0;847539;196632;0;26477011;26949564;0;11565302;0;0;38514866;64991877;11707000;0;6001625;49625834;0;21625116;88959575;153951452;
1087;860033653;2019-12-31;2019;MILES;19519406;1045729;6512847;31131139;58209121;12688718;21299;3466458;257180;21299;16454954;74664075;315007;3014503;33046;0;2875140;5382485;11620181;0;0;1734235;0;0;1734235;13354416;1000000;0;7920151;36766923;0;15622585;61309659;74664075;
1088;860033653;2019-12-31;2018;MILES;16827606;1018022;7445711;27702564;52993903;12830373;5727;3466458;616023;5727;16924308;69918211;2032177;2206753;40792;0;2118425;1661698;8059845;0;0;1705017;0;4921970;6626987;14686832;1000000;0;7977013;30622332;0;15632034;55231379;69918211;
1089;900210622;2019-12-31;2019;MILES;1289648;105469416;133207585;71352263;311318912;175916;0;0;11181809;0;11357725;322676637;0;77159372;3285295;394250;10384720;91984840;183208477;0;106062075;0;0;632994;106695069;289903546;5204592;103754203;0;-76185704;0;0;32773091;322676637;
1090;900210622;2019-12-31;2018;MILES;4439187;40338884;101844321;16736366;163358758;313180;0;0;362176;0;675356;164034114;281202;106398276;3056397;295041;4218564;0;114249480;0;54676318;0;0;0;54676318;168925798;5050000;50000000;0;-59941684;0;0;-4891684;164034114;
1091;800171929;2019-12-31;2019;MILES;6758128;127666;11266061;5531650;23683505;6075288;0;0;1110552;0;7185840;30869345;0;8801001;0;192799;618446;0;9612246;1741085;0;0;0;0;1741085;11353331;85800;0;96300;19333914;0;0;19516014;30869345;
1092;800171929;2019-12-31;2018;MILES;4081101;112508;10058784;4854713;19107106;4915940;0;0;1325361;0;6241301;25348407;0;8086021;0;146475;415042;0;8647538;287274;246601;0;0;0;533875;9181413;85800;0;96300;15984894;0;0;16166994;25348407;
1093;900647720;2019-12-31;2019;MILES;2457;286233;3054469;33048;3376207;12968222;0;0;45839;0;13014061;16390268;0;464949;0;134211;183078;0;782238;0;310740;165412;0;0;476152;1258390;3660000;0;1630000;1212584;0;8629294;15131878;16390268;
1094;900647720;2019-12-31;2018;MILES;17398;185844;1916069;39586;2158897;11595218;0;0;87613;0;11682831;13841728;0;845346;0;120316;287732;0;1253394;0;0;126408;0;0;126408;1379802;3260000;0;0;1949913;0;7252013;12461926;13841728;
1095;900400367;2019-12-31;2019;MILES;3203452;730774;124780;15;4059021;14387;20346;0;-20346;20346;34733;4093754;0;1854;0;25335;1115;71;28375;0;0;0;0;0;0;28375;101000;12241555;62788;-8339964;0;0;4065379;4093754;
1096;900400367;2019-12-31;2018;MILES;3555587;741720;126360;15;4423682;41418;20346;0;-20346;20346;61764;4485446;0;6132;0;29250;42440;1378;79200;0;0;0;0;0;0;79200;101000;12241555;62788;-7999097;0;0;4406246;4485446;
1097;801004334;2019-12-31;2019;MILES;1015592;4692188;324776;1852769;7885325;14282089;482613;0;127976;482613;15375291;23260616;3875092;4068494;0;462667;203237;26405;8635895;1534777;0;784684;0;190391;2509852;11145747;709460;1515850;8011525;1878034;0;0;12114869;23260616;
1098;801004334;2019-12-31;2018;MILES;1169103;4495634;364574;1036507;7065818;13633773;368770;0;452729;368770;14824042;21889860;2967579;4004650;0;374927;1626081;3739;8976976;1639756;0;674342;0;190391;2504489;11481465;709460;1515850;4961139;3221946;0;0;10408395;21889860;
1099;830067414;2019-12-31;2019;MILES;3583603;5076844;27153972;22682294;58496713;50055799;535229;0;1968145;535229;53094402;111591115;15438853;15689353;0;0;4976064;0;36104270;19032266;0;2702782;0;0;21735048;57839318;829000;0;42200210;7037788;0;3684799;53751797;111591115;
1100;830067414;2019-12-31;2018;MILES;1406794;1350025;22125116;19400085;44282020;39036609;495016;0;1738662;495016;41765303;86047323;5624453;11640551;0;0;5020727;0;22285731;12508531;0;2502687;0;0;15011218;37296949;829000;0;35266924;8969651;0;3684799;48750374;86047323;
1101;800230546;2019-12-31;2019;MILES;5457307;559847;437996509;1699769;445713432;51755095;0;0;8288096;0;60043191;505756623;6535011;332344303;1054921;4130174;4454140;35453776;383972325;23382187;0;0;0;2065686;25447873;409420198;352000;0;13150301;82834124;0;0;96336425;505756623;
1102;800230546;2019-12-31;2018;MILES;2774712;671557;193287879;1456249;198190397;16750187;0;0;9161017;0;25911204;224101601;6934083;97649347;411697;4334244;3946791;34308463;147584625;0;0;0;0;830040;830040;148414665;352000;0;12944260;62390676;0;0;75686936;224101601;
1103;860069182;2019-12-31;2019;MILES;1637786;1914843;9207850;19417747;32178226;45534374;19936;35026153;247122;19936;80847521;113025747;4077518;7499380;0;0;668559;1175283;13420740;25866519;8674189;5085404;0;2128311;41754423;55175163;5334320;0;9017633;9559533;0;33939098;57850584;113025747;
1104;860069182;2019-12-31;2018;MILES;2040552;0;10368998;19333892;31743442;47116858;0;35026153;454655;0;82597666;114341108;2381690;8360732;0;0;761377;735434;12239233;26512106;9726069;5436143;697077;0;42371395;54610628;5334320;0;9017633;11439429;0;33939098;59730480;114341108;
1105;830033403;2019-12-31;2019;MILES;9227736;1891679;22315012;13117053;46551480;236513;0;0;3985560;0;4222073;50773553;0;11794560;0;68665;3038;268361;12134624;0;0;0;0;2381811;2381811;14516435;1700000;0;3012070;31545048;0;0;36257118;50773553;
1106;830033403;2019-12-31;2018;MILES;16931876;2755507;18072457;14743944;52503784;374176;0;0;1308704;0;1682880;54186664;0;17095771;0;65714;15752;0;17177237;0;0;0;0;4994;4994;17182231;1700000;0;3012070;32292363;0;0;37004433;54186664;
1107;900039998;2019-12-31;2019;MILES;106259;69040;88442;0;263741;0;1425612;0;-1425612;1425612;1425612;1689353;0;1046742;0;0;0;0;1046742;0;87743300;0;0;21419826;109163126;110209868;64967392;147885187;0;-321373094;0;0;-108520515;1689353;
1108;900039998;2019-12-31;2018;MILES;65077;71590;162676;0;299343;1974645;13252330;0;231747570;13252330;260226875;260526218;0;895769;0;0;0;0;895769;0;111975559;0;0;542794;112518353;113414122;64967392;147885187;0;-65740483;0;0;147112096;260526218;
1109;800030412;2019-12-31;2019;MILES;1899303;8381633;8322649;22052602;40656187;11433699;0;0;1406908;0;12840607;53496794;51736;45818162;0;326413;1290169;42249;47528729;172317;0;1464544;0;98021;1734882;49263611;1750000;3500000;887618;-5850727;0;3946292;4233183;53496794;
1110;800030412;2019-12-31;2018;MILES;1018801;6879448;8888399;20011736;36798384;10901019;14775;0;1936935;14775;12867504;49665888;104253;44402569;0;318158;958771;149211;45932962;0;0;1358832;0;96250;1455082;47388044;1750000;3500000;1680618;-9198250;0;4545476;2277844;49665888;
1111;860523227;2019-12-31;2019;MILES;211313;196687;2362975;2922939;5693914;0;0;0;66762;0;66762;5760676;0;1721650;47564;0;328731;3148;2101093;0;0;6621;0;0;6621;2107714;292000;0;737950;2623012;0;0;3652962;5760676;
1112;860523227;2019-12-31;2018;MILES;608375;196279;2246246;1964508;5015408;3919;0;0;80115;0;84034;5099442;0;1949833;4425;0;279138;71959;2305355;0;0;0;0;0;0;2305355;292000;0;96347;2405740;0;0;2794087;5099442;
1113;805021816;2019-12-31;2019;MILES;2700185;9118021;8753145;1410084;21981435;12315833;0;16499627;125862343;0;154677803;176659238;0;4671730;0;0;0;89304;4761034;0;0;1583134;0;99520;1682654;6443688;92000;3790000;43129209;8040670;0;115163671;170215550;176659238;
1114;805021816;2019-12-31;2018;MILES;8582920;9235917;4908543;1519721;24247101;12862977;0;20402460;94692139;0;127957576;152204677;0;918472;0;110008;174731;0;1203211;0;0;1583074;0;37;1583111;2786322;92000;3790000;41086024;2769124;0;101681207;149418355;152204677;
1115;890211562;2019-12-31;2019;MILES;2376047;4772982;10068848;8785056;26002933;3499927;204910;0;3037140;204910;6946887;32949820;0;4032452;17396;454571;0;1477154;5981573;0;0;0;0;3060393;3060393;9041966;11264142;4933618;4278395;3431699;0;0;23907854;32949820;
1116;890211562;2019-12-31;2018;MILES;614324;6542051;9147915;8240511;24544801;3815971;133039;0;-102811;133039;3979238;28524039;0;5069115;17396;404525;0;625057;6116093;0;0;0;0;116936;116936;6233029;11264142;4933618;3792417;2300833;0;0;22291010;28524039;
1117;900447550;2019-12-31;2019;MILES;262578;882532;13276272;6500392;20921774;39599659;0;0;1190833;0;40790492;61712266;14073304;3852156;0;0;751742;418526;19095728;15881845;0;132844;0;0;16014689;35110417;16552374;0;0;10049475;0;0;26601849;61712266;
1118;900447550;2019-12-31;2018;MILES;80863;1619991;9410157;5336060;16447071;41197029;0;0;1288996;0;42486025;58933096;10177972;4235334;0;0;1101140;434502;15948948;13441580;4376951;98901;0;0;17917432;33866380;16552374;0;0;8514342;0;0;25066716;58933096;
1119;890913183;2019-12-31;2019;MILES;427830;426864;13905735;0;14760429;451349;163648;2853115;820923;163648;4452683;19213112;77827;3765629;887073;735652;979702;13273;6459156;0;0;0;0;160617;160617;6619773;13990;0;5221079;7358270;0;0;12593339;19213112;
1120;890913183;2019-12-31;2018;MILES;197323;420662;8100333;0;8718318;789295;96075;3008621;3858229;96075;7848295;16566613;220939;1394933;187235;677857;510541;7694;2999199;110232;0;0;0;122382;232614;3231813;13990;0;4330854;8989956;0;0;13334800;16566613;
1121;800087204;2019-12-31;2019;MILES;2445711;1248669;440440;38640;4173460;1897751;0;0;791159;0;2688910;6862370;0;1388157;0;89777;115163;137025;1730122;0;1113299;121212;0;769162;2003673;3733795;168000;0;161114;2799461;0;0;3128575;6862370;
1122;800087204;2019-12-31;2018;MILES;1779267;910098;642198;38265;3369828;1978592;253495;0;-231245;253495;2254337;5624165;0;1443301;0;76790;85375;14276;1619742;0;823006;168796;0;0;991802;2611544;168000;0;161114;305533;0;2377974;3012621;5624165;
1123;860353804;2019-12-31;2019;MILES;6906;469281;3465307;0;3941494;13798250;0;0;8330106;0;22128356;26069850;2092154;2306306;0;563264;251093;0;5212817;1973330;0;0;0;0;1973330;7186147;450000;0;331041;18093632;0;9030;18883703;26069850;
1124;860353804;2019-12-31;2018;MILES;87866;580458;3485909;0;4154233;13891316;0;0;7080106;0;20971422;25125655;3202429;1877390;0;504928;331710;0;5916457;244877;0;0;0;0;244877;6161334;450000;0;331041;18174250;0;9030;18964321;25125655;
1125;830090773;2019-12-31;2019;MILES;7249096;37756371;48253108;463998;93722573;5399442;4930761;0;9360431;4930761;24621395;118343968;14940908;29198825;6617572;0;12350393;9148265;72255963;1881522;872841;0;0;333901;3088264;75344227;3543375;20180864;1750000;17525502;0;0;42999741;118343968;
1126;830090773;2019-12-31;2018;MILES;5194816;39145541;57198224;683610;102222191;5832334;5954480;0;5016343;5954480;22757637;124979828;15811058;41004290;8420567;0;12153794;8020607;85410316;814893;872841;0;0;172059;1859793;87270109;3500000;15900231;1750000;16559488;0;0;37709719;124979828;
1127;800087202;2019-12-31;2019;MILES;2001555;805695;907882;36185;3751317;3356542;572996;0;1694247;572996;6196781;9948098;0;1627846;62150;119024;242782;135047;2186849;0;1347706;160904;0;1055483;2564093;4750942;336000;0;230825;4630331;0;0;5197156;9948098;
1128;800087202;2019-12-31;2018;MILES;1303807;634546;2543602;35796;4517751;3262015;85464;1206691;-85464;85464;4554170;9071921;0;2308500;0;114003;145760;57978;2626241;0;802371;148347;0;0;950718;3576959;336000;0;230825;800887;0;4127250;5494962;9071921;
1129;800096494;2019-12-31;2019;MILES;1099696;78555;3562221;218702;4959174;1178963;0;0;1127971;0;2306934;7266108;276893;2292781;88250;0;346316;362624;3366864;678252;0;13430;0;0;691682;4058546;1500000;0;75817;1631745;0;0;3207562;7266108;
1130;800096494;2019-12-31;2018;MILES;146260;276080;3909978;153956;4486274;1359296;0;0;332914;0;1692210;6178484;355275;3411494;185495;0;0;331300;4283564;0;0;0;0;0;0;4283564;1500000;0;120793;274127;0;0;1894920;6178484;
1131;830015923;2019-12-31;2019;MILES;7283181;4670032;25471610;26476662;63901485;415606;655779;0;-101079;655779;1626085;65527570;63088;50953773;0;0;0;0;51016861;0;0;0;0;0;0;51016861;1504900;21461013;605746;-9060950;0;0;14510709;65527570;
1132;830015923;2019-12-31;2018;MILES;7455632;3541204;21521135;24448436;56966407;575333;579101;0;-208086;579101;1525449;58491856;0;40195778;0;0;0;0;40195778;0;0;301012;0;345593;646605;40842383;1504900;21461013;605746;-5922186;0;0;17649473;58491856;
1133;900180705;2019-12-31;2019;MILES;3475875;73355;1314704;0;4863934;120648;0;0;6304;0;126952;4990886;25;1586769;0;70852;131089;0;1788735;0;0;36564;0;624814;661378;2450113;400000;0;200000;1940773;0;0;2540773;4990886;
1134;900180705;2019-12-31;2018;MILES;3352444;250217;964601;0;4567262;185530;0;0;38732;0;224262;4791524;10821;1888744;0;49683;42139;0;1991387;0;0;43823;0;867522;911345;2902732;400000;0;200000;1288792;0;0;1888792;4791524;
1135;830037955;2019-12-31;2019;MILES;8016061;23781125;28406361;16975393;77178940;1558859;0;0;4269325;0;5828184;83007124;0;30970085;0;4110132;0;0;35080217;0;21371587;0;0;0;21371587;56451804;66445886;9063327;0;-69234024;0;20280131;26555320;83007124;
1136;830037955;2019-12-31;2018;MILES;9067356;0;23633311;12781097;45481764;45754725;0;0;3557272;0;49311997;94793761;0;28322931;0;4106503;0;0;32429434;0;19005501;0;0;0;19005501;51434935;66445886;9063327;0;-55064966;0;22914579;43358826;94793761;
1137;900461844;2019-12-31;2019;MILES;258942;77552;11342024;2870369;14548887;2728827;10540119;0;-10126595;10540119;13682470;28231357;1894519;2457069;0;711761;830984;23870;5918203;1245624;7003250;532471;0;765286;9546631;15464834;900000;0;7964315;3902208;0;0;12766523;28231357;
1138;900461844;2019-12-31;2018;MILES;284116;170684;2733648;3551680;6740128;3237944;17371564;0;-16951767;17371564;21029305;27769433;1905397;5774657;0;714345;1147917;86390;9628706;5300538;1155193;621760;0;773807;7851298;17480004;900000;0;5180943;4208486;0;0;10289429;27769433;
1139;900084407;2019-12-31;2019;MILES;2318795;0;1357428;0;3676223;197631489;890857;0;41619928;890857;241033131;244709354;507908;13508766;0;0;850535;687052;15554261;2610283;0;0;0;2660637;5270920;20825181;15000;0;87879682;-581407074;0;717396565;223884173;244709354;
1140;900084407;2019-12-31;2018;MILES;1752029;106462;206895;0;2065386;193926104;0;0;35293415;0;229219519;231284905;0;13936759;0;0;303664;1467869;15708292;0;0;0;0;2539757;2539757;18248049;15000;0;78688153;-549058148;0;683391851;213036856;231284905;
1141;811012153;2019-12-31;2019;MILES;262284;0;418923;1496115;2177322;3385587;0;0;241904;0;3627491;5804813;24590;457861;0;156163;251214;65479;955307;101688;870770;43285;0;0;1015743;1971050;600000;300000;155432;450692;0;2327639;3833763;5804813;
1142;811012153;2019-12-31;2018;MILES;199;12039;770073;1241182;2023493;3507704;0;0;231546;0;3739250;5762743;55705;272313;0;113015;284582;93479;819094;281398;790157;43285;0;0;1114840;1933934;600000;300000;155432;1787370;0;986007;3828809;5762743;
1143;900504398;2019-12-31;2019;MILES;453566;770050;4189514;0;5413130;11818;0;0;9213;0;21031;5434161;0;1923709;0;45350;183892;362195;2515146;0;0;0;0;0;0;2515146;1350000;0;355125;1213890;0;0;2919015;5434161;
1144;900504398;2019-12-31;2018;MILES;778313;714822;3238679;0;4731814;14279;0;0;7374;0;21653;4753467;0;1989462;0;72793;355271;0;2417526;0;0;0;0;0;0;2417526;1350000;0;252698;733243;0;0;2335941;4753467;
1145;900163926;2019-12-31;2019;MILES;20587727;3165540;21414775;0;45168042;150308;0;0;758163;0;908471;46076513;70142;25671104;0;0;888853;0;26630099;0;0;0;0;337001;337001;26967100;220000;0;13278848;5610565;0;0;19109413;46076513;
1146;900163926;2019-12-31;2018;MILES;13277815;4350086;37024713;0;54652614;8129;0;0;284215;0;292344;54944958;0;34932032;0;0;643829;0;35575861;0;0;0;0;197283;197283;35773144;220000;0;13278848;5672966;0;0;19171814;54944958;
1147;900577148;2019-12-31;2019;MILES;56892;1029371;1087403;951404;3125070;11771902;0;0;4533803;0;16305705;19430775;5954668;3754067;0;0;3630796;2647491;15987022;6661740;4881382;536291;0;1509217;13588630;29575652;2000337;19894685;0;-36062187;0;4022288;-10144877;19430775;
1148;900577148;2019-12-31;2018;MILES;233608;1014227;8507165;1057461;10812461;10745213;0;0;7584054;0;18329267;29141728;4946999;5536520;0;0;1536002;1645170;13664691;8802986;3284487;570941;0;1486234;14144648;27809339;2000266;19120785;0;-23165901;0;3377239;1332389;29141728;
1149;900042784;2019-12-31;2019;MILES;158771;1038383;12908218;0;14105372;146294;0;0;47212102;0;47358396;61463768;0;372033;0;0;191521;15488413;16051967;0;0;0;0;0;0;16051967;389793;0;23577578;21444430;0;0;45411801;61463768;
1150;900042784;2019-12-31;2018;MILES;41811;1623466;2650562;0;4315839;0;0;0;54558675;0;54558675;58874514;0;126948;0;0;223448;16400079;16750475;0;0;0;0;12146;12146;16762621;389793;0;23577578;18144522;0;0;42111893;58874514;
1151;800149138;2019-12-31;2019;MILES;2108833;1206870;2776003;4091302;10183008;1519632;0;0;2833938;0;4353570;14536578;3443719;2357862;0;182242;666623;1580288;8230734;1666667;0;959973;0;1876666;4503306;12734040;1500000;599244;0;-296706;0;0;1802538;14536578;
1152;800149138;2019-12-31;2018;MILES;977378;0;1870562;1538604;4386544;384621;0;0;1131;0;385752;4772296;486595;936718;0;140363;887429;254685;2705790;51524;0;3185;0;0;54709;2760499;1500000;599244;0;-87447;0;0;2011797;4772296;
1153;901134802;2019-12-31;2019;MILES;274;1036887;1447;2699624;3738232;1388439;0;0;7406865;0;8795304;12533536;5312884;2507417;0;4141;55540;0;7879982;0;3640211;138846;0;0;3779057;11659039;446580;2006555;0;-1578638;0;0;874497;12533536;
1154;901134802;2019-12-31;2018;MILES;73731;1024627;181355;2571881;3851594;1338255;0;0;8243402;0;9581657;13433251;155130;3465273;0;100319;3034;1000;3724756;2433280;4911525;0;0;0;7344805;11069561;446580;2006555;0;-89445;0;0;2363690;13433251;
1155;900127140;2019-12-31;2019;MILES;1148874;2370312;25552524;21129568;50201278;7037499;0;0;273662;0;7311161;57512439;10367705;15734100;0;280700;1581068;916948;28880521;9973369;0;1014245;0;0;10987614;39868135;6700000;0;1817538;6979694;0;2147072;17644304;57512439;
1156;900127140;2019-12-31;2018;MILES;1363887;1618123;10562379;8415782;21960171;7029868;0;0;364881;0;7394749;29354920;5345896;5763138;0;249333;828661;340205;12527233;3944968;0;1029535;0;0;4974503;17501736;3773000;0;1650384;4282728;0;2147072;11853184;29354920;
1157;891410137;2019-12-31;2019;MILES;106424068;68984241;90068378;141889547;407366234;49447294;24824499;0;-24595637;24824499;74500655;481866889;205041;29196667;0;1917251;5766309;4749173;41834441;0;0;4460943;0;464354;4925297;46759738;259671;0;367598281;67249199;0;0;435107151;481866889;
1158;891410137;2019-12-31;2018;MILES;215348667;3792299;83920479;96382189;399443634;52439347;22561204;0;-22232055;22561204;75329700;474773334;188246;13583278;0;1650418;11657058;20420096;47499096;202593;0;4437508;0;371505;5011606;52510702;259671;0;354984801;67018160;0;0;422262632;474773334;
1159;804012104;2019-12-31;2019;MILES;144046;56216;144036;34768;379066;368324;0;0;0;0;368324;747390;19491;163102;0;0;13549;0;196142;0;0;64995;0;0;64995;261137;219000;0;98609;168644;0;0;486253;747390;
1160;804012104;2019-12-31;2018;MILES;148132;49735;206904;35063;439834;620733;0;0;2662;0;623395;1063229;26650;204149;0;0;31483;0;262282;0;0;34839;0;0;34839;297121;219000;0;89560;457548;0;0;766108;1063229;
1161;901089852;2019-12-31;2019;MILES;3167767;4137594;9378895;11099766;27784022;12486408;565208;0;5846171;565208;19462995;47247017;1967448;30205398;230261;1663682;2690029;0;36756818;3535626;0;383547;0;0;3919173;40675991;6300000;0;0;271026;0;0;6571026;47247017;
1162;901089852;2019-12-31;2018;MILES;11163437;8510319;22628591;7674694;49977041;1520021;751167;0;-602803;751167;2419552;52396593;627225;41427054;0;2716688;1672960;0;46443927;2677;0;0;0;0;2677;46446604;6300000;0;0;-350011;0;0;5949989;52396593;
1163;800178319;2019-12-31;2019;MILES;1085568;501762;16875578;28687;18491595;2857018;0;0;11090689;0;13947707;32439302;40524;563972;0;176251;53923;687896;1522566;0;0;1134459;0;0;1134459;2657025;1388300;31727315;82302;-3415640;0;0;29782277;32439302;
1164;800178319;2019-12-31;2018;MILES;1926426;522791;4732516;107162;7288895;2906867;0;0;9697693;0;12604560;19893455;63660;209544;0;162151;99419;9714681;10249455;0;0;1278225;0;0;1278225;11527680;750800;9419346;82302;-1886673;0;0;8365775;19893455;
1165;891701595;2019-12-31;2019;MILES;202760;1664575;31918369;6960101;40745805;62153702;696449;0;419826;696449;63966426;104712231;0;8246399;72000;777903;3356524;2907371;15360197;0;0;10327438;0;908399;11235837;26596034;30317;6721008;62233772;9131100;0;0;78116197;104712231;
1166;891701595;2019-12-31;2018;MILES;147630;3192054;20273629;16307941;39921254;68602686;683231;0;186947;683231;70156095;110077349;0;16559495;96916;760449;739852;8711533;26868245;0;0;9376709;0;633663;10010372;36878617;30317;6721008;57901896;8545511;0;0;73198732;110077349;
1167;901302549;2019-12-31;2019;MILES;470424;94147;9531545;0;10096116;0;31600000;0;-31600000;31600000;31600000;41696116;3298894;8784;0;0;1719;0;3309397;0;0;0;0;0;0;3309397;105736;0;38340008;1121687;0;-1180712;38386719;41696116;
1168;901302549;2019-12-31;2018;MILES;0;0;0;0;0;0;0;0;0;0;0;0;0;0;0;0;0;0;0;0;0;0;0;0;0;0;0;0;0;0;0;0;0;0;
1169;860002554;2019-12-31;2019;MILES;162276382;33040781;208199720;198800114;602316997;204561010;150053137;29048959;-37629057;150053137;496087186;1098404183;0;356555778;0;0;33700380;0;390256158;0;201074854;0;0;23865146;224940000;615196158;408449;0;14031186;468768390;0;0;483208025;1098404183;
1170;860002554;2019-12-31;2018;MILES;152693085;21315301;198848502;259718064;632574952;247329841;438797698;0;-372537015;438797698;752388222;1384963174;0;534303112;0;0;18606124;0;552909236;0;0;0;0;457033239;457033239;1009942475;408449;0;13758909;360853341;0;0;375020699;1384963174;
1171;900149693;2019-12-31;2019;MILES;3491268;2398223;55324542;858882;62072915;63146062;0;0;5299322;0;68445384;130518299;6887309;34070106;17016;0;0;7508674;48483105;21765887;0;102346;0;53597798;75466031;123949136;5846400;0;584640;-800732;0;938855;6569163;130518299;
1172;900149693;2019-12-31;2018;MILES;1121421;2952745;28918314;1030121;34022601;31420797;0;0;10421324;0;41842121;75864722;728161;9382103;1093773;0;1003562;10798739;23006338;552165;0;2957551;0;42561717;46071433;69077771;5846400;0;584640;355911;0;0;6786951;75864722;
1173;900499362;2019-12-31;2019;MILES;7274071;12877018;11978955;2454703;34584747;1915033;0;0;7515517;0;9430550;44015297;21844;45614696;15352894;613731;154475;12656198;74413838;0;0;0;0;2575227;2575227;76989065;3270677;40532064;10971565;-95734988;0;7986914;-32973768;44015297;
1174;900499362;2019-12-31;2018;MILES;2728395;3029041;8596171;3915644;18269251;781573;0;0;29970;0;811543;19080794;3015640;24034022;15767027;420136;117567;0;43354392;0;0;0;0;0;0;43354392;3240677;16608079;10971565;-58591445;0;3497526;-24273598;19080794;
1175;900732299;2019-12-31;2019;MILES;296493;625339;6062257;5799273;12783362;7534426;0;0;45682;0;7580108;20363470;5808244;7921718;0;193244;0;0;13923206;1057520;0;263987;0;0;1321507;15244713;2550000;500000;0;2068757;0;0;5118757;20363470;
1176;900732299;2019-12-31;2018;MILES;2359090;682720;7551618;8668412;19261840;9666420;0;0;60908;0;9727328;28989168;5594038;5821417;0;282411;5556;10701033;22404455;2733633;0;228681;0;0;2962314;25366769;2550000;500000;0;572399;0;0;3622399;28989168;
1177;830071847;2019-12-31;2019;MILES;10820857;2210128;18112034;19211409;50354428;3149020;0;0;706277;0;3855297;54209725;355152;18336282;0;0;2373868;0;21065302;0;0;0;0;672677;672677;21737979;8100000;47154185;97524;-22879963;0;0;32471746;54209725;
1178;830071847;2019-12-31;2018;MILES;7049368;3790436;17053607;17153553;45046964;3373508;0;0;1058182;0;4431690;49478654;1856389;17759096;0;0;718874;0;20334359;0;0;0;0;1327271;1327271;21661630;8100000;47154185;97524;-27534685;0;0;27817024;49478654;
1179;900426105;2019-12-31;2019;MILES;178030;544786;15571004;1722200;18016020;462760;0;0;801234;0;1263994;19280014;0;6481909;0;566599;299677;423701;7771886;0;0;0;0;911550;911550;8683436;200000;0;100000;10296578;0;0;10596578;19280014;
1180;900426105;2019-12-31;2018;MILES;378612;55195;15616574;684084;16734465;448786;0;0;24080;0;472866;17207331;0;5886550;0;464366;883880;0;7234796;0;0;0;0;0;0;7234796;200000;0;100000;9672535;0;0;9972535;17207331;
1181;900638609;2019-12-31;2019;MILES;463845;966517;15815365;7561609;24807336;952592;2588702;0;-2473074;2588702;3656922;28464258;3855;542856;0;269282;400397;218164;1434554;115596;22134971;0;0;0;22250567;23685121;2678416;0;0;2100721;0;0;4779137;28464258;
1182;900638609;2019-12-31;2018;MILES;565784;611124;8918835;7546685;17642428;862190;5129366;0;-4803421;5129366;6317501;23959929;53000;749056;0;208333;315010;114127;1439526;69164;17166957;13789;0;0;17249910;18689436;2678416;0;0;2592077;0;0;5270493;23959929;
1183;800100610;2019-12-31;2019;MILES;8660991;11422431;85415862;50810661;156309945;5217743;0;0;29995092;0;35212835;191522780;9821245;81189084;1153221;0;1755776;380028;94299354;40351584;0;0;0;1786000;42137584;136436938;17620910;8363920;8148110;20952902;0;0;55085842;191522780;
1184;800100610;2019-12-31;2018;MILES;3869145;11855967;66321934;36696592;118743638;5499076;0;0;40624435;0;46123511;164867149;9847994;45553855;55308;0;10892604;141476;66491237;48410351;0;0;0;2163272;50573623;117064860;17620910;8363920;8148110;13669349;0;0;47802289;164867149;
1185;830022319;2019-12-31;2019;MILES;15906933;2707553;20388090;11897091;50899667;2882815;0;0;1552542;0;4435357;55335024;2959741;11867027;0;0;1963904;3413149;20203821;0;0;1315346;0;0;1315346;21519167;242690;18203570;100000;15269597;0;0;33815857;55335024;
1186;830022319;2019-12-31;2018;MILES;12167459;4529670;16332756;9331406;42361291;510255;0;0;377322;0;887577;43248868;344116;5094760;0;0;1511534;4316640;11267050;0;0;44900;0;0;44900;11311950;242690;18203570;100000;13390658;0;0;31936918;43248868;
1187;900482807;2019-12-31;2019;MILES;3972559;123381;125048;3898938;8119926;723374;0;847987;8983250;0;10554611;18674537;0;2370615;0;0;24871;4765340;7160826;0;9895200;1584;0;0;9896784;17057610;12000;0;6000;1598927;0;0;1616927;18674537;
1188;900482807;2019-12-31;2018;MILES;611681;323978;39286;3987640;4962585;3198457;0;870650;6511468;0;10580575;15543160;0;3333353;0;0;15697;430293;3779343;0;10231375;782;0;0;10232157;14011500;12000;0;6000;1513660;0;0;1531660;15543160;
1189;800092641;2019-12-31;2019;MILES;319641;1098585;4963489;6804694;13186409;8199202;0;0;4217435;0;12416637;25603046;1337172;11448969;0;327013;157771;476805;13747730;2116191;0;0;0;0;2116191;15863921;8385834;9507907;1636932;-11329529;0;1537981;9739125;25603046;
1190;800092641;2019-12-31;2018;MILES;883797;1577850;4505604;4966630;11933881;6121375;0;0;4518663;0;10640038;22573919;1219487;12201134;0;259736;97916;193879;13972152;915517;0;0;0;0;915517;14887669;6592069;5819929;1636932;-6945990;0;583310;7686250;22573919;
1191;800203955;2019-12-31;2019;MILES;185405;629967;4011487;3278940;8105799;11171118;484075;0;1909846;484075;14049114;22154913;7140298;4312106;0;200717;0;338789;11991910;1327084;0;767337;0;807355;2901776;14893686;808851;38644;5422486;991246;0;0;7261227;22154913;
1192;800203955;2019-12-31;2018;MILES;343484;433452;4064727;3462511;8304174;10120007;590157;0;552862;590157;11853183;20157357;4214376;3854679;108892;186727;0;0;8364674;3811361;0;467780;0;0;4279141;12643815;807318;38644;5422486;1245094;0;0;7513542;20157357;
1193;900395693;2019-12-31;2019;MILES;4201629;0;405763;0;4607392;319744;0;34646430;0;0;34966174;39573566;0;3465;0;37994;757929;13485908;14285296;0;0;3966366;0;0;3966366;18251662;1690000;0;435914;19195990;0;0;21321904;39573566;
1194;900395693;2019-12-31;2018;MILES;395790;0;302004;0;697794;219516;0;35862773;0;0;36082289;36780083;0;8018;0;23831;620089;14385673;15037611;0;0;3732129;0;0;3732129;18769740;1690000;0;104758;16215585;0;0;18010343;36780083;
1195;900238070;2019-12-31;2019;MILES;40844;3149171;1975162;53282;5218459;11377449;3404424;0;-942835;3404424;17243462;22461921;0;2304345;0;104199;197227;0;2605771;15639773;22979708;2090593;4565700;3929736;49205510;51811281;7277806;0;13481;-36793516;0;152869;-29349360;22461921;
1196;900238070;2019-12-31;2018;MILES;3464;4994545;6154660;0;11152669;21259292;0;0;1282372;0;22541664;33694333;0;1469148;0;123620;273510;0;1866278;18399841;17327025;2292892;6489177;5061893;49570828;51437106;7277806;0;6536;-25179984;0;152869;-17742773;33694333;
1197;900185315;2019-12-31;2019;MILES;10276078;5650870;335282;2501011;18763241;142415952;0;0;6455275;0;148871227;167634468;14217037;8629574;0;1835765;0;1451084;26133460;101949564;0;0;0;76317;102025881;128159341;13041000;71523038;0;-45088911;0;0;39475127;167634468;
1198;900185315;2019-12-31;2018;MILES;8551901;3574255;373233;2555110;15054499;79049520;0;0;7172677;0;86222197;101276696;264984;4550388;0;1478894;0;1492329;7786595;52564715;0;0;0;82317;52647032;60433627;12000000;62154038;0;-33310969;0;0;40843069;101276696;
1199;900790954;2019-12-31;2019;MILES;378604;0;372061;0;750665;0;0;0;33300912;0;33300912;34051577;0;102260;0;0;46579;0;148839;0;0;0;0;0;0;148839;6352;13641997;3176;20251213;0;0;33902738;34051577;
1200;900790954;2019-12-31;2018;MILES;352841;0;310494;0;663335;0;0;0;28219071;0;28219071;28882406;0;11880;0;0;74067;0;85947;0;0;0;0;0;0;85947;6352;13641997;3176;15144934;0;0;28796459;28882406;
1201;860508462;2019-12-31;2019;MILES;1771440;3030472;35958044;0;40759956;5449820;75960;1780459;117464;75960;7499663;48259619;0;14141229;0;0;717372;3965;14862566;0;0;1764077;0;0;1764077;16626643;6582079;0;13465139;11585758;0;0;31632976;48259619;
1202;860508462;2019-12-31;2018;MILES;3442504;6030950;15323755;0;24797209;5680256;20728;1813850;1800441;20728;9336003;34133212;0;2400342;0;0;330376;0;2730718;0;0;1999477;0;0;1999477;4730195;6582079;0;12212898;10608040;0;0;29403017;34133212;
1203;830039229;2019-12-31;2019;MILES;4651917;3429602;62583025;23876729;94541273;8193240;0;0;15943650;0;24136890;118678163;1730394;58031252;0;3228074;556538;0;63546258;3667796;10009759;0;0;0;13677555;77223813;29269432;2454676;3706153;6024089;0;0;41454350;118678163;
1204;830039229;2019-12-31;2018;MILES;11939437;1524003;71948271;24983120;110394831;6525298;0;0;15035949;0;21561247;131956078;826461;70823556;0;2622941;279301;0;74552259;2436775;16279023;0;0;0;18715798;93268057;29269432;2454676;2664673;4299240;0;0;38688021;131956078;
1205;830042112;2019-12-31;2019;MILES;463898;5032441;8297012;801105;14594456;8573371;0;0;14256608;0;22829979;37424435;2525074;9461146;0;0;0;1569016;13555236;10757473;0;294378;0;0;11051851;24607087;4016912;0;1986174;6814262;0;0;12817348;37424435;
1206;830042112;2019-12-31;2018;MILES;3020615;4679909;8514770;771142;16986436;10009893;0;0;2068138;0;12078031;29064467;4056950;4873674;0;0;2149530;2209002;13289156;0;0;449156;0;0;449156;13738312;4016912;0;-82697;11391940;0;0;15326155;29064467;
1207;890903995;2019-12-31;2019;MILES;1870169;0;98741895;32835133;133447197;2660421;0;0;9516924;0;12177345;145624542;34097699;18036720;0;937972;4764984;2907305;60744680;28714527;0;0;0;842072;29556599;90301279;3706599;25834521;1467673;24314470;0;0;55323263;145624542;
1208;890903995;2019-12-31;2018;MILES;3414729;0;87504497;26235337;117154563;2252856;0;0;3131261;0;5384117;122538680;26692421;17044820;0;1051126;4616060;1951875;51356302;22984747;0;0;0;658169;23642916;74999218;2935346;24034933;996046;19573137;0;0;47539462;122538680;
1209;900527685;2019-12-31;2019;MILES;1332000;624000;563000;0;2519000;0;0;0;5460000;0;5460000;7979000;3798000;1555000;0;0;178000;855000;6386000;0;0;0;0;0;0;6386000;500000;0;614000;479000;0;0;1593000;7979000;
1210;900527685;2019-12-31;2018;MILES;1263000;1243000;734000;0;3240000;0;0;0;5597000;0;5597000;8837000;4364000;1733000;0;0;254000;920000;7271000;0;0;0;0;0;0;7271000;500000;0;562000;504000;0;0;1566000;8837000;
1211;860004855;2019-12-31;2019;MILES;26289934;23187772;90929509;75339524;215746739;129484114;6345546;0;-4668282;6345546;137506924;353253663;82109702;101071325;10661334;2486755;932458;0;197261574;0;0;6053055;0;22830229;28883284;226144858;31650546;0;14720435;80737824;0;0;127108805;353253663;
1212;860004855;2019-12-31;2018;MILES;17975288;16413887;80589980;76126966;191106121;129882884;8122055;0;-3612746;8122055;142514248;333620369;658455;162673084;6578097;2073153;2197869;0;174180658;0;0;6055738;0;21491424;27547162;201727820;31650546;0;13720645;86521358;0;0;131892549;333620369;
1213;830044180;2019-12-31;2019;MILES;2554195;3659489;7468543;7698465;21380692;2257287;0;0;786726;0;3044013;24424705;1950000;8777872;0;1286436;193963;0;12208271;0;0;0;0;0;0;12208271;1405500;0;683048;9736506;0;391380;12216434;24424705;
1214;830044180;2019-12-31;2018;MILES;2687829;2976954;7030714;5035879;17731376;1860558;0;0;802582;0;2663140;20394516;2204331;8431694;0;0;100491;0;10736516;0;0;0;0;0;0;10736516;1405500;0;428717;7823783;0;0;9658000;20394516;
1215;900059474;2019-12-31;2019;MILES;190840;1644985;2714585;73845;4624255;27198722;0;0;10071384;0;37270106;41894361;9315;10553299;0;0;0;57635;10620249;0;6826481;2126302;0;0;8952783;19573032;2690568;1898165;2493335;15239261;0;0;22321329;41894361;
1216;900059474;2019-12-31;2018;MILES;14322;1966001;713580;157861;2851764;28397049;0;0;12591559;0;40988608;43840372;15882;13093425;0;0;0;50168;13159475;0;4662137;2322944;0;0;6985081;20144556;2690568;1898165;2277444;16829639;0;0;23695816;43840372;
1217;800057310;2019-12-31;2019;MILES;21971744;13642373;74350125;6853133;116817375;1663800;0;0;20994117;0;22657917;139475292;42496555;66531143;3568468;2568874;14354147;1448458;130967645;436528;0;0;0;1135908;1572436;132540081;167435;0;6373775;394001;0;0;6935211;139475292;
1218;800057310;2019-12-31;2018;MILES;30807675;24726741;120793173;13579864;189907453;515915;0;0;1596381;0;2112296;192019749;57812629;100979074;4830488;1803930;14839164;1942838;182208123;0;0;0;0;3929307;3929307;186137430;167435;0;7208886;-1494002;0;0;5882319;192019749;
1219;860009826;2019-12-31;2019;MILES;10473882;480068;12682848;13418520;37055318;5827859;0;0;523929;0;6351788;43407106;0;7589529;2208467;1638410;1195980;537900;13170286;0;0;0;0;0;0;13170286;6230160;0;2421584;21585076;0;0;30236820;43407106;
1220;860009826;2019-12-31;2018;MILES;11629674;258424;12146065;15856114;39890277;5524050;0;0;459952;0;5984002;45874279;0;9279126;1840795;1276639;2461726;409522;15267808;0;0;0;0;0;0;15267808;6230160;0;2421584;21954727;0;0;30606471;45874279;
1221;900582115;2019-12-31;2019;MILES;8293410;2389795;302602;0;10985807;236085;0;0;1009660;0;1245745;12231552;0;233434;0;3268860;2082558;0;5584852;0;0;0;0;0;0;5584852;1029000;1296000;1460142;2861558;0;0;6646700;12231552;
1222;900582115;2019-12-31;2018;MILES;3737251;625409;102010;0;4464670;278934;0;0;418818;0;697752;5162422;0;78325;0;1201420;55740;0;1335485;0;0;0;0;0;0;1335485;1029000;1296000;1460142;41795;0;0;3826937;5162422;
1223;817000718;2019-12-31;2019;MILES;3580;527676;3091312;0;3622568;16253901;0;0;0;0;16253901;19876469;0;30201;0;0;288571;1122;319894;0;0;293116;0;0;293116;613010;5000000;0;2477454;7845916;0;3940089;19263459;19876469;
1224;817000718;2019-12-31;2018;MILES;24055;566755;2272585;0;2863395;15458397;0;0;0;0;15458397;18321792;0;7935;0;0;0;16174;24109;0;0;53635;0;0;53635;77744;5000000;0;2425812;7515045;0;3303191;18244048;18321792;
1225;830119346;2019-12-31;2019;MILES;178729;10285040;15094736;0;25558505;1000982;0;0;3602544;0;4603526;30162031;0;1227291;38604;192465;720850;428820;2608030;0;15514689;0;0;904992;16419681;19027711;414141;26412881;662043;-16354745;0;0;11134320;30162031;
1226;830119346;2019-12-31;2018;MILES;1542475;10944888;12618278;0;25105641;601405;0;0;224182;0;825587;25931228;0;669679;34312;159798;971008;15526;1850323;0;28384018;0;0;0;28384018;30234341;5950149;6786954;662043;-17702259;0;0;-4303113;25931228;
1227;830002313;2019-12-31;2019;MILES;155410;134186;3072795;362982;3725373;4379423;0;0;2594366;0;6973789;10699162;309438;3416874;252313;0;445756;757572;5181953;2095916;0;122853;0;0;2218769;7400722;237700;0;771181;2289559;0;0;3298440;10699162;
1228;830002313;2019-12-31;2018;MILES;383133;14489;1368313;348057;2113992;4684620;0;0;374805;0;5059425;7173417;640182;4400206;183986;0;0;682615;5906989;0;0;50423;0;0;50423;5957412;237700;0;-257844;1236149;0;0;1216005;7173417;
1229;830036921;2019-12-31;2019;MILES;31797870;9150569;34614850;25436592;100999881;299024820;0;0;2220298;0;301245118;402244999;178399;70552297;0;1516988;0;3395375;75643059;0;42271000;0;0;0;42271000;117914059;70921351;249653555;2046692;-38290658;0;0;284330940;402244999;
1230;830036921;2019-12-31;2018;MILES;38289994;7058321;33809817;21782459;100940591;304701420;0;0;8403848;0;313105268;414045859;21133;62570167;0;1492963;0;10430558;74514821;0;71338800;0;0;0;71338800;145853621;70921351;249653555;2046692;-54429360;0;0;268192238;414045859;
1231;860354073;2019-12-31;2019;MILES;346862;148467;1814937;342827;2653093;4771614;0;0;1558181;0;6329795;8982888;412227;3743601;0;0;95864;572049;4823741;902753;0;326377;0;0;1229130;6052871;234000;0;1174387;1521630;0;0;2930017;8982888;
1232;860354073;2019-12-31;2018;MILES;94667;198014;1669395;288963;2251039;4421391;0;0;293225;0;4714616;6965655;421377;4049200;0;0;32197;537318;5040092;0;0;187475;0;0;187475;5227567;234000;0;175846;1328242;0;0;1738088;6965655;
1233;860066323;2019-12-31;2019;MILES;1107397;284531;4795607;4768506;10956041;12923452;0;0;58314;0;12981766;23937807;1255644;3431957;0;0;119488;2455163;7262252;1593759;0;1901557;0;2786160;6281476;13543728;2552534;0;784465;7068110;0;-11030;10394079;23937807;
1234;860066323;2019-12-31;2018;MILES;485287;307628;4469675;3822608;9085198;13072272;0;0;90708;0;13162980;22248178;1039943;3683490;0;0;167394;359733;5250560;2516887;0;1941511;0;2482647;6941045;12191605;2552534;0;754260;6760469;0;-10690;10056573;22248178;
1235;900404671;2019-12-31;2019;MILES;1192000;2499000;5409000;5691000;14791000;2231000;2595000;285000;-2595000;2595000;5111000;19902000;5219000;10426000;0;143000;0;114000;15902000;794000;0;0;0;0;794000;16696000;600000;0;266000;2340000;0;0;3206000;19902000;
1236;900404671;2019-12-31;2018;MILES;961000;2503000;3104000;8170000;14738000;2032000;2178000;285000;-2109000;2178000;4564000;19302000;5646000;9588000;0;152000;0;397000;15783000;954000;0;0;0;0;954000;16737000;600000;0;161000;1804000;0;0;2565000;19302000;
1237;860038063;2019-12-31;2019;MILES;3992696;341696;607121;0;4941513;107040;0;0;4168389;0;4275429;9216942;7300;475343;278325;113397;97345;0;971710;0;0;0;0;0;0;971710;2062370;4167229;4218055;-2202422;0;0;8245232;9216942;
1238;860038063;2019-12-31;2018;MILES;1031880;1161276;645963;0;2839119;172122;0;0;4185282;0;4357404;7196523;0;1215393;54675;125329;108087;660143;2163627;0;0;0;0;7300;7300;2170927;1892779;945000;4218055;-2030238;0;0;5025596;7196523;
1239;800021013;2019-12-31;2019;MILES;2153798;3236049;8253033;6059619;19702499;4751421;0;0;3990931;0;8742352;28444851;6398595;3128216;0;0;392694;1194251;11113756;3240741;0;1016937;0;0;4257678;15371434;1315789;2750000;2383801;6623827;0;0;13073417;28444851;
1240;800021013;2019-12-31;2018;MILES;991080;2564721;12963122;12466901;28985824;5146623;0;0;4027516;0;9174139;38159963;11173548;5345764;0;0;912081;4226334;21657727;1372221;0;1192479;0;0;2564700;24222427;1315789;2750000;2491839;7379908;0;0;13937536;38159963;
1241;890934807;2019-12-31;2019;MILES;185015;0;3481413;5370112;9036540;2092149;4905860;0;-4875867;4905860;7028002;16064542;3845410;3641818;0;0;494996;574126;8556350;516667;3815179;58092;0;0;4389938;12946288;1500000;712500;339473;566281;0;0;3118254;16064542;
1242;890934807;2019-12-31;2018;MILES;317887;360959;7688465;5607607;13974918;2115535;3007402;0;-2648457;3007402;5481882;19456800;6886362;3661615;0;0;1636269;588052;12772298;2070647;1232303;394943;0;0;3697893;16470191;1500000;712500;339473;434636;0;0;2986609;19456800;
1243;805021817;2019-12-31;2019;MILES;2944154;246067;789706;0;3979927;16538;0;0;219325914;0;219342452;223322379;0;3465000;0;25671;251161;0;3741832;0;37112875;0;0;0;37112875;40854707;2169132;20675653;12390892;18644319;0;128587676;182467672;223322379;
1244;805021817;2019-12-31;2018;MILES;8158027;9061343;7834821;24708;25078899;19429699;0;10994934;191573734;0;221998367;247077266;777;2690090;0;62721;436884;0;3190472;0;4985987;0;0;0;4985987;8176459;2169132;20675653;55559389;14337595;0;146159038;238900807;247077266;
1245;900493269;2019-12-31;2019;MILES;35532;857965;2019346;90944;3003787;960;36962;0;46528;36962;121412;3125199;0;291592;0;1294773;10265;0;1596630;0;0;0;0;1381710;1381710;2978340;100000;0;-358208;405067;0;0;146859;3125199;
1246;900493269;2019-12-31;2018;MILES;135757;797039;1673063;115237;2721096;1358;4437;0;-4437;4437;5795;2726891;0;392341;0;1179329;12868;0;1584538;0;0;0;0;1009380;1009380;2593918;100000;0;-390773;423746;0;0;132973;2726891;
1247;830074642;2019-12-31;2019;MILES;1003235;9151;5955024;4624070;11591480;189100;0;0;7930897;0;8119997;19711477;19605;3153863;0;412069;62706;1738320;5386563;0;0;0;0;6983022;6983022;12369585;6557901;0;195002;588989;0;0;7341892;19711477;
1248;830074642;2019-12-31;2018;MILES;1225043;9004;5619125;5383346;12236518;205430;0;0;7320371;0;7525801;19762319;11684;4096793;0;296315;120127;1179127;5704046;0;0;0;0;6318193;6318193;12022239;6557901;0;148467;1033712;0;0;7740080;19762319;
1249;800061585;2019-12-31;2019;MILES;1003251;107672;12836616;5317858;19265397;12615538;0;2155030;28253;0;14798821;34064218;0;6180446;832359;1968346;0;1535112;10516263;0;0;978762;0;0;978762;11495025;3564000;0;1838877;12290359;0;4875957;22569193;34064218;
1250;800061585;2019-12-31;2018;MILES;694878;462121;10252584;3421840;14831423;12864681;0;2155030;10426;0;15030137;29861560;0;3996117;1034659;2157119;0;1110034;8297929;0;0;1046499;0;0;1046499;9344428;3564000;0;1838877;10238298;0;4875957;20517132;29861560;
1251;890940259;2019-12-31;2019;MILES;3190369;38266;3276312;5225498;11730445;1762377;0;0;98655;0;1861032;13591477;153491;1727661;86704;0;480849;858388;3307093;0;160604;112639;0;47963;321206;3628299;423000;918950;11500;8609728;0;0;9963178;13591477;
1252;890940259;2019-12-31;2018;MILES;2235624;147466;3711579;4743390;10838059;1935150;537720;0;-537720;537720;2472870;13310929;63124;2474008;97015;0;733399;709682;4077228;0;426433;108454;205541;77515;817943;4895171;423000;918950;11500;7062308;0;0;8415758;13310929;
1253;890201201;2019-12-31;2019;MILES;16761618;2688349;42737716;23520609;85708292;16674514;0;2668719;905937;0;20249170;105957462;11830074;14943623;0;7832414;729546;6956304;42291961;7061074;0;1278574;0;2288667;10628315;52920276;3976000;0;2115687;35561576;0;11383923;53037186;105957462;
1254;890201201;2019-12-31;2018;MILES;13033343;3033198;18097300;16363285;50527126;18138615;0;4503341;437193;0;23079149;73606275;3077493;13212845;0;2883466;1320348;3107820;23601972;6288494;0;1360086;0;873946;8522526;32124498;3976000;0;2115687;22911688;0;12478402;41481777;73606275;
1255;901026852;2019-12-31;2019;MILES;222016;104630;4399354;2751060;7477060;19446968;223426;0;58989;223426;19952809;27429869;0;7115804;3110;53631;180;235250;7407975;17676484;0;0;0;8652;17685136;25093111;324653;2999211;0;-987106;0;0;2336758;27429869;
1256;901026852;2019-12-31;2018;MILES;777422;79184;2713140;2401291;5971037;19889495;101534;0;86496;101534;20179059;26150096;10567;11301825;0;34679;55;75353;11422479;12095978;0;0;0;4506;12100484;23522963;324653;2999211;0;-696731;0;0;2627133;26150096;
1257;890916911;2019-12-31;2019;MILES;42335002;185806887;26500420;211463581;466105890;156268874;515015;16763764;15039100;515015;189101768;655207658;1137434;133272142;0;704699;6314546;65539;141494360;17877404;0;30131213;0;2701141;50709758;192204118;1940000;306000;321038179;139767331;0;-47970;463003540;655207658;
1258;890916911;2019-12-31;2018;MILES;52400131;135436407;31702792;195817827;415357157;140154928;384938;16808585;6407571;384938;164140960;579498117;29654;115154485;0;598099;6420920;333032;122536190;171817;0;23120844;0;2358266;25650927;148187117;1940000;306000;296263250;132849720;0;-47970;431311000;579498117;
1259;860518811;2019-12-31;2019;MILES;11175607;40000;20480069;11731852;43427528;9220466;0;4695828;0;0;13916294;57343822;0;12096163;0;378452;2517833;1590;14994038;18216444;0;33003;0;0;18249447;33243485;3300000;0;11167576;9632761;0;0;24100337;57343822;
1260;860518811;2019-12-31;2018;MILES;2495676;40000;19959489;17462190;39957355;8032148;0;4074535;359981;0;12466664;52424019;0;10885707;0;278429;2227871;0;13392007;20211523;0;522919;0;0;20734442;34126449;3300000;0;7802520;7195050;0;0;18297570;52424019;
1261;900424702;2019-12-31;2019;MILES;1782089;3076856;4555375;255283;9669603;1473164;0;0;284855;0;1758019;11427622;0;3657486;838137;582687;1224154;1038159;7340623;0;0;0;0;184822;184822;7525445;7788862;0;0;-3912216;0;25531;3902177;11427622;
1262;900424702;2019-12-31;2018;MILES;1748004;2616236;4834726;136651;9335617;977797;0;0;295823;0;1273620;10609237;0;3085220;844433;472283;1265039;347156;6014131;0;0;0;0;0;0;6014131;7788862;0;0;-3219287;0;25531;4595106;10609237;
1263;830031849;2019-12-31;2019;MILES;4374037;19414116;114686482;16235255;154709890;716732;0;0;2919704;0;3636436;158346326;58271150;35122706;3327471;1109183;4185373;15322808;117338691;2186421;0;0;0;0;2186421;119525112;10704939;56291852;564687;-28740264;0;0;38821214;158346326;
1264;830031849;2019-12-31;2018;MILES;5283929;16298575;78752434;12528870;112863808;912720;0;0;430486;0;1343206;114207014;54794433;25269451;1283343;1318825;2274424;0;84940476;0;0;0;0;0;0;84940476;10704939;56291852;223426;-37953679;0;0;29266538;114207014;
1265;900319038;2019-12-31;2019;MILES;148387;4402779;766075;0;5317241;1796875;0;0;11103;0;1807978;7125219;49431;48948;0;20705;1179;0;120263;0;0;0;0;0;0;120263;19350;0;21108521;-39738179;0;25615264;7004956;7125219;
1266;900319038;2019-12-31;2018;MILES;1857095;4252271;35284;3083;6147733;2679042;0;0;9788;0;2688830;8836563;1042554;87385;0;19453;103061;0;1252453;0;0;0;0;0;0;1252453;19350;0;21530655;-41284516;0;27318621;7584110;8836563;
1267;891304366;2019-12-31;2019;MILES;1346090;1617925;719748;993069;4676832;5329296;0;0;802273;0;6131569;10808401;0;395638;0;113534;412587;15462;937221;0;0;411005;0;0;411005;1348226;200000;0;50161;9210014;0;0;9460175;10808401;
1268;891304366;2019-12-31;2018;MILES;1286782;1245660;628829;1250628;4411899;5182858;0;0;681575;0;5864433;10276332;0;447534;0;98370;123107;14906;683917;0;0;411158;0;0;411158;1095075;200000;0;50161;8931096;0;0;9181257;10276332;
1269;800212407;2019-12-31;2019;MILES;24058;0;100238;0;124296;33337873;4005467;0;-3990467;4005467;37358340;37482636;0;4758478;0;0;19587;0;4778065;0;0;3391701;0;0;3391701;8169766;925600;2137424;2193577;17367220;0;6689049;29312870;37482636;
1270;800212407;2019-12-31;2018;MILES;50208;0;159694;0;209902;33369003;4012327;0;-3997327;4012327;37396330;37606232;0;5028474;0;0;30444;0;5058918;0;0;3422301;0;0;3422301;8481219;925600;2137424;2193577;17209963;0;6658449;29125013;37606232;
1271;900199922;2019-12-31;2019;MILES;308564;5916268;22926238;24126089;53277159;897224;0;0;3783269;0;4680493;57957652;212542;36816579;0;432913;1678894;0;39140928;0;924505;0;0;0;924505;40065433;1407270;0;703635;15781314;0;0;17892219;57957652;
1272;900199922;2019-12-31;2018;MILES;5722028;138538;27757758;14810468;48428792;591280;0;0;1608607;0;2199887;50628679;0;32966745;0;1225818;3460368;0;37652931;0;0;0;0;394937;394937;38047868;1407270;0;703635;10469906;0;0;12580811;50628679;
1273;800132469;2019-12-31;2019;MILES;43336;145294;1609529;210982;2009141;2800269;0;0;3193332;0;5993601;8002742;3070799;3579141;180402;0;0;706000;7536342;0;0;0;227398;0;227398;7763740;1005022;0;221241;-987261;0;0;239002;8002742;
1274;800132469;2019-12-31;2018;MILES;404111;65028;1359619;342352;2171110;2937570;0;0;279377;0;3216947;5388057;587003;2209797;198452;0;0;663788;3659040;0;0;0;161324;0;161324;3820364;1005022;0;24857;537814;0;0;1567693;5388057;
1275;860030380;2019-12-31;2019;MILES;18191771;5142386;44851924;0;68186081;9108575;0;0;2219799;0;11328374;79514455;2059621;7529280;2478673;6447287;4774362;80249;23369472;4155410;1644046;0;0;242963;6042419;29411891;11850800;27565200;0;10686564;0;0;50102564;79514455;
1276;860030380;2019-12-31;2018;MILES;6364251;6766414;54219424;0;67350089;13092926;114296;0;2183011;114296;15504529;82854618;2678024;17697434;2363168;6592835;3761474;527344;33620279;7162718;503443;0;0;306576;7972737;41593016;11850800;27565200;0;1845602;0;0;41261602;82854618;
1277;900527295;2019-12-31;2019;MILES;7410;272447;1152057;336335;1768249;15415529;0;0;3413013;0;18828542;20596791;661452;1046866;0;189181;14195;3701;1915395;8061129;0;891568;0;0;8952697;10868092;383855;2554694;3548;6786602;0;0;9728699;20596791;
1278;900527295;2019-12-31;2018;MILES;36809;153206;709173;82315;981503;7023311;0;0;3085092;0;10108403;11089906;3055059;241698;0;209665;6328;12295;3525045;1388381;0;1319288;0;0;2707669;6232714;383855;2554694;3548;1915095;0;0;4857192;11089906;
1279;900670175;2019-12-31;2019;MILES;33601;448572;2769057;0;3251230;0;0;0;901432;0;901432;4152662;0;15476;0;0;19445;0;34921;0;0;0;0;0;0;34921;394401;2649605;0;1073735;0;0;4117741;4152662;
1280;900670175;2019-12-31;2018;MILES;26253;448943;4146708;12562;4634466;0;0;0;0;0;0;4634466;13323;72692;0;0;1476;709;88200;0;0;55779;0;0;55779;143979;394401;2649605;0;1446481;0;0;4490487;4634466;
1281;900414280;2019-12-31;2019;MILES;755000;1865000;9358000;6494000;18472000;2347000;0;0;0;0;2347000;20819000;13590000;3648000;0;50000;0;243000;17531000;897000;0;0;0;0;897000;18428000;350000;260000;123000;1658000;0;0;2391000;20819000;
1282;900414280;2019-12-31;2018;MILES;1351000;1622000;13251000;3746000;19970000;2647000;0;0;0;0;2647000;22617000;12870000;6496000;0;42000;0;260000;19668000;1081000;0;0;0;0;1081000;20749000;350000;260000;110000;1148000;0;0;1868000;22617000;
1283;860503565;2019-12-31;2019;MILES;1448578;2300213;9572952;12101504;25423247;3449800;0;0;54975;0;3504775;28928022;2525919;6494865;0;759001;97130;0;9876915;3133333;0;0;0;134643;3267976;13144891;6000000;0;8459426;1323705;0;0;15783131;28928022;
1284;860503565;2019-12-31;2018;MILES;448454;1742066;10866903;12957150;26014573;2353064;0;0;13742;0;2366806;28381379;3532808;4860947;0;724507;1436040;0;10554302;1860000;0;0;0;284588;2144588;12698890;6000000;0;8323529;1358960;0;0;15682489;28381379;
1285;900877494;2019-12-31;2019;MILES;836186;0;74155652;18434831;93426669;0;0;46400191;0;0;46400191;139826860;1936532;7538548;0;0;411286;7422171;17308537;0;0;0;0;0;0;17308537;20;11329176;10010;111179117;0;0;122518323;139826860;
1286;900877494;2019-12-31;2018;MILES;223746;0;55803872;4600220;60627838;0;0;59086491;0;0;59086491;119714329;0;5679220;0;0;158603;7318746;13156569;0;0;0;0;0;0;13156569;20;191455;10;56009914;0;50356361;106557760;119714329;
1287;800142592;2019-12-31;2019;MILES;635;0;16800;0;17435;0;607539;0;-607539;607539;607539;624974;0;0;0;0;453;38;491;0;0;0;0;542541;542541;543032;320000;0;0;-238058;0;0;81942;624974;
1288;800142592;2019-12-31;2018;MILES;635;4498;16799;0;21932;0;612409;0;-612409;612409;612409;634341;0;0;0;0;234;38;272;0;0;0;0;542541;542541;542813;320000;0;0;-228472;0;0;91528;634341;
1289;830098404;2019-12-31;2019;MILES;197;0;62606;0;62803;11937763;2610935;0;-2610935;2610935;14548698;14611501;0;107543;0;0;0;0;107543;0;13438595;2312217;0;0;15750812;15858355;9168;0;85027;-15025090;0;13684041;-1246854;14611501;
1290;830098404;2019-12-31;2018;MILES;197;0;45987;0;46184;13435355;2360496;0;-2360496;2360496;15795851;15842035;0;96225;0;0;0;0;96225;0;13352465;2295618;0;3341;15651424;15747649;9168;0;77428;-13676251;0;13684041;94386;15842035;
1291;900703240;2019-12-31;2019;MILES;148461593;0;6026422;146731320;301219335;16499983;608691;0;2775781;608691;20493146;321712481;0;85688511;11845908;0;0;31949505;129483924;0;13477928;0;0;0;13477928;142961852;4088000;0;0;174662629;0;0;178750629;321712481;
1292;900703240;2019-12-31;2018;MILES;147143786;0;4213623;118779673;270137082;2033015;680395;0;2246433;680395;5640238;275777320;0;95617517;13456399;0;1195008;21645578;131914502;0;114652;0;0;0;114652;132029154;4088000;0;0;139660166;0;0;143748166;275777320;
1293;806015323;2019-12-31;2019;MILES;232201;828747;8210427;8447162;17718537;31900949;0;0;572881;0;32473830;50192367;6766150;7953507;430394;799157;206169;0;16155377;4731535;0;3036052;0;636946;8404533;24559910;1356485;37009591;5310862;-18044481;0;0;25632457;50192367;
1294;806015323;2019-12-31;2018;MILES;459180;337822;8507169;8357412;17661583;33205665;0;0;0;0;33205665;50867248;7427600;8586676;200153;592471;108847;0;16915747;2409314;0;3095029;0;6184;5510527;22426274;1356485;37009591;5310862;-15235964;0;0;28440974;50867248;
1295;890405325;2019-12-31;2019;MILES;682865;1017065;2292639;0;3992569;6691377;27245;0;5998219;27245;12744086;16736655;56028;910949;0;376458;0;2288403;3631838;162404;0;0;0;2823390;2985794;6617632;1337500;11622800;5934900;-8776177;0;0;10119023;16736655;
1296;890405325;2019-12-31;2018;MILES;25375;911078;3968977;872921;5778351;7691725;27245;0;42102414;27245;49848629;55626980;2739654;720933;0;306310;0;4944639;8711536;12042146;19628655;0;0;3552158;35222959;43934495;1337500;11622800;5934900;-7202715;0;0;11692485;55626980;
1297;900677820;2019-12-31;2019;MILES;21656;81151;2041;174951;279799;7620692;0;0;1060288;0;8680980;8960779;0;965911;0;71019;0;1741842;2778772;0;1058990;0;0;0;1058990;3837762;9100000;1027000;0;-5003983;0;0;5123017;8960779;
1298;900677820;2019-12-31;2018;MILES;47477;1570;23410;935089;1007546;8332718;0;0;3212;0;8335930;9343476;0;600824;0;72531;0;1589050;2262405;0;1133751;0;0;0;1133751;3396156;9100000;1027000;0;-4179680;0;0;5947320;9343476;
1299;900816079;2019-12-31;2019;MILES;293714;169514;1061226;2957719;4482173;83180;0;0;0;0;83180;4565353;1304052;920866;0;4967;81931;1544556;3856372;0;400000;0;0;0;400000;4256372;100000;0;155401;53580;0;0;308981;4565353;
1300;900816079;2019-12-31;2018;MILES;997736;75456;678815;11977471;13729478;215884;0;0;0;0;215884;13945362;8343152;1362347;0;58354;177620;3048488;12989961;0;700000;0;0;0;700000;13689961;100000;0;61612;93789;0;0;255401;13945362;
1301;891409006;2019-12-31;2019;MILES;2372256;632308;6877581;10397642;20279787;861687;0;0;219854;0;1081541;21361328;5189696;4277352;0;312050;525289;11733;10316120;3277140;0;132550;0;0;3409690;13725810;1000000;487848;4360983;1786687;0;0;7635518;21361328;
1302;891409006;2019-12-31;2018;MILES;3530697;300928;6466420;8959611;19257656;854661;0;0;219229;0;1073890;20331546;2650506;4585174;0;293624;572237;30257;8131798;5394585;0;76005;0;0;5470590;13602388;1000000;487848;250000;4991310;0;0;6729158;20331546;
1303;900466196;2019-12-31;2019;MILES;2259189;1508271;3656782;292022;7716264;78368347;9931852;12180297;-3038419;9931852;107373929;115090193;4792910;3834618;1019841;514001;992985;0;11154355;12303612;0;0;0;60838370;73141982;84296337;52906;0;298738;2053629;0;28388583;30793856;115090193;
1304;900466196;2019-12-31;2018;MILES;2085734;980832;4504429;234884;7805879;64125768;4310972;8062783;-2128782;4310972;78681713;86487592;2358937;3790134;599491;526961;944969;0;8220492;11887619;0;0;0;59411544;71299163;79519655;52906;0;237764;1590377;0;5086890;6967937;86487592;
1305;900102000;2019-12-31;2019;MILES;4119711;78743;1661658;0;5860112;132164282;0;6625350;0;0;138789632;144649744;2953433;21474998;0;270141;124321;0;24822893;54204950;19867004;0;0;590000;74661954;99484847;13238970;1147455;9428;-102080;0;30871124;45164897;144649744;
1306;900102000;2019-12-31;2018;MILES;2735940;29850;5972585;0;8738375;80744111;0;0;0;0;80744111;89482486;3578495;10031507;0;171390;235864;0;14017256;45356454;10014492;0;0;0;55370946;69388202;13238970;1147455;4553;-33969;0;5737275;20094284;89482486;
1307;890900317;2019-12-31;2019;MILES;14087421;24081705;102480875;178868519;319518520;22726210;0;0;14933214;0;37659424;357177944;1086405;213542678;0;0;8994960;0;223624043;408729;6180479;4054564;0;746534;11390306;235014349;67704074;19194865;0;35264656;0;0;122163595;357177944;
1308;890900317;2019-12-31;2018;MILES;13783163;18693694;153896901;302184634;488558392;150348490;0;0;7261208;0;157609698;646168090;13603821;285699897;0;0;20935254;0;320238972;59318072;1937416;3613335;0;1488028;66356851;386595823;67704074;43408888;26859339;112469966;0;9130000;259572267;646168090;
1309;900306309;2019-12-31;2019;MILES;91664280;36648542;11648289;62194403;202155514;173525089;84468261;0;182043353;84468261;524504964;726660478;1944730;76411226;2332320;2280000;90975250;0;173943526;4657003;0;7561529;0;75866688;88085220;262028746;118714;0;247957;392712501;0;71552560;464631732;726660478;
1310;900306309;2019-12-31;2018;MILES;17097920;30690011;22411624;38043205;108242760;150359356;82690744;0;204318974;82690744;520059818;628302578;139941;61672481;3360550;0;59266428;0;124439400;0;45399566;40978513;0;39332338;125710417;250149817;118714;0;247957;127742360;0;250043730;378152761;628302578;
1311;800250328;2019-12-31;2019;MILES;12525601;872664;3276069;6042820;22717154;2397013;2820331;0;-1812280;2820331;6225395;28942549;1310856;3756286;0;229842;6310;0;5303294;0;2158582;94054;0;0;2252636;7555930;127400;0;266788;20992431;0;0;21386619;28942549;
1312;800250328;2019-12-31;2018;MILES;6756865;943376;6373911;7722759;21796911;2790649;2810018;0;-1887358;2810018;6523327;28320238;1299900;4242491;0;319761;8684;0;5870836;0;2067349;99972;0;0;2167321;8038157;127400;0;266788;19887893;0;0;20282081;28320238;
1313;860025285;2019-12-31;2019;MILES;70160454;34828931;210946460;89745304;405681149;12461737;0;0;2484443;0;14946180;420627329;149271457;62924523;118092945;13479052;4669197;32936245;381373419;7138086;0;0;0;10437902;17575988;398949407;480000;38570835;2449637;-19822550;0;0;21677922;420627329;
1314;860025285;2019-12-31;2018;MILES;35728417;27304897;117957894;51303962;232295170;2262230;0;0;9042496;0;11304726;243599896;99025321;63587706;18408132;11464895;10613718;25750170;228849942;0;0;0;0;9915792;9915792;238765734;240000;6500;3255046;1332616;0;0;4834162;243599896;
1315;900298295;2019-12-31;2019;MILES;319605;45028;1072432;3316138;4753203;24043225;1503576;0;1240559;1503576;28290936;33044139;67598;2672391;0;138633;174768;0;3053390;111190;0;3534743;0;3370389;7016322;10069712;10000;0;0;-44882471;0;67846898;22974427;33044139;
1316;900298295;2019-12-31;2018;MILES;49567;43794;338928;1535789;1968078;22369351;1275121;0;473328;1275121;25392921;27360999;0;1135787;0;41550;67546;15000;1259883;0;0;1391815;0;725460;2117275;3377158;10000;0;0;-33039529;0;57013370;23983841;27360999;
1317;860013809;2019-12-31;2019;MILES;2478699;2835051;24709644;26414828;56438222;45854156;422743;0;1164022;422743;47863664;104301886;35453264;12101236;816649;0;4366634;1174995;53912778;9108895;0;1997717;0;6134322;17240934;71153712;3567692;7549337;2165469;19865676;0;0;33148174;104301886;
1318;860013809;2019-12-31;2018;MILES;826998;3531078;23394185;32089787;59842048;47414485;483095;0;1605562;483095;49986237;109828285;26582312;18384965;869346;0;4515891;1645437;51997951;12983876;0;2381089;0;5897246;21262211;73260162;3567692;7549337;5061704;20389390;0;0;36568123;109828285;
1319;900181404;2019-12-31;2019;MILES;294886;737508;1015781;699021;2747196;1416847;0;0;43325;0;1460172;4207368;0;4245634;0;142959;148818;825928;5363339;0;0;0;0;1237744;1237744;6601083;2871310;177000;347347;-5789372;0;0;-2393715;4207368;
1320;900181404;2019-12-31;2018;MILES;292989;586793;1191847;695358;2766987;156453;0;0;0;0;156453;2923440;0;3425994;0;168871;152184;674435;4421484;0;0;0;0;2916;2916;4424400;2871310;177000;347347;-4896617;0;0;-1500960;2923440;
1321;900790963;2019-12-31;2019;MILES;383755;0;376497;0;760252;0;0;0;33301516;0;33301516;34061768;0;0;0;0;0;0;0;0;102260;0;46516;0;148776;148776;6352;13641984;3176;20261480;0;0;33912992;34061768;
1322;900790963;2019-12-31;2018;MILES;358239;0;314815;0;673054;0;0;0;28219581;0;28219581;28892635;0;0;0;0;0;0;0;0;11827;0;74189;0;86016;86016;6352;13641984;3176;15155107;0;0;28806619;28892635;
1323;900091709;2019-12-31;2019;MILES;4418018;9365983;38991434;3895417;56670852;396907;0;0;26973;0;423880;57094732;12973125;24832458;0;0;7360479;620117;45786179;0;683254;0;0;0;683254;46469433;1074832;549054;-510665;9512078;0;0;10625299;57094732;
1324;900091709;2019-12-31;2018;MILES;1568618;5876408;38913676;5873284;52231986;521892;0;0;0;0;521892;52753878;8631660;27965439;0;0;5379261;0;41976360;0;735584;76915;0;0;812499;42788859;1074832;549054;600044;7741089;0;0;9965019;52753878;
1325;890406707;2019-12-31;2019;MILES;119444;330685;1136459;588756;2175344;1365024;0;0;37398;0;1402422;3577766;0;2984385;0;121532;51977;828501;3986395;0;0;0;0;1166425;1166425;5152820;1802400;187;69698;-3447339;0;0;-1575054;3577766;
1326;890406707;2019-12-31;2018;MILES;201609;218637;1971222;633398;3024866;168186;0;0;0;0;168186;3193052;0;3297282;0;118322;60250;1163000;4638854;0;0;0;0;1147;1147;4640001;1802400;187;69698;-3319234;0;0;-1446949;3193052;
1327;901331867;2019-12-31;2019;MILES;107522;0;171641;0;279163;0;18600000;0;-18600000;18600000;18600000;18879163;3674810;3575;0;0;45666;0;3724051;0;0;0;0;0;0;3724051;619198;0;0;14535914;0;0;15155112;18879163;
1328;901331867;2019-12-31;2018;MILES;0;0;0;0;0;0;0;0;0;0;0;0;0;0;0;0;0;0;0;0;0;0;0;0;0;0;0;0;0;0;0;0;0;0;
1329;830083619;2019-12-31;2019;MILES;14787746;59747333;2358341;18110131;95003551;294210392;0;0;331276478;0;625486870;720490421;0;64634401;0;0;2511590;6974717;74120708;0;0;0;0;33969823;33969823;108090531;69120;0;101996031;-1134287066;0;1644621805;612399890;720490421;
1330;830083619;2019-12-31;2018;MILES;3107172;26243188;37782272;0;67132632;273846946;0;0;373352844;0;647199790;714332422;0;78853459;0;0;1354;1143;78855956;0;0;0;0;18511193;18511193;97367149;69120;0;104134587;-1169553215;0;1682314781;616965273;714332422;
1331;900174478;2019-12-31;2019;MILES;4371038;56762119;63355660;200363480;324852297;13402354;0;0;21620905;0;35023259;359875556;109439253;40499773;0;1169170;260634;190308619;341677449;578567;0;0;0;0;578567;342256016;1283792;90651891;3229481;-77545624;0;0;17619540;359875556;
1332;900174478;2019-12-31;2018;MILES;6144507;48519332;49615817;223014092;327293748;14088481;0;0;12145343;0;26233824;353527572;102927570;51366224;0;1380107;873535;204434186;360981622;0;0;0;0;0;0;360981622;949571;70932852;3242000;-82578473;0;0;-7454050;353527572;
1333;860051812;2019-12-31;2019;MILES;4308357;82960194;299794424;126650166;513713141;195876279;1916801;0;926002;1916801;200635883;714349024;5766826;106648236;0;26960639;0;34101092;173476793;18219410;0;0;0;1634761;19854171;193330964;2926094;0;251990523;-125012893;0;391114336;521018060;714349024;
1334;860051812;2019-12-31;2018;MILES;4463830;74317104;318031985;129669167;526482086;179254725;163430;0;4533450;163430;184115035;710597121;0;104463241;0;22831176;0;28458466;155752883;0;0;0;0;1430451;1430451;157183334;2926094;0;243470620;-127296405;0;434313478;553413787;710597121;
1335;901153631;2019-12-31;2019;MILES;433390;830468;3561326;2299658;7124842;3540471;4006;0;2755699;4006;6304182;13429024;4163954;2520319;0;184091;224466;0;7092830;6612022;0;12964;0;110646;6735632;13828462;240000;1260000;0;-1899438;0;0;-399438;13429024;
1336;901153631;2019-12-31;2018;MILES;288136;394216;2645540;2406778;5734670;3256101;21412;0;2351308;21412;5650233;11384903;996765;2641853;0;171529;157317;0;3967464;6500000;0;2362;0;102847;6605209;10572673;240000;1260000;0;-687770;0;0;812230;11384903;
1337;811042877;2019-12-31;2019;MILES;464070;418198;7509161;5839879;14231308;13882979;0;0;31323;0;13914302;28145610;2158911;1564544;0;200081;638579;591712;5153827;1632383;0;1480482;245923;0;3358788;8512615;2199455;1799000;1871780;1041847;0;12720913;19632995;28145610;
1338;811042877;2019-12-31;2018;MILES;582596;1610992;4631313;4183914;11008815;14246505;0;0;59677;0;14306182;25314997;2081964;1387267;0;165571;343873;2233830;6212505;2017964;0;1845170;304287;0;4167421;10379926;501000;1799000;-659153;871638;0;12422586;14935071;25314997;
1339;900626786;2019-12-31;2019;MILES;474507;1000;11654669;0;12130176;0;0;0;0;0;0;12130176;0;4099726;0;0;0;0;4099726;0;0;0;0;0;0;4099726;300000;0;0;7730450;0;0;8030450;12130176;
1340;900626786;2019-12-31;2018;MILES;1282138;8298438;1725687;0;11306263;8854283;0;0;0;0;8854283;20160546;0;10477204;0;0;3364;9419180;19899748;0;0;0;0;0;0;19899748;300000;0;0;-39202;0;0;260798;20160546;
1341;860048015;2019-12-31;2019;MILES;339852;743431;2172115;244831;3500229;1939147;0;0;1477395;0;3416542;6916771;254594;3311039;0;0;0;500087;4065720;845771;0;494438;0;0;1340209;5405929;136156;0;1007129;367557;0;0;1510842;6916771;
1342;860048015;2019-12-31;2018;MILES;357235;675028;2266737;249212;3548212;2523391;0;0;292562;0;2815953;6364165;450358;3569274;0;0;0;542162;4561794;0;0;345981;0;0;345981;4907775;136156;0;-150011;1470245;0;0;1456390;6364165;
1343;817002676;2019-12-31;2019;MILES;2947745;14783243;30917904;37942349;86591241;312752699;0;0;0;0;312752699;399343940;591205;98676911;3339242;3162078;2282655;0;108052091;0;0;20158250;0;0;20158250;128210341;126245411;0;47687212;97200976;0;0;271133599;399343940;
1344;817002676;2019-12-31;2018;MILES;12893319;10721174;26615784;33995263;84225540;290960090;0;0;0;0;290960090;375185630;0;77773024;3100860;2759789;6421275;0;90054948;0;0;11371534;0;0;11371534;101426482;126245411;0;45869180;101644557;0;0;273759148;375185630;
1345;900036548;2019-12-31;2019;MILES;125764;55021;6885188;0;7065973;102847;0;0;195739;0;298586;7364559;1112089;4526240;0;201474;205643;0;6045446;280390;0;185594;0;278351;744335;6789781;515000;0;242572;-182794;0;0;574778;7364559;
1346;900036548;2019-12-31;2018;MILES;572151;56924;9828699;0;10457774;242395;0;0;352896;0;595291;11053065;1368578;4715577;0;232258;198367;0;6514780;2938479;0;320936;0;387941;3647356;10162136;515000;0;190582;185347;0;0;890929;11053065;
1347;900162703;2019-12-31;2019;MILES;37787;1076884;1517445;1585006;4217122;5630822;0;0;291862;0;5922684;10139806;238154;735457;0;145612;3363598;0;4482821;427814;2509480;77978;0;0;3015272;7498093;548837;0;558333;1534543;0;0;2641713;10139806;
1348;900162703;2019-12-31;2018;MILES;10161;1635706;3074086;1585006;6304959;5472928;0;0;0;0;5472928;11777887;440531;1197908;0;472181;3557033;0;5667653;650223;1382635;0;0;0;2032858;7700511;548837;0;558333;2970206;0;0;4077376;11777887;
1349;890206611;2019-12-31;2019;MILES;4212671;1915846;55650405;5361511;67140433;1690020;20993936;0;-20993936;20993936;22683956;89824389;0;12921714;0;819079;499822;3889057;18129672;5000000;50227452;183036;0;0;55410488;73540160;13334000;51787000;61916;-48898687;0;0;16284229;89824389;
1350;890206611;2019-12-31;2018;MILES;5686387;1282729;60866245;5316900;73152261;2158166;17460763;0;-17404866;17460763;19674826;92827087;0;12477807;0;1333137;0;8045203;21856147;0;52319902;0;0;209456;52529358;74385505;13334000;51787000;61916;-46741334;0;0;18441582;92827087;
1351;900331600;2019-12-31;2019;MILES;56844;14568828;1003502;0;15629174;99516;535946;3673977;62073832;535946;66919217;82548391;8443297;5200611;0;0;146728;0;13790636;6389890;0;747737;0;1237041;8374668;22165304;49949;6225239;39524113;14583786;0;0;60383087;82548391;
1352;900331600;2019-12-31;2018;MILES;1068376;8874634;1973686;0;11916696;171010;954597;2378366;59188953;954597;63647523;75564219;6871101;5770827;0;0;287707;0;12929635;1352528;0;273865;0;1792961;3419354;16348989;49949;6225239;33921479;19018563;0;0;59215230;75564219;
1353;805027617;2019-12-31;2019;MILES;1780885;3118378;11934664;0;16833927;0;0;0;494829;0;494829;17328756;0;2183961;0;691000;229525;0;3104486;0;0;0;0;4670833;4670833;7775319;100010;81685869;-47408;-72185034;0;0;9553437;17328756;
1354;805027617;2019-12-31;2018;MILES;2548153;5383934;6533276;0;14465363;0;0;0;1820548;0;1820548;16285911;0;2202364;0;749535;67035;0;3018934;0;0;0;0;4769667;4769667;7788601;100010;81685869;-115303;-73173266;0;0;8497310;16285911;
1355;900154988;2019-12-31;2019;MILES;1867251;1996824;12657715;12823412;29345202;91687839;519662;0;-519662;519662;92207501;121552703;307099;30161506;0;845968;371104;0;31685677;70929;0;10756863;0;0;10827792;42513469;1502200;15000000;20959058;41577976;0;0;79039234;121552703;
1356;900154988;2019-12-31;2018;MILES;10432423;843948;13352224;11531224;36159819;76336446;155774;0;-155774;155774;76492220;112652039;0;24819132;0;907520;608352;0;26335004;0;0;7933705;0;0;7933705;34268709;1502200;15000000;20959058;40922072;0;0;78383330;112652039;
1357;860514604;2019-12-31;2019;MILES;13229609;11308019;36001555;27770931;88310114;124669139;0;0;122429;0;124791568;213101682;12049916;7888920;50064;1588651;896540;0;22474091;15476295;0;1521304;0;1731296;18728895;41202986;3381182;27455759;4416024;136645731;0;0;171898696;213101682;
1358;860514604;2019-12-31;2018;MILES;3001021;6239919;40271520;18670219;68182679;140708210;0;0;181613;0;140889823;209072502;8053981;10250201;50064;1758538;3836419;2520945;26470148;29595824;0;1963170;0;10352621;41911615;68381763;3211275;4531500;4416024;128531940;0;0;140690739;209072502;
1359;900368756;2019-12-31;2019;MILES;836;808;64916;0;66560;2123776;0;0;0;0;2123776;2190336;0;14754;0;0;0;0;14754;0;552725;104413;0;0;657138;671892;200;488107;33231;-84331;0;1081237;1518444;2190336;
1360;900368756;2019-12-31;2018;MILES;836;558;53184;0;54578;2123776;0;0;0;0;2123776;2178354;0;15204;0;0;0;0;15204;0;552725;104413;0;0;657138;672342;200;488107;24906;-88438;0;1081237;1506012;2178354;
1361;860001781;2019-12-31;2019;MILES;389987;1121585;11120453;20417106;33049131;9840441;287591;81360;504101;287591;11001084;44050215;12062017;5232721;160469;41873;479706;531041;18507827;3284667;0;290014;0;243307;3817988;22325815;854963;557029;8826910;11525498;0;-40000;21724400;44050215;
1362;860001781;2019-12-31;2018;MILES;408888;1140977;12315800;19732398;33598063;10519627;287591;81360;853457;287591;12029626;45627689;13072218;5260462;74729;44938;680617;530136;19663100;3730554;0;149498;0;71614;3951666;23614766;854963;557029;7710910;12930021;0;-40000;22012923;45627689;
1363;900193750;2019-12-31;2019;MILES;29;1406;0;0;1435;0;0;0;0;0;0;1435;0;146551;0;0;0;0;146551;0;2686786;0;0;0;2686786;2833337;6092;7161139;165;-9999298;0;0;-2831902;1435;
1364;900193750;2019-12-31;2018;MILES;0;204;0;0;204;0;0;0;15906;0;15906;16110;0;44030;0;0;4061;0;48091;0;2664331;0;0;0;2664331;2712422;6092;7161139;-620410;-9243133;0;0;-2696312;16110;
1365;900374897;2019-12-31;2019;MILES;1037;573;97862;0;99472;2199753;0;0;0;0;2199753;2299225;0;5606;0;0;0;0;5606;0;460034;121889;0;0;581923;587529;200;488107;64848;-93936;0;1252477;1711696;2299225;
1366;900374897;2019-12-31;2018;MILES;1037;555;82402;0;83994;2199753;0;0;0;0;2199753;2283747;0;5782;0;0;0;0;5782;0;460034;121889;0;0;581923;587705;200;488107;51749;-96491;0;1252477;1696042;2283747;
1367;900134430;2019-12-31;2019;MILES;61470968;58784284;322719619;45067989;488042860;15673270;0;0;15846715;0;31519985;519562845;48706939;275700307;3231107;20256628;30171080;39227157;417293218;0;0;0;0;6994196;6994196;424287414;4322245;21380645;73282966;-3710425;0;0;95275431;519562845;
1368;900134430;2019-12-31;2018;MILES;66855395;49972016;376119224;117155352;610101987;7407719;0;0;10001420;0;17409139;627511126;28099778;375072755;1032828;15432154;24451909;70950278;515039702;21051303;0;0;0;0;21051303;536091005;29303;21380645;65913186;4096987;0;0;91420121;627511126;
1369;900388620;2019-12-31;2019;MILES;256;1245;253653;0;255154;2040000;0;0;0;0;2040000;2295154;0;61236;0;0;0;0;61236;0;382896;114390;0;0;497286;558522;200;489907;122155;-172747;0;1297117;1736632;2295154;
1370;900388620;2019-12-31;2018;MILES;256;1024;207106;0;208386;2040000;0;0;0;0;2040000;2248386;0;56900;0;0;0;0;56900;0;382896;114390;0;0;497286;554186;200;489907;81746;-174770;0;1297117;1694200;2248386;
1371;860062808;2019-12-31;2019;MILES;1038869;1986404;1046903;2453728;6525904;3635086;0;0;61882;0;3696968;10222872;0;10648654;0;270063;67474;1610442;12596633;0;0;0;0;3091113;3091113;15687746;10802796;0;80593;-16348263;0;0;-5464874;10222872;
1372;860062808;2019-12-31;2018;MILES;1305693;1663850;613578;2202183;5785304;298601;0;0;0;0;298601;6083905;0;8289010;0;289644;80629;688824;9348107;0;0;0;0;3423;3423;9351530;10802796;0;80593;-14151014;0;0;-3267625;6083905;
1373;800136835;2019-12-31;2019;MILES;24911927;38760641;89358059;0;153030627;418808114;0;357782;3029991;0;422195887;575226514;0;107327496;0;10213446;0;15143856;132684798;38841275;35472537;0;0;1703929;76017741;208702539;102809342;50666505;20148280;192899848;0;0;366523975;575226514;
1374;800136835;2019-12-31;2018;MILES;33661709;13525005;97478646;0;144665360;350360535;0;357782;0;0;350718317;495383677;0;102347148;0;8546830;0;8541422;119435400;42255052;32598999;191876;0;0;75045927;194481327;102660170;3805;18654465;179583910;0;0;300902350;495383677;
1375;800023622;2019-12-31;2019;MILES;839208;6698956;11243623;932673;19714460;46975362;0;0;1628807;0;48604169;68318629;2114476;5335929;0;1335574;1086989;0;9872968;7735690;0;5575624;0;0;13311314;23184282;1287326;2532446;616006;40698569;0;0;45134347;68318629;
1376;800023622;2019-12-31;2018;MILES;726904;5221969;7941096;1123943;15013912;41179179;0;0;14639;0;41193818;56207730;1888533;4489320;0;1325973;1065724;0;8769550;208851;0;4177202;0;0;4386053;13155603;1287326;2532446;387654;38844701;0;0;43052127;56207730;
1377;830014061;2019-12-31;2019;MILES;1556708;3389689;9142135;4247215;18335747;1019356;332031;0;141116;332031;1824534;20160281;0;17337507;601444;626834;0;0;18565785;0;0;0;0;0;0;18565785;45015;4400924;86342;-2937785;0;0;1594496;20160281;
1378;830014061;2019-12-31;2018;MILES;2241827;1944385;5884364;2658418;12728994;1240269;168468;0;565942;168468;2143147;14872141;0;11472335;605157;580623;0;0;12658115;0;0;0;0;0;0;12658115;45015;4400924;86342;-2318255;0;0;2214026;14872141;
1379;900185816;2019-12-31;2019;MILES;340749;760330;266029;1119599;2486707;2316139;0;0;49212;0;2365351;4852058;0;3304713;0;122717;34145;607574;4069149;0;0;0;0;1896003;1896003;5965152;3865253;0;3047;-4981394;0;0;-1113094;4852058;
1380;900185816;2019-12-31;2018;MILES;484070;553272;259723;1051196;2348261;248829;0;0;0;0;248829;2597090;0;2391862;0;117446;31736;329726;2870770;0;0;0;0;1606;1606;2872376;3865253;0;3047;-4143586;0;0;-275286;2597090;
1381;900480569;2019-12-31;2019;MILES;180155698;24951403;1885120;255334182;462326403;1582154712;0;0;1066338591;0;2648493303;3110819706;943219852;640715081;12274089;20357601;25690038;125071032;1767327693;327827200;0;0;0;952682955;1280510155;3047837848;260040;1822214106;0;-1759492288;0;0;62981858;3110819706;
1382;900480569;2019-12-31;2018;MILES;115656301;27892846;1384038;171272524;316205709;1328826634;0;0;1290027;0;1330116661;1646322370;997019854;452672484;12704108;20956648;17302034;1970592;1502625720;75666666;0;0;0;0;75666666;1578292386;260031;1376179498;0;-1308409545;0;0;68029984;1646322370;
1383;830050247;2019-12-31;2019;MILES;388144;317571;10436236;0;11141951;122160;8495127;33655022;-4891533;8495127;45875903;57017854;46964557;263591;0;0;0;0;47228148;0;0;648560;0;0;648560;47876708;342194;4365884;56659;4376409;0;0;9141146;57017854;
1384;830050247;2019-12-31;2018;MILES;1082716;211366;16513991;0;17808073;137755;12124962;29345531;-7889211;12124962;45843999;63652072;50077359;345958;0;0;0;0;50423317;0;0;442961;0;0;442961;50866278;342194;4365884;3144622;4933094;0;0;12785794;63652072;
1385;817001644;2019-12-31;2019;MILES;15258593;1681766;122893736;63712506;203546601;7741704;663282;0;16796027;663282;25864295;229410896;0;83842845;3553823;2933348;0;0;90330016;0;0;1228041;0;0;1228041;91558057;8418090;4441122;49539249;75454378;0;0;137852839;229410896;
1386;817001644;2019-12-31;2018;MILES;5500409;13934500;153034025;89251502;261720436;7476132;729829;0;20716858;729829;29652648;291373084;28192216;137865938;2941535;6243266;0;0;175242955;0;0;561206;0;0;561206;175804161;8418090;4441122;58032475;44677236;0;0;115568923;291373084;
1387;800226384;2019-12-31;2019;MILES;115553;1210914;18598409;351211;20276087;0;0;0;199014;0;199014;20475101;0;2267927;0;0;0;0;2267927;0;0;0;0;0;0;2267927;991287;0;17398846;-182959;0;0;18207174;20475101;
1388;800226384;2019-12-31;2018;MILES;253357;1082235;27786832;1535639;30658063;0;0;0;279399;0;279399;30937462;0;12928895;414649;0;0;0;13343544;0;0;0;0;0;0;13343544;991287;0;17398846;-796215;0;0;17593918;30937462;
1389;860061651;2019-12-31;2019;MILES;6030190;504205;121565487;0;128099882;0;0;0;0;0;0;128099882;92090360;3431054;0;0;857220;0;96378634;0;0;0;0;0;0;96378634;4457848;21233998;4348760;1680642;0;0;31721248;128099882;
1390;860061651;2019-12-31;2018;MILES;3235846;318274;99268069;0;102822189;0;0;0;0;0;0;102822189;71201882;184261;0;0;933422;0;72319565;0;0;0;0;0;0;72319565;4457848;21233998;2834274;1976504;0;0;30502624;102822189;
1391;860354025;2019-12-31;2019;MILES;735;27951;0;1021;29707;606427;1421153;0;-854363;1421153;2594370;2624077;0;14650;0;0;22152;0;36802;0;347726;0;0;150303;498029;534831;30000;2658693;91911;-691358;0;0;2089246;2624077;
1392;860354025;2019-12-31;2018;MILES;735;55332;0;1021;57088;615089;1173561;0;-598684;1173561;2363527;2420615;0;19893;0;0;20370;0;40263;0;236622;0;0;120994;357616;397879;30000;2658693;15000;-680957;0;0;2022736;2420615;
1393;830140321;2019-12-31;2019;MILES;64712513;101569196;363426873;97815843;627524425;15866660;0;0;45678847;0;61545507;689069932;83789;439041379;2264070;40519756;0;151895853;633804847;0;0;0;0;9258703;9258703;643063550;1493655;17824121;-5265865;31954471;0;0;46006382;689069932;
1394;830140321;2019-12-31;2018;MILES;38817688;103766438;270832093;96537340;509953559;13037119;0;0;23308865;0;36345984;546299543;164412;335886315;5260827;46399586;0;133322649;521033789;0;0;0;0;0;0;521033789;1493655;17824121;-5272759;11220737;0;0;25265754;546299543;
1395;890919437;2019-12-31;2019;MILES;4430415;1406916;19389545;20161693;45388569;48072318;853532;5002895;-397524;853532;54384753;99773322;361604;9861169;758765;595743;2578212;1304001;15459494;719610;13005193;5984991;0;0;19709794;35169288;6537313;3186280;5422218;24094597;0;25363626;64604034;99773322;
1396;890919437;2019-12-31;2018;MILES;1827423;1950608;20010006;25191124;48979161;46992617;607727;5034419;35056;607727;53277546;102256707;8115050;10723797;763373;570421;2695812;1728123;24596576;129710;9495824;6678691;0;0;16304225;40900801;6537313;3186280;5409571;21405381;0;24817361;61355906;102256707;
1397;805028124;2019-12-31;2019;MILES;26739;62;712069;0;738870;1071953;0;0;544631;0;1616584;2355454;26124;15000;0;0;0;0;41124;0;0;0;0;0;0;41124;1000000;101303;500000;713027;0;0;2314330;2355454;
1398;805028124;2019-12-31;2018;MILES;12492;4424755;1800704;0;6237951;1329190;0;0;620259;0;1949449;8187400;48186;91690;0;0;0;0;139876;0;0;0;0;0;0;139876;1000000;5600000;500000;947524;0;0;8047524;8187400;
1399;830079680;2019-12-31;2019;MILES;4522;1952;22976;0;29450;2519;0;0;0;0;2519;31969;0;1009;0;4200;2070;0;7279;0;5000;36;0;0;5036;12315;10000;0;8407;1247;0;0;19654;31969;
1400;830079680;2019-12-31;2018;MILES;43043;1928;10353;0;55324;3146;20476;0;-20476;20476;23622;78946;0;38659;0;3089;573;0;42321;0;476;0;0;0;476;42797;10000;0;6436;19713;0;0;36149;78946;
1401;860040585;2019-12-31;2019;MILES;3591335;1770324;7365352;0;12727011;283313;172086;0;-154369;172086;473116;13200127;0;4134044;0;807427;2104787;863107;7909365;0;0;80571;0;0;80571;7989936;500000;33136;685974;3991081;0;0;5210191;13200127;
1402;860040585;2019-12-31;2018;MILES;1515908;1441614;7534035;0;10491557;319724;170678;0;-132596;170678;528484;11020041;0;4657826;0;738617;1389932;1055940;7842315;0;0;58551;0;0;58551;7900866;500000;33136;498625;2087414;0;0;3119175;11020041;
1403;900906350;2019-12-31;2019;MILES;12699643;1395327;8237497;535033;22867500;151613802;0;0;89866915;0;241480717;264348217;466169;6999211;0;518697;446619;158479;8589175;47943436;40250000;0;0;2170519;90363955;98953130;33475590;133900159;-1363;-1979299;0;0;165395087;264348217;
1404;900906350;2019-12-31;2018;MILES;1450766;128634;2270275;0;3849675;115590967;0;0;89027317;0;204618284;208467959;9627;7364540;0;359393;99793;0;7833353;11190;39029848;0;0;1653241;40694279;48527632;32447495;129787778;133968;-2428914;0;0;159940327;208467959;
1405;900907364;2019-12-31;2019;MILES;65260052;5452136;6209249;11241373;88162810;859516338;0;0;4871222;0;864387560;952550370;3676061;38941762;0;2249992;2695591;2044692;49608098;341906758;140250000;0;0;639351;482796109;532404207;85236805;340945021;5574537;-11610200;0;0;420146163;952550370;
1406;900907364;2019-12-31;2018;MILES;2774792;3107159;18365;0;5900316;674682602;0;0;3570;0;674686172;680586488;1352314;35699702;0;287544;1339158;31368;38710086;154355689;91490152;801168;0;85630;246732639;285442725;79100861;316401243;5682002;-7037330;0;996987;395143763;680586488;
1407;900071933;2019-12-31;2019;MILES;1642612;0;21880778;13558688;37082078;1323710;0;0;3227755;0;4551465;41633543;629303;15284931;0;319151;2307307;0;18540692;0;0;46038;0;2522737;2568775;21109467;1651980;0;9162338;9709758;0;0;20524076;41633543;
1408;900071933;2019-12-31;2018;MILES;1416113;0;20642910;14763840;36822863;1459637;0;0;123892;0;1583529;38406392;0;16840154;0;146718;1988917;0;18975789;0;0;0;0;0;0;18975789;1651980;0;7995287;9783336;0;0;19430603;38406392;
1409;860535706;2019-12-31;2019;MILES;1589940;1040717;29794765;10919743;43345165;31493449;855483;0;2693121;855483;35897536;79242701;2767448;15468407;88049;177071;0;4494692;22995667;35471547;0;2544827;0;610843;38627217;61622884;840000;0;838673;14615511;0;1325633;17619817;79242701;
1410;860535706;2019-12-31;2018;MILES;1046188;0;27990735;9125669;38162592;29858377;0;0;2489061;0;32347438;70510030;8556837;13667458;0;0;0;9365861;31590156;16100095;0;2014745;0;0;18114840;49704996;840000;0;838673;17551507;0;1574854;20805034;70510030;
1411;860523795;2019-12-31;2019;MILES;517006;1580657;7484147;6550733;16132543;6316330;0;0;62776;0;6379106;22511649;0;13701370;0;318382;552892;0;14572644;0;0;57653;0;0;57653;14630297;1680000;0;636050;1668620;0;3896682;7881352;22511649;
1412;860523795;2019-12-31;2018;MILES;550557;1059858;7253398;7559024;16422837;6708665;0;0;72271;0;6780936;23203773;14294922;61886;0;348841;446752;0;15152401;0;0;25983;0;0;25983;15178384;1680000;0;636050;1808694;0;3900645;8025389;23203773;
1413;900702026;2019-12-31;2019;MILES;91745;2739668;7596859;2157643;12585915;2582235;0;0;13647;0;2595882;15181797;69514;12437696;0;22128;0;200005;12729343;1857316;0;3553;0;0;1860869;14590212;300000;0;0;291585;0;0;591585;15181797;
1414;900702026;2019-12-31;2018;MILES;8210;2288280;8000032;1996961;12293483;2404336;0;0;12049;0;2416385;14709868;69514;12093150;0;22883;0;137397;12322944;1938429;0;4633;0;0;1943062;14266006;300000;0;0;143862;0;0;443862;14709868;
1415;900924527;2019-12-31;2019;MILES;43692134;1833092;3383064;41724993;90633283;92126569;0;0;2544482;0;94671051;185304334;3319970;43435826;0;1145927;22112088;2788402;72802213;44793224;0;0;0;2372152;47165376;119967589;3121750;81465750;0;-19250755;0;0;65336745;185304334;
1416;900924527;2019-12-31;2018;MILES;75907248;297575;17048669;28159599;121413091;58697981;0;0;0;0;58697981;180111072;0;60603760;3582232;777985;6871218;0;71835195;103658589;0;0;0;1324193;104982782;176817977;2521750;22065750;0;-21294405;0;0;3293095;180111072;
1417;900412326;2019-12-31;2019;MILES;117614;0;247978;0;365592;0;0;5732498;0;0;5732498;6098090;0;2120933;0;0;2531;0;2123464;0;0;0;0;0;0;2123464;1120;332190;151407;3489909;0;0;3974626;6098090;
1418;900412326;2019-12-31;2018;MILES;120149;13232;1091988;0;1225369;0;0;3232605;0;0;3232605;4457974;0;983332;0;0;180;0;983512;0;0;0;0;0;0;983512;1120;332190;151407;2989745;0;0;3474462;4457974;
1419;830114005;2019-12-31;2019;MILES;70648;665201;1468921;9592;2214362;238710;0;0;700060;0;938770;3153132;0;1837359;0;166615;92071;206216;2302261;0;0;34286;0;460890;495176;2797437;200000;0;100000;55695;0;0;355695;3153132;
1420;830114005;2019-12-31;2018;MILES;197617;147910;2930624;12410;3288561;275552;0;0;23646;0;299198;3587759;0;2482579;0;199995;229348;0;2911922;0;0;41967;0;0;41967;2953889;200000;0;100000;333870;0;0;633870;3587759;
1421;811043176;2019-12-31;2019;MILES;4114979;1924181;15334326;0;21373486;599201;0;0;209999;0;809200;22182686;1737077;11194884;0;598281;1432454;0;14962696;0;0;92390;0;30000;122390;15085086;6222420;0;2303257;-1428077;0;0;7097600;22182686;
1422;811043176;2019-12-31;2018;MILES;4520905;1230085;8918094;0;14669084;737377;0;0;371468;0;1108845;15777929;2903983;6593864;0;329119;2094398;0;11921364;0;0;277109;0;30000;307109;12228473;6222420;0;2552500;-5225464;0;0;3549456;15777929;
1423;900480476;2019-12-31;2019;MILES;9791;78415;1278139;0;1366345;13517910;0;0;553213;0;14071123;15437468;0;105563;0;10366;9276;0;125205;0;0;4082328;0;0;4082328;4207533;2600000;422700;812642;-175031;0;7569624;11229935;15437468;
1424;900480476;2019-12-31;2018;MILES;86553;80164;1436246;0;1602963;11904231;0;0;522961;0;12427192;14030155;0;20422;0;5107;44023;0;69552;0;0;3647798;0;0;3647798;3717350;2600000;422700;812642;-1295884;0;7773347;10312805;14030155;
1425;830060529;2019-12-31;2019;MILES;31007585;487983;31883444;0;63379012;753180;0;0;2798663;0;3551843;66930855;0;21700402;6386761;295430;2812273;176148;31371014;0;0;0;0;346329;346329;31717343;100000;950000;1522871;32640641;0;0;35213512;66930855;
1426;830060529;2019-12-31;2018;MILES;8329320;17442776;37590117;0;63362213;1025146;0;0;1824365;0;2849511;66211724;0;29005312;5477788;466939;2699540;93691;37743270;0;0;0;0;0;0;37743270;100000;950000;1522871;25895583;0;0;28468454;66211724;
1427;900844747;2019-12-31;2019;MILES;817156;2242283;7945440;14679999;25684878;0;0;0;0;0;0;25684878;209201;1726249;0;82237;645158;0;2662845;8585926;2809228;0;0;9318892;20714046;23376891;1800000;0;1090;506897;0;0;2307987;25684878;
1428;900844747;2019-12-31;2018;MILES;192804;9969290;1798786;19318779;31279659;0;0;0;0;0;0;31279659;222697;542445;0;50193;35899;0;851234;10814037;3837856;0;0;13049709;27701602;28552836;1800000;0;1090;925733;0;0;2726823;31279659;
1429;890304855;2019-12-31;2019;MILES;5735699;1431611;7265832;12297238;26730380;5592491;0;0;18193;0;5610684;32341064;6655;1544816;0;457102;1965497;99678;4073748;0;0;734981;0;8215391;8950372;13024120;851731;571906;741933;16118805;0;1032569;19316944;32341064;
1430;890304855;2019-12-31;2018;MILES;6849224;1915217;8316562;12906071;29987074;5691881;0;0;19601;0;5711482;35698556;1834;5750423;0;475954;2738797;14637;8981645;0;0;750628;0;14739696;15490324;24471969;851731;571906;741933;8028448;0;1032569;11226587;35698556;
1431;891900129;2019-12-31;2019;MILES;3502966;21002871;16397775;21402567;62306179;492921664;25659164;0;-7282271;25659164;536957721;599263900;57387019;22972342;210000;3767446;1122702;1617633;87077142;51032124;0;51853160;0;3376766;106262050;193339192;10222367;8905484;30107841;356689016;0;0;405924708;599263900;
1432;891900129;2019-12-31;2018;MILES;1340515;20081827;17374728;23672798;62469868;496507933;26745499;0;-9353823;26745499;540645108;603114976;64601180;22389635;110000;3602662;968025;286434;91957936;53244423;0;51587330;0;3334045;108165798;200123734;10222367;8905484;31568710;352294681;0;0;402991242;603114976;
1433;830113035;2019-12-31;2019;MILES;1947860;7864839;17817167;14147714;41777580;1139476;0;0;16723292;0;17862768;59640348;0;44041855;71184;0;74291;453495;44640825;0;3159789;976518;0;0;4136307;48777132;581298;5995740;0;4286178;0;0;10863216;59640348;
1434;830113035;2019-12-31;2018;MILES;949665;6361545;18022553;8763806;34097569;1407462;0;0;10534757;0;11942219;46039788;0;30728281;0;0;61369;474966;31264616;0;0;0;0;0;0;31264616;581298;0;0;8198134;0;5995740;14775172;46039788;
1435;900196414;2019-12-31;2019;MILES;322197;4499311;2081399;2111561;9014468;4063510;0;214650;1521640;0;5799800;14814268;2189018;2714095;0;1275337;0;328142;6506592;738462;458255;0;0;0;1196717;7703309;11845641;0;-82712;-4651970;0;0;7110959;14814268;
1436;900196414;2019-12-31;2018;MILES;90721;6111696;8673009;2289253;17164679;1886391;0;243637;903164;0;3033192;20197871;6768464;2463923;0;1481500;0;1178712;11892599;0;42059;0;0;0;42059;11934658;10634819;0;0;-2371606;0;0;8263213;20197871;
1437;830006901;2019-12-31;2019;MILES;2863693;1811726;7732358;14878549;27286326;12203023;0;3094447;106365;0;15403835;42690161;17798527;5476483;348288;0;1398816;510517;25532631;1370893;0;950564;0;0;2321457;27854088;4957348;0;543084;2626781;0;6708860;14836073;42690161;
1438;830006901;2019-12-31;2018;MILES;1100662;1602730;5574560;13945588;22223540;12203498;0;3094447;10133;0;15308078;37531618;14835660;4432352;187918;0;1546806;466924;21469660;2811796;0;850555;0;0;3662351;25132011;3500000;0;459872;1662730;0;6777005;12399607;37531618;
1439;830084433;2019-12-31;2019;MILES;3493272;5732662;9637828;935609;19799371;6938540;0;0;17405208;0;24343748;44143119;4292470;12076020;0;0;0;543321;16911811;3404216;0;376421;0;0;3780637;20692448;4700256;0;2202803;16547612;0;0;23450671;44143119;
1440;830084433;2019-12-31;2018;MILES;4015306;3300135;11479965;665613;19461019;4991967;0;0;15166710;0;20158677;39619696;2456466;10485393;0;0;0;600732;13542591;2337419;0;241266;0;0;2578685;16121276;4700256;0;17050864;1747300;0;0;23498420;39619696;
1441;890101815;2019-12-31;2019;MILES;69305225;38885440;356528079;179270879;643989623;409623490;0;0;14716882;0;424340372;1068329995;30168248;336791072;5357923;46182149;4715169;0;423214561;68571429;76747447;0;0;2100694;147419570;570634131;1852846;0;361635757;134207261;0;0;497695864;1068329995;
1442;890101815;2019-12-31;2018;MILES;73014766;60676798;399445108;167708656;700845328;335749947;0;0;31333416;0;367083363;1067928691;11355403;378031044;4660040;42692495;5277710;41082737;483099429;72000000;0;19164910;0;8369571;99534481;582633910;1852846;0;361749851;121692084;0;0;485294781;1067928691;
1443;830006051;2019-12-31;2019;MILES;56153374;44440583;85152489;92636730;278383176;8548397;0;0;27336052;0;35884449;314267625;45000000;135733010;7151267;4574667;52400481;2421740;247281165;0;0;0;0;770061;770061;248051226;2150686;9292608;1708740;53064365;0;0;66216399;314267625;
1444;830006051;2019-12-31;2018;MILES;49576420;40907175;68510090;37743713;196737398;2241523;0;0;13900918;0;16142441;212879839;0;72835302;7729190;5170002;60136464;0;145870958;0;0;0;0;0;0;145870958;2150686;9292608;1708740;53856847;0;0;67008881;212879839;
1445;830110912;2019-12-31;2019;MILES;37355;2229066;345009;3181084;5792514;36902829;0;0;3972810;0;40875639;46668153;790090;6808617;0;0;800151;26669;8425527;3397553;13914793;3080925;0;0;20393271;28818798;560000;31560000;62832;-14333477;0;0;17849355;46668153;
1446;830110912;2019-12-31;2018;MILES;267007;1171976;55662;2278485;3773130;31244381;0;0;3940328;0;35184709;38957839;1131138;4339596;0;0;0;627630;6098364;4161630;26908424;3280336;0;0;34350390;40448754;350000;10770000;62832;-12673747;0;0;-1490915;38957839;
1447;800240061;2019-12-31;2019;MILES;1664691;25534;3926707;18129263;23746195;4272861;0;0;3808632;0;8081493;31827688;599424;12575455;0;114939;831588;0;14121406;0;0;2660;0;0;2660;14124066;180000;9298846;91272;8133504;0;0;17703622;31827688;
1448;800240061;2019-12-31;2018;MILES;2520318;52283;3702901;14166350;20441852;4545495;0;0;3065241;0;7610736;28052588;0;9816498;0;113699;843360;0;10773557;0;0;2660;0;0;2660;10776217;180000;9298846;91272;7706253;0;0;17276371;28052588;
1449;900967937;2019-12-31;2019;MILES;2912594;1727136;5642432;0;10282162;75450;0;0;133882;0;209332;10491494;0;4842961;0;2675;988294;1004375;6838305;0;0;1192;0;0;1192;6839497;20000;2490000;164691;977306;0;0;3651997;10491494;
1450;900967937;2019-12-31;2018;MILES;1118623;780943;4253587;0;6153153;74574;0;0;101496;0;176070;6329223;0;1703767;0;4229;402522;1143125;3253643;0;0;688;0;0;688;3254331;20000;2490000;164691;400201;0;0;3074892;6329223;
1451;830045427;2019-12-31;2019;MILES;5842161;137580;36579928;0;42559669;677266;0;0;2448943;0;3126209;45685878;0;29349565;4171348;425929;1637085;966441;36550368;0;0;0;0;697579;697579;37247947;642255;0;10420;7785256;0;0;8437931;45685878;
1452;830045427;2019-12-31;2018;MILES;1919637;5921755;38316181;0;46157573;914679;0;0;853289;0;1767968;47925541;3315050;33850602;1992648;506306;3031700;17604;42713910;0;0;0;0;0;0;42713910;642255;0;10420;4558956;0;0;5211631;47925541;
1453;900156833;2019-12-31;2019;MILES;16853372;57445;401073;0;17311890;84053789;0;0;92230307;0;176284096;193595986;2490144;30363256;0;0;0;3146267;35999667;0;32715318;0;0;0;32715318;68714985;11000;383025987;7140418;-265296404;0;0;124881001;193595986;
1454;900156833;2019-12-31;2018;MILES;18069606;44482;3093432;0;21207520;28626970;0;0;21859042;0;50486012;71693532;756949;11306179;0;0;0;1820354;13883482;0;0;0;0;0;0;13883482;10828;237240508;11317223;-190758509;0;0;57810050;71693532;
1455;830001324;2019-12-31;2019;MILES;389874;11343253;31116111;0;42849238;69850532;0;0;0;0;69850532;112699770;0;14621152;0;0;1169608;0;15790760;0;0;0;0;315977;315977;16106737;10000;0;1189066;-220080879;0;315474846;96593033;112699770;
1456;830001324;2019-12-31;2018;MILES;586455;7347860;9314473;0;17248788;72922876;0;0;0;0;72922876;90171664;0;5976538;0;0;2886248;0;8862786;0;0;0;1038428;298413;1336841;10199627;10000;0;1189066;-236637067;0;315410038;79972037;90171664;
1457;800203705;2019-12-31;2019;MILES;598204;81976;47747;0;727927;0;0;1155325;318576;0;1473901;2201828;0;30388;0;0;21159;0;51547;0;0;102982;0;0;102982;154529;7508;542021;6000;1491770;0;0;2047299;2201828;
1458;800203705;2019-12-31;2018;MILES;516500;115894;44009;0;676403;0;0;1324840;264873;0;1589713;2266116;0;28694;0;0;21871;0;50565;0;0;62835;0;0;62835;113400;7508;542021;6000;1597187;0;0;2152716;2266116;
1459;809000555;2019-12-31;2019;MILES;328158;5405730;87723256;20240991;113698135;21974915;0;0;968390;0;22943305;136641440;462778;89043039;0;0;1646725;489856;91642398;0;3776990;4301799;0;0;8078789;99721187;1000000;0;18848738;10424515;0;6647000;36920253;136641440;
1460;809000555;2019-12-31;2018;MILES;442999;4179519;91758831;15382523;111763872;22652570;0;0;882236;0;23534806;135298678;0;86483799;0;0;1078796;395739;87958334;0;5439012;4567929;0;0;10006941;97965275;1000000;0;18848738;8881427;0;8603238;37333403;135298678;
1461;900124556;2019-12-31;2019;MILES;94425;0;15061517;0;15155942;66540;1016123;0;-532505;1016123;1566281;16722223;3440959;111650;0;65373;87485;12409;3717876;5766373;0;2023;0;0;5768396;9486272;13440;6466248;514097;242166;0;0;7235951;16722223;
1462;900124556;2019-12-31;2018;MILES;529221;0;13874542;0;14403763;65161;957454;0;-591398;957454;1388671;15792434;2209356;285766;0;55073;117834;113552;2781581;5729325;0;0;0;0;5729325;8510906;13440;6466248;514097;287743;0;0;7281528;15792434;
1463;830037582;2019-12-31;2019;MILES;162607;1079852;33269456;24743798;59255713;13530653;0;0;236061;0;13766714;73022427;0;33886463;0;0;1013646;415000;35315109;0;11521490;883364;0;0;12404854;47719963;4400000;28008;9297250;11577206;0;0;25302464;73022427;
1464;830037582;2019-12-31;2018;MILES;145301;1061239;24647766;25226542;51080848;13830002;0;0;322038;0;14152040;65232888;0;30530581;0;0;867291;0;31397872;0;11503602;1175554;0;0;12679156;44077028;4400000;28008;5204439;11523413;0;0;21155860;65232888;
1465;800226891;2019-12-31;2019;MILES;1027534;23519;554339;0;1605392;5541753;11692594;0;9212220;11692594;38139161;39744553;100275;38968;0;0;2080887;0;2220130;0;7619543;0;0;0;7619543;9839673;250000;0;852859;28802021;0;0;29904880;39744553;
1466;800226891;2019-12-31;2018;MILES;552207;56276;918389;0;1526872;5605929;12019966;0;8728887;12019966;38374748;39901620;101779;49384;0;0;1188942;0;1340105;0;7644555;0;0;0;7644555;8984660;250000;0;852859;29814101;0;0;30916960;39901620;
1467;860000580;2019-12-31;2019;MILES;26151754;968314;64574455;51724351;143418874;16151836;1556355;0;5869103;1556355;25133649;168552523;1230866;43121711;2104963;4318974;0;2749490;53526004;8662553;0;0;0;6538222;15200775;68726779;54356030;6386;22245096;23218232;0;0;99825744;168552523;
1468;860000580;2019-12-31;2018;MILES;154934041;0;47720815;48227502;250882358;6809626;1419027;0;4716228;1419027;14363908;265246266;0;24478488;3608714;5626876;6672641;2853538;43240257;0;0;0;0;7041144;7041144;50281401;54356030;6386;21435190;139167259;0;0;214964865;265246266;
1469;830052054;2019-12-31;2019;MILES;4151305;4773697;9334912;20043086;38303000;1800362;0;0;836140;0;2636502;40939502;397471;13811788;100000;201688;0;227235;14738182;1375690;0;0;0;0;1375690;16113872;6369073;60294686;2892454;-44730583;0;0;24825630;40939502;
1470;830052054;2019-12-31;2018;MILES;3937854;5558986;11300018;15216573;36013431;132785;0;0;11539133;0;11671918;47685349;0;7929362;100000;230316;0;206334;8466012;0;0;0;0;0;0;8466012;6369073;60294686;2892454;-30336876;0;0;39219337;47685349;
1471;900668539;2019-12-31;2019;MILES;2044286;0;31530;0;2075816;0;0;0;43473926;0;43473926;45549742;0;0;0;0;545817;13638;559455;0;0;0;0;0;0;559455;228780;43789914;114390;857203;0;0;44990287;45549742;
1472;900668539;2019-12-31;2018;MILES;50574178;7378;77921;0;50659477;0;0;0;43467757;0;43467757;94127234;0;80;0;0;478670;183316;662066;0;0;0;0;0;0;662066;228780;43789914;1061404;48385070;0;0;93465168;94127234;
1473;800101932;2019-12-31;2019;MILES;764233;107777;2273338;300331;3445679;2854180;0;0;3168396;0;6022576;9468255;328457;1412937;187469;0;95931;733763;2758557;2794242;0;169342;0;0;2963584;5722141;257824;0;1916939;1571351;0;0;3746114;9468255;
1474;800101932;2019-12-31;2018;MILES;582743;6828;3242499;191177;4023247;2786071;0;0;210231;0;2996302;7019549;604434;2762284;91553;0;252060;740234;4450565;0;0;75854;0;0;75854;4526419;257824;0;-219674;2454980;0;0;2493130;7019549;
1475;800191135;2019-12-31;2019;MILES;162582;654196;797664;832233;2446675;1330086;0;0;24713;0;1354799;3801474;0;1986212;0;150668;169489;551355;2857724;0;0;0;0;1017811;1017811;3875535;1125963;0;350944;-1550968;0;0;-74061;3801474;
1476;800191135;2019-12-31;2018;MILES;196801;545449;375125;909512;2026887;188121;0;0;0;0;188121;2215008;0;1443307;0;133919;211575;142209;1931010;0;0;0;0;2653;2653;1933663;1125963;0;350944;-1195562;0;0;281345;2215008;
1477;890705341;2019-12-31;2019;MILES;287423;604138;939840;1241414;3072815;1592705;0;0;22084;0;1614789;4687604;0;1175167;0;182608;192594;1077204;2627573;0;0;0;0;1539903;1539903;4167476;2714985;83063;294259;-2572179;0;0;520128;4687604;
1478;890705341;2019-12-31;2018;MILES;372621;460470;439688;1300891;2573670;184494;0;0;0;0;184494;2758164;0;916075;0;185802;148002;190682;1440561;0;0;0;0;227428;227428;1667989;2714985;83063;294259;-2002132;0;0;1090175;2758164;
1479;900601546;2019-12-31;2019;MILES;42535086;41202;17962286;1000510;61539084;887553;0;0;2519031;0;3406584;64945668;213042;11634628;0;550115;2797139;7125274;22320198;768145;0;0;15673543;0;16441688;38761886;1420025;630232;2329312;21804213;0;0;26183782;64945668;
1480;900601546;2019-12-31;2018;MILES;25703249;196362;21883154;29154;47811919;513350;0;0;569408;0;1082758;48894677;0;4222624;0;637441;4419791;3934526;13214382;0;0;0;19519135;0;19519135;32733517;1420025;630232;1156002;12954901;0;0;16161160;48894677;
1481;901120539;2019-12-31;2019;MILES;91676;1329844;10621003;0;12042523;25756030;0;0;408570;0;26164600;38207123;0;298828;0;2390438;1113960;0;3803226;0;0;0;0;14531560;14531560;18334786;1018000;17366874;0;1487463;0;0;19872337;38207123;
1482;901120539;2019-12-31;2018;MILES;3547730;455857;6591669;0;10595256;7661412;0;0;84307;0;7745719;18340975;0;428864;0;1195620;789898;0;2414382;0;0;0;0;0;0;2414382;1012000;13972874;0;941719;0;0;15926593;18340975;
1483;860512249;2019-12-31;2019;MILES;14454885;6744355;70514173;93736561;185449974;210357220;6191448;0;61798786;6191448;284538902;469988876;127038173;63743171;0;0;11748627;13729898;216259869;176876855;0;0;0;14000104;190876959;407136828;18866915;0;9543876;34441257;0;0;62852048;469988876;
1484;860512249;2019-12-31;2018;MILES;19115696;5153674;76066058;106063045;206398473;75309230;6141770;0;62416761;6141770;150009531;356408004;95943477;64886649;0;0;14685317;19533939;195049382;76349196;0;0;0;13497207;89846403;284895785;18866915;0;9543876;43101428;0;0;71512219;356408004;
1485;811005246;2019-12-31;2019;MILES;10010676;4250017;334015;0;14594708;3721931;0;0;7307434;0;11029365;25624073;0;2392930;0;12104713;768735;0;15266378;0;0;0;0;6945756;6945756;22212134;551090;0;1978612;882237;0;0;3411939;25624073;
1486;811005246;2019-12-31;2018;MILES;7316942;7031167;619554;0;14967663;3489452;0;0;736304;0;4225756;19193419;0;4294684;0;10814457;682883;0;15792024;0;0;0;0;147755;147755;15939779;551090;0;1044425;1658125;0;0;3253640;19193419;
1487;800020706;2019-12-31;2019;MILES;11712386;2565147;65395927;141430035;221103495;124577883;6936233;0;114192325;6936233;252642674;473746169;124820339;39179144;0;0;13668892;0;177668375;183177707;4318026;0;0;518424;188014157;365682532;6140000;0;45732708;56190929;0;0;108063637;473746169;
1488;800020706;2019-12-31;2018;MILES;10303226;3003856;69342410;158409947;241059439;129491810;6560933;0;149800;6560933;142763476;383822915;138595553;41691003;0;0;11564263;0;191850819;87622266;11940264;0;0;665353;100227883;292078702;6140000;0;45732708;39871505;0;0;91744213;383822915;
1489;890329438;2019-12-31;2019;MILES;2453448;10136318;20322391;7518016;40430173;57264008;0;0;10051132;0;67315140;107745313;0;38821448;0;2007351;1544064;0;42372863;0;41785517;0;0;0;41785517;84158380;39777358;60156806;0;-76347231;0;0;23586933;107745313;
1490;890329438;2019-12-31;2018;MILES;4485496;7693446;19977684;7407125;39563751;61155494;0;0;10003392;0;71158886;110722637;0;31808012;0;2177336;1784945;0;35770293;0;39343776;0;0;0;39343776;75114069;39777358;60156806;0;-64325596;0;0;35608568;110722637;
1491;816008547;2019-12-31;2019;MILES;555827;851157;1918645;2339340;5664969;2584875;0;0;39801;0;2624676;8289645;0;3927052;0;303218;295365;1169107;5694742;0;0;0;0;2085358;2085358;7780100;1920070;126815;187380;-1724720;0;0;509545;8289645;
1492;816008547;2019-12-31;2018;MILES;703408;610493;828833;2193745;4336479;340959;0;0;0;0;340959;4677438;0;3147132;0;239677;193545;505761;4086115;0;0;0;0;2491;2491;4088606;1920070;126815;187381;-1645434;0;0;588832;4677438;
1493;804009440;2019-12-31;2019;MILES;8573135;18276;11967452;9096899;29655762;11835764;0;0;530197;0;12365961;42021723;0;7738915;0;313372;247219;0;8299506;8297351;0;1030739;0;215268;9543358;17842864;2850000;0;1530338;19435537;0;362984;24178859;42021723;
1494;804009440;2019-12-31;2018;MILES;3110943;41233;15205302;8804050;27161528;12247179;0;0;544908;0;12792087;39953615;0;8736909;0;259139;438816;0;9434864;6632128;0;1052605;0;133748;7818481;17253345;2850000;0;1530338;17956948;0;362984;22700270;39953615;
1495;800176628;2019-12-31;2019;MILES;9777468;1560251;0;2790298;14128017;3711472;0;6000000;516292;0;10227764;24355781;1637676;4927912;0;326892;3144366;4878;10041724;1508977;0;69997;0;0;1578974;11620698;60000;1045000;30000;11600083;0;0;12735083;24355781;
1496;800176628;2019-12-31;2018;MILES;9668635;1706788;0;5797602;17173025;150202;0;6000000;303120;0;6453322;23626347;0;9204767;0;293481;3363760;0;12862008;898935;0;19341;0;0;918276;13780284;60000;1045000;30000;8711063;0;0;9846063;23626347;
1497;900715721;2019-12-31;2019;MILES;1093576;1192979;8722563;0;11009118;0;0;0;192993;0;192993;11202111;2232;1461503;0;3211441;0;298672;4973848;0;0;0;0;0;0;4973848;238000;0;4179515;1810748;0;0;6228263;11202111;
1498;900715721;2019-12-31;2018;MILES;676552;922842;8097016;0;9696410;0;0;0;192993;0;192993;9889403;9334;1799621;0;3351570;0;311363;5471888;0;0;0;0;0;0;5471888;238000;0;2301579;1877936;0;0;4417515;9889403;
1499;860054546;2019-12-31;2019;MILES;2628740;1705533;6619108;1366454;12319835;17744306;0;0;31109652;0;48853958;61173793;2406374;22135532;463357;0;0;2472420;27477683;29121869;0;690504;0;0;29812373;57290056;7240006;0;2477991;-5834260;0;0;3883737;61173793;
1500;860054546;2019-12-31;2018;MILES;1608241;645651;6486049;1003856;9743797;11492283;0;0;738798;0;12231081;21974878;2085523;20796561;188951;0;0;1290144;24361179;0;0;197776;0;0;197776;24558955;2230670;0;-861044;-3953703;0;0;-2584077;21974878;
1501;805031788;2019-12-31;2019;MILES;4716166;5769292;19038095;21578698;51102251;15920816;1098080;0;5348833;1098080;23465809;74568060;0;9625281;0;259767;1543432;62983;11491463;956998;0;893422;0;0;1850420;13341883;26200000;0;2387300;-17161123;0;49800000;61226177;74568060;
1502;805031788;2019-12-31;2018;MILES;8144729;5486154;16339699;18922254;48892836;16585511;1098080;0;13023786;1098080;31805457;80698293;725189;29811670;0;226058;342725;19475;31125117;956998;0;783097;0;0;1740095;32865212;26200000;0;2049666;-30216585;0;49800000;47833081;80698293;
1503;800251163;2019-06-30;2019;MILES;740138704;13006424;564969475;47968200;1366082803;4811754606;9399495;0;127388753;9399495;4957942349;6324025152;94751213;190615741;4446580;0;40768926;17164396;347746856;1570097494;13239097;225096145;3027082;154069260;1965529078;2313275934;155309339;0;1379143868;2476296011;0;0;4010749218;6324025152;
1504;800251163;2019-06-30;2018;MILES;778061011;10038382;551278225;79429842;1418807460;5041448707;10792314;0;68868703;10792314;5131902038;6550709498;147548828;236211176;4446580;0;341474161;15438858;745119603;1563061035;15018627;197493167;3000598;153394477;1931967904;2677087507;155309339;0;1430461084;2287851568;0;0;3873621991;6550709498;
1505;800251163;2019-12-31;2019;MILES;1445468814;10410141;493442496;125277129;2074598580;4871841882;8838373;0;208127974;8838373;5097646602;7172245182;79846066;364037046;6996182;0;571148353;11691949;1033719596;1604222008;14419372;212617925;5101115;166836923;2003197343;3036916939;155309339;0;1411454109;2568564795;0;0;4135328243;7172245182;
1506;800251163;2019-12-31;2018;MILES;740138704;13006424;564969475;47968200;1366082803;4811754606;9399495;0;127388753;9399495;4957942349;6324025152;94751213;190615741;4446580;0;40768926;17164396;347746856;1570097494;13239097;225096145;3027082;154069260;1965529078;2313275934;155309339;0;1379143868;2476296011;0;0;4010749218;6324025152;
1507;830005674;2019-12-31;2019;MILES;323963;172771;2807707;381156;3685597;4372423;0;0;3446106;0;7818529;11504126;3220162;3232852;335967;0;0;545270;7334251;2203000;0;0;0;0;2203000;9537251;2074494;0;1527;-109146;0;0;1966875;11504126;
1508;830005674;2019-12-31;2018;MILES;231227;354632;2678422;628548;3892829;4048596;0;0;457829;0;4506425;8399254;1883129;3347266;122169;0;0;562720;5915284;0;0;71854;0;0;71854;5987138;2074494;0;-48250;385872;0;0;2412116;8399254;
1509;890101890;2019-12-31;2019;MILES;424389;0;212668;57187;694244;32413805;0;0;0;0;32413805;33108049;14324;1588867;0;1418521;85672;30466;3137850;0;0;9619491;0;0;9619491;12757341;1049130;4483628;37435;14780515;0;0;20350708;33108049;
1510;890101890;2019-12-31;2018;MILES;347400;0;230168;57187;634755;32663890;0;0;0;0;32663890;33298645;12985;1926832;0;1488636;85678;22755;3536886;0;0;9378892;0;0;9378892;12915778;1049130;4483628;0;14850109;0;0;20382867;33298645;
1511;890209612;2019-12-31;2019;MILES;16194369;10496199;60160502;44575205;131426275;39150035;5309;0;-5309;5309;39155344;170581619;8876257;92343114;0;2066182;5205331;5504100;113994984;0;0;294605;0;4265816;4560421;118555405;6960000;18359048;6451953;20255213;0;0;52026214;170581619;
1512;890209612;2019-12-31;2018;MILES;10010935;7375962;50015342;41920118;109322357;24471341;0;0;1139423;0;25610764;134933121;6328486;71645104;0;1324294;5299301;4173458;88770643;0;0;0;0;0;0;88770643;6960000;18359048;6451953;14391477;0;0;46162478;134933121;
1513;800195190;2019-12-31;2019;MILES;3646399;2061684;4576542;4472083;14756708;32858506;0;0;0;0;32858506;47615214;0;2953950;0;0;2180956;351061;5485967;0;38353049;633869;0;0;38986918;44472885;7692045;0;0;-12687382;0;8137666;3142329;47615214;
1514;800195190;2019-12-31;2018;MILES;2741775;1126420;4720241;4995076;13583512;33743397;0;0;0;0;33743397;47326909;305038;2998246;174454;0;2238966;0;5716704;0;37438641;727329;0;0;38165970;43882674;7692045;0;0;-12385476;0;8137666;3444235;47326909;
1515;800143281;2019-12-31;2019;MILES;30255;0;5125963;3240090;8396308;434384;0;0;846494;0;1280878;9677186;944099;2538493;0;231867;272728;0;3987187;3705005;0;0;0;0;3705005;7692192;1390000;0;200913;394081;0;0;1984994;9677186;
1516;800143281;2019-12-31;2018;MILES;31637;0;4995015;2599768;7626420;378206;0;0;776045;0;1154251;8780671;717404;2301330;0;222026;203596;0;3444356;3535536;0;0;0;0;3535536;6979892;1000000;0;177981;622798;0;0;1800779;8780671;
1517;830127076;2019-12-31;2019;MILES;2654635;0;2101949;0;4756584;60949136;0;0;12124945;0;73074081;77830665;838192;13579987;0;0;0;8466763;22884942;881872;6533542;0;0;18837025;26252439;49137381;46108569;998052566;23740422;-1039208273;0;0;28693284;77830665;
1518;830127076;2019-12-31;2018;MILES;1195964;28112;3759154;0;4983230;60299133;0;0;9782115;0;70081248;75064478;106844;13823464;0;0;0;3227327;17157635;373416;6478935;0;0;18901088;25753439;42911074;45861033;964548640;38172505;-1016428774;0;0;32153404;75064478;
1519;812008359;2019-12-31;2019;MILES;354958;875559;1190393;908696;3329606;1533149;0;0;50418;0;1583567;4913173;0;5778976;0;947288;206342;438887;7371493;0;0;0;0;1289346;1289346;8660839;3007012;162;2037;-6756877;0;0;-3747666;4913173;
1520;812008359;2019-12-31;2018;MILES;854200;770034;1959717;940504;4524455;231829;0;0;0;0;231829;4756284;0;6358712;0;191571;165607;1080627;7796517;0;0;0;0;3089;3089;7799606;3007012;162;2037;-6052533;0;0;-3043322;4756284;
1521;814006664;2019-12-31;2019;MILES;357368;236081;855838;1773335;3222622;1684340;0;0;30840;0;1715180;4937802;0;86834;0;177696;288657;1163375;1716562;0;0;0;0;1436227;1436227;3152789;1162332;167526;493215;-38060;0;0;1785013;4937802;
1522;814006664;2019-12-31;2018;MILES;286737;280592;318877;1547281;2433487;148393;0;0;0;0;148393;2581880;0;256966;0;132488;201113;345638;936205;0;0;0;0;3138;3138;939343;1162332;167526;493215;-180536;0;0;1642537;2581880;
1523;900056664;2019-12-31;2019;MILES;471039;1316170;480275;1316369;3583853;3542400;0;0;73006;0;3615406;7199259;0;4029118;0;250477;149818;1188885;5618298;0;0;0;0;3169017;3169017;8787315;4305578;47533;468989;-6410156;0;0;-1588056;7199259;
1524;900056664;2019-12-31;2018;MILES;637946;1087831;147727;1787571;3661075;97664;0;0;0;0;97664;3758739;0;3755087;0;220707;58003;462848;4496645;0;0;0;0;2615;2615;4499260;4305578;47533;50318;-5143950;0;0;-740521;3758739;
1525;890705577;2019-12-31;2019;MILES;303873;156782;612330;3012807;4085792;1384816;0;0;22140;0;1406956;5492748;0;64959;0;182126;302847;649105;1199037;0;0;0;0;1079976;1079976;2279013;2394608;0;682764;136363;0;0;3213735;5492748;
1526;890705577;2019-12-31;2018;MILES;1318894;135194;598485;2105930;4158503;289338;0;0;0;0;289338;4447841;0;856486;0;153641;345287;205132;1560546;0;0;0;0;1905;1905;1562451;2394608;0;305352;185430;0;0;2885390;4447841;
1527;900129262;2019-12-31;2019;MILES;189609;497349;374836;542561;1604355;1091053;0;0;22506;0;1113559;2717914;0;2327609;0;116200;135608;641849;3221266;0;0;0;0;957556;957556;4178822;466733;39980;247101;-2214722;0;0;-1460908;2717914;
1528;900129262;2019-12-31;2018;MILES;266087;415546;123768;848322;1653723;83415;0;0;0;0;83415;1737138;0;2375748;0;97032;75495;357747;2906022;0;0;0;0;2253;2253;2908275;466733;39980;247101;-1924951;0;0;-1171137;1737138;
1529;860026442;2019-12-31;2019;MILES;6816595;1615009;41548680;22875266;72855550;21129926;0;0;2253902;0;23383828;96239378;511364;18480943;20506;0;0;0;19012813;30000000;0;0;0;285456;30285456;49298269;2051809;0;38135413;6753887;0;0;46941109;96239378;
1530;860026442;2019-12-31;2018;MILES;4470510;107559;37030223;33393090;75001382;11326061;0;0;2999092;0;14325153;89326535;625158;14216886;16238;0;0;0;14858282;34000000;0;0;0;271680;34271680;49129962;2051809;0;34295195;3849569;0;0;40196573;89326535;
1531;901159536;2019-12-31;2019;MILES;190411;76420;513142;32128;812101;14604182;0;0;238061;0;14842243;15654344;5041;2045863;0;72743;16226;0;2139873;0;6300000;0;0;9306112;15606112;17745985;1000;0;0;-2092641;0;0;-2091641;15654344;
1532;901159536;2019-12-31;2018;MILES;342662;38364;482013;17479;880518;14821535;0;0;316932;0;15138467;16018985;5808;1003214;0;27292;25982;0;1062296;0;6300000;132;0;9000000;15300132;16362428;1000;0;0;-344443;0;0;-343443;16018985;
1533;817000553;2019-12-31;2019;MILES;704807;358409;2139349;2582100;5784665;1697821;0;0;37484;0;1735305;7519970;0;391839;0;298270;431611;1841080;2962800;0;0;0;0;1359765;1359765;4322565;2524067;247563;1256943;-831168;0;0;3197405;7519970;
1534;817000553;2019-12-31;2018;MILES;657515;373077;1475369;2168196;4674157;242078;0;0;0;0;242078;4916235;0;284113;0;237913;314669;1245592;2082287;0;0;0;0;1055;1055;2083342;2524067;247563;1256943;-1195680;0;0;2832893;4916235;
1535;900220409;2019-12-31;2019;MILES;365804;134351;4522422;30626600;35649177;30542;0;0;18506;0;49048;35698225;0;4022551;0;250072;791595;10854107;15918325;18876325;0;10545;0;0;18886870;34805195;2000000;0;150502;-1259051;0;1579;893030;35698225;
1536;900220409;2019-12-31;2018;MILES;914973;929828;402084;31144780;33391665;721776;0;0;3918048;0;4639824;38031489;0;4566788;0;219877;508922;9406409;14701996;22004346;0;2377;0;0;22006723;36708719;2000000;0;150502;-829311;0;1579;1322770;38031489;
1537;830115570;2019-12-31;2019;MILES;15371831;1750173;2800328;16640349;36562681;1359928;0;0;35357;0;1395285;37957966;10886;3795486;0;206556;1804412;0;5817340;0;0;17641;0;0;17641;5834981;900000;0;24213529;6853456;0;156000;32122985;37957966;
1538;830115570;2019-12-31;2018;MILES;15489606;711576;2009690;12562605;30773477;1425166;0;0;35141;0;1460307;32233784;2163;464106;0;193344;2048130;0;2707743;0;0;22567;0;0;22567;2730310;900000;0;22766448;5681026;0;156000;29503474;32233784;
1539;800183188;2019-12-31;2019;MILES;941870;72393;3345734;7006283;11366280;7306755;834147;0;453849;834147;9428898;20795178;1333249;2891622;0;284426;645299;1254874;6409470;0;0;0;0;5554440;5554440;11963910;1310000;696244;766001;6059023;0;0;8831268;20795178;
1540;800183188;2019-12-31;2018;MILES;1498469;688536;3312371;8355674;13855050;138917;800989;0;673041;800989;2413936;16268986;5655456;825187;0;343472;502164;989556;8315835;0;0;0;0;0;0;8315835;1310000;696244;684670;5262237;0;0;7953151;16268986;
1541;900377203;2019-12-31;2019;MILES;432462;98844;1823769;0;2355075;556926;0;0;63640;0;620566;2975641;249790;709142;0;28038;0;0;986970;519170;0;0;0;0;519170;1506140;50000;0;4524;1414977;0;0;1469501;2975641;
1542;900377203;2019-12-31;2018;MILES;1018655;179232;965676;0;2163563;42873;0;0;41988;0;84861;2248424;165364;509026;0;40890;0;0;715280;0;0;0;0;0;0;715280;50000;0;929991;553153;0;0;1533144;2248424;
1543;811033602;2019-12-31;2019;MILES;116;1088490;0;0;1088606;0;5292310;21987806;-5292310;5292310;27280116;28368722;0;35266;0;0;17474;424976;477716;20700000;5461537;0;0;0;26161537;26639253;100000;0;50117;1579352;0;0;1729469;28368722;
1544;811033602;2019-12-31;2018;MILES;14204;855297;0;0;869501;0;4610412;21987806;-4610412;4610412;26598218;27467719;0;144836;0;0;19093;424976;588905;20700000;4461537;0;0;0;25161537;25750442;100000;0;50117;1567160;0;0;1717277;27467719;
1545;800011955;2019-12-31;2019;MILES;42118;6224;3706934;0;3755276;198291;0;0;4883;0;203174;3958450;0;794;0;0;91873;0;92667;0;0;0;0;0;0;92667;221000;26600;2224236;1393947;0;0;3865783;3958450;
1546;800011955;2019-12-31;2018;MILES;78520;6259;3326918;0;3411697;199499;0;0;791;0;200290;3611987;0;768;0;0;102508;0;103276;0;0;0;0;0;0;103276;221000;26600;1876449;1384662;0;0;3508711;3611987;
1547;800010983;2019-12-31;2019;MILES;117479;33719;125584;14417855;14694637;1093954;13367433;0;-11677223;13367433;16151597;30846234;0;29897;0;0;643781;0;673678;3125811;0;0;0;0;3125811;3799489;3425563;520582;7894843;15205757;0;0;27046745;30846234;
1548;800010983;2019-12-31;2018;MILES;8729;26543;591328;14417855;15044455;1093954;13746955;0;-11964320;13746955;16623544;31667999;0;11263;0;0;489499;243472;744234;4800000;0;0;0;0;4800000;5544234;3425563;520582;6222334;15955286;0;0;26123765;31667999;
1549;860508043;2019-12-31;2019;MILES;6885044;1232212;4853131;8509385;21479772;11789582;0;2859738;100923;0;14750243;36230015;3500325;15466018;0;0;320354;349;19287046;0;0;384186;0;0;384186;19671232;1800000;107232;900000;13751551;0;0;16558783;36230015;
1550;860508043;2019-12-31;2018;MILES;1717333;1393120;5412932;7828032;16351417;7957668;0;2859738;52477;0;10869883;27221300;1556974;11594700;0;0;440003;349;13592026;0;0;336823;0;0;336823;13928849;1800000;107232;900000;10485219;0;0;13292451;27221300;
1551;830104453;2019-12-31;2019;MILES;4289778;2910378;11796117;0;18996273;13176490;0;0;2546019;0;15722509;34718782;8945;7361664;170470;951601;3510448;0;12003128;0;1500000;1818755;0;396202;3714957;15718085;1500000;2700000;1532080;7928333;0;5340284;19000697;34718782;
1552;830104453;2019-12-31;2018;MILES;2679275;2375983;11431681;0;16486939;12738698;0;0;2675784;0;15414482;31901421;29208;7306834;183731;799829;1934838;0;10254440;0;4000000;2171413;0;13639;6185052;16439492;1500000;2700000;1510294;6555468;0;3196167;15461929;31901421;
1553;830089336;2019-12-31;2019;MILES;10083121;21575591;182729474;47926284;262314470;1825684;6571479;0;346701;6571479;15315343;277629813;1335550;195019438;0;1552056;2681713;561867;201150624;46171007;0;2742632;0;3074679;51988318;253138942;1000000;1114000;500000;21876871;0;0;24490871;277629813;
1554;830089336;2019-12-31;2018;MILES;3573565;16147263;97538570;35422397;152681795;2166537;0;0;3549433;0;5715970;158397765;1575154;102634072;0;1926377;1037891;0;107173494;0;0;393659;0;39429440;39823099;146996593;1000000;1114000;500000;8787172;0;0;11401172;158397765;
1555;890210534;2019-12-31;2019;MILES;4116796;2076679;31081486;34648819;71923780;15781255;0;0;8180859;0;23962114;95885894;5591315;27280593;0;2121930;2393926;2273433;39661197;9328783;0;0;0;148699;9477482;49138679;1100000;0;669983;44977232;0;0;46747215;95885894;
1556;890210534;2019-12-31;2018;MILES;4503428;319196;39723689;29513015;74059328;15673089;0;0;1189078;0;16862167;90921495;4716170;34788310;0;1575026;3528702;2635865;47244073;3449998;0;0;0;179890;3629888;50873961;1100000;0;22343579;16603955;0;0;40047534;90921495;
1557;900098045;2019-12-31;2019;MILES;822217;955;3637105;3031129;7491406;78049;0;0;0;0;78049;7569455;418019;1032132;0;99211;960873;7150;2517385;0;0;0;0;0;0;2517385;200000;866011;165846;3820213;0;0;5052070;7569455;
1558;900098045;2019-12-31;2018;MILES;1218240;1540;2210323;2578238;6008341;67241;0;0;508;0;67749;6076090;223182;675873;0;78751;1011237;4716;1993759;0;0;0;0;0;0;1993759;200000;866011;165846;2850474;0;0;4082331;6076090;
1559;830011068;2019-12-31;2019;MILES;19671556;12212634;45367470;1011627;78263287;6148123;4357410;0;-3738992;4357410;11123951;89387238;0;58470711;0;0;0;11801377;70272088;0;0;0;0;5062596;5062596;75334684;3117834;0;8751965;2182755;0;0;14052554;89387238;
1560;830011068;2019-12-31;2018;MILES;11526168;33558243;30586193;1440959;77111563;4515;224256;0;1087803;224256;1540830;78652393;0;52293307;0;0;0;9788398;62081705;0;0;0;0;3347452;3347452;65429157;3117834;0;6399882;3705520;0;0;13223236;78652393;
1561;811015620;2019-12-31;2019;MILES;683905;193573;32538;339301;1249317;530628;0;0;15043803;0;15574431;16823748;834630;1945951;0;12269;0;139275;2932125;3338519;0;29221;0;3782590;7150330;10082455;2476856;14473496;675;-10209734;0;0;6741293;16823748;
1562;811015620;2019-12-31;2018;MILES;2385860;106933;288178;352068;3133039;735090;0;0;13438403;0;14173493;17306532;1149538;1504294;0;7948;0;110624;2772404;4969791;0;48948;0;4598150;9616889;12389293;2328605;12821869;675;-10233910;0;0;4917239;17306532;
1563;805023269;2019-12-31;2019;MILES;1123145;61484;17315888;8903099;27403616;1845673;0;0;615098;0;2460771;29864387;8773805;10204979;0;0;0;0;18978784;0;0;0;0;0;0;18978784;2808778;0;2076603;6000222;0;0;10885603;29864387;
1564;805023269;2019-12-31;2018;MILES;550690;39579;16222311;10122910;26935490;1334943;0;0;455006;0;1789949;28725439;7163749;10428122;0;0;0;0;17591871;0;0;0;0;0;0;17591871;2808778;0;1370455;6954335;0;0;11133568;28725439;
1565;900574924;2019-12-31;2019;MILES;830608;1883858;11070194;7865597;21650257;66646070;4974772;6275773;32219342;4974772;115090729;136740986;767504;39283076;245000;468894;414425;38942;41217841;24098867;41214009;0;0;0;65312876;106530717;19749923;78599691;0;-68139345;0;0;30210269;136740986;
1566;900574924;2019-12-31;2018;MILES;1302600;2233851;27044459;14013236;44594146;67916890;0;0;863316;0;68780206;113374352;7009395;44292316;80000;527149;730594;293929;52933383;18870157;0;0;0;0;18870157;71803540;19687942;78351763;0;-56468893;0;0;41570812;113374352;
1567;890924034;2019-12-31;2019;MILES;520587;1396222;35153864;6566117;43636790;10990208;0;0;2636034;0;13626242;57263032;1279173;8474586;15000;890396;343283;27015;11029453;40164778;142695;0;0;0;40307473;51336926;1260000;0;0;4666106;0;0;5926106;57263032;
1568;890924034;2019-12-31;2018;MILES;1694490;1273201;40216653;6412827;49597171;11768976;0;0;2791612;0;14560588;64157759;11695324;10994775;0;756332;235914;35912;23718257;31436947;0;0;0;0;31436947;55155204;1260000;0;0;7742555;0;0;9002555;64157759;
1569;900371803;2019-12-31;2019;MILES;195;315729;285802;0;601726;267;1475413;0;-776985;1475413;2174108;2775834;0;312968;0;0;87;0;313055;0;5672869;3143;0;0;5676012;5989067;20000;0;0;-3233233;0;0;-3213233;2775834;
1570;900371803;2019-12-31;2018;MILES;405;293711;308015;0;602131;400;1482415;0;-845421;1482415;2119809;2721940;0;1459928;0;0;0;0;1459928;0;1235603;447;0;0;1236050;2695978;20000;0;0;5962;0;0;25962;2721940;
1571;830068360;2019-12-31;2019;MILES;117124;0;15489167;1155367;16761658;449458;662446;2436;-487075;662446;1289711;18051369;14509210;1365298;0;111291;544327;715773;17245899;0;0;48843;0;0;48843;17294742;850000;0;47852;-265126;0;123901;756627;18051369;
1572;830068360;2019-12-31;2018;MILES;49529;0;16092352;1140290;17282171;498830;608724;2436;-532728;608724;1185986;18468157;14105801;1991398;0;79624;373954;645364;17196141;0;0;72318;0;0;72318;17268459;850000;0;16555;209242;0;123901;1199698;18468157;
1573;800123857;2019-12-31;2019;MILES;629229;323090;5656119;751812;7360250;4614078;0;0;3878942;0;8493020;15853270;2213410;6986610;196648;0;0;1750603;11147271;786047;0;545191;0;0;1331238;12478509;4228602;0;451929;-1305770;0;0;3374761;15853270;
1574;800123857;2019-12-31;2018;MILES;291849;257534;2438047;151071;3138501;2472384;0;0;504172;0;2976556;6115057;675352;3574810;254670;0;0;697276;5202108;0;0;54494;0;0;54494;5256602;1181000;0;-90219;-232326;0;0;858455;6115057;
1575;802017913;2019-12-31;2019;MILES;653911;307020;2268097;958093;4187121;5163772;0;0;269538;0;5433310;9620431;683114;1949081;0;0;251516;501811;3385522;0;0;0;0;776884;776884;4162406;1398840;260000;1246206;2552979;0;0;5458025;9620431;
1576;802017913;2019-12-31;2018;MILES;1161758;266154;1598919;993220;4020051;5237023;0;209992;276493;0;5723508;9743559;591248;2422090;0;0;151565;522524;3687427;0;0;0;0;1399618;1399618;5087045;1398840;260000;1217258;1780416;0;0;4656514;9743559;
1577;800077635;2019-12-31;2019;MILES;4617058;2315920;23369136;12527493;42829607;2711727;0;0;3134081;0;5845808;48675415;1501692;8071399;0;1419973;4210599;413554;15617217;419256;0;226928;0;0;646184;16263401;3026002;0;3111463;26262900;0;11649;32412014;48675415;
1578;800077635;2019-12-31;2018;MILES;7229857;2087081;21342451;8860766;39520155;1838507;0;0;3153890;0;4992397;44512552;712884;8394801;0;1478712;3825024;362137;14773558;22956;0;59771;0;0;82727;14856285;3026002;0;3111463;23518802;0;0;29656267;44512552;
1579;804011935;2019-12-31;2019;MILES;56568;69561;440184;154593;720906;799626;0;0;804;0;800430;1521336;5693;560007;0;28384;59864;0;653948;0;0;0;0;0;0;653948;238475;47945;205201;375767;0;0;867388;1521336;
1580;804011935;2019-12-31;2018;MILES;51045;139167;402091;229718;822021;622137;0;0;3570;0;625707;1447728;7705;532956;0;28216;81306;0;650183;0;0;8730;0;0;8730;658913;238475;47945;205201;297194;0;0;788815;1447728;
1581;900388839;2019-12-31;2019;MILES;570719;105796;24287279;18224389;43188183;49190258;0;592912;2095465;0;51878635;95066818;6362848;23004290;1954555;0;178973;169825;31670491;36135150;1200000;17629;0;0;37352779;69023270;15144659;0;6018574;4880315;0;0;26043548;95066818;
1582;900388839;2019-12-31;2018;MILES;223477;112665;16004290;12628121;28968553;15264368;0;592912;2908524;0;18765804;47734357;336773;16367272;1844081;0;764333;5365;19317824;5198685;1200000;177383;0;0;6576068;25893892;15144659;0;0;6695806;0;0;21840465;47734357;
1583;811025911;2019-12-31;2019;MILES;30990;42822;517994;928510;1520316;648895;0;0;473060;0;1121955;2642271;955895;948658;12078;54189;0;0;1970820;0;0;0;0;0;0;1970820;2850000;0;410923;-2589472;0;0;671451;2642271;
1584;811025911;2019-12-31;2018;MILES;682198;61617;2096917;777106;3617838;249718;0;0;0;0;249718;3867556;1725;1091972;33531;56146;0;0;1183374;0;0;0;75579;12803;88382;1271756;2850000;0;316279;-570479;0;0;2595800;3867556;
1585;811036946;2019-12-31;2019;MILES;2037821;1863408;1675854;0;5577083;2594057;0;7155689;3043879;0;12793625;18370708;0;386185;282616;9755;75548;0;754104;0;0;967118;0;0;967118;1721222;3546000;0;5211369;7892117;0;0;16649486;18370708;
1586;811036946;2019-12-31;2018;MILES;2955757;1756976;78563;0;4791296;2747831;0;7196619;2904341;0;12848791;17640087;0;4498;486824;7702;66048;0;565072;0;0;1055090;0;0;1055090;1620162;3546000;0;4261540;8212385;0;0;16019925;17640087;
1587;860511124;2019-12-31;2019;MILES;850935;1816263;54263175;0;56930373;380924;0;0;3208373;0;3589297;60519670;15348539;921268;0;123045;1646890;1051356;19091098;9925328;0;5299920;0;2425591;17650839;36741937;2095000;0;9173402;12509331;0;0;23777733;60519670;
1588;860511124;2019-12-31;2018;MILES;143273;1018674;32680617;0;33842564;287341;0;0;170100;0;457441;34300005;9848283;1233005;0;116266;362643;0;11560197;4991995;0;2460861;0;0;7452856;19013053;2095000;0;5798737;7393215;0;0;15286952;34300005;
1589;860040347;2019-12-31;2019;MILES;6715218;576069;3841598;0;11132885;3899546;0;4245643;6360;0;8151549;19284434;2143;1839757;0;132405;956705;212334;3143344;0;0;854420;0;0;854420;3997764;473616;0;4383158;10429896;0;0;15286670;19284434;
1590;860040347;2019-12-31;2018;MILES;5775829;566318;2328707;0;8670854;3921404;0;4306295;6511;0;8234210;16905064;15074;461556;0;155576;514767;86129;1233102;0;0;866252;0;0;866252;2099354;473616;0;4367325;9964769;0;0;14805710;16905064;
1591;890915475;2019-12-31;2019;MILES;9611467;1481913;33829684;23639160;68562224;41519533;0;0;441893;0;41961426;110523650;25267558;10736032;0;0;0;4808480;40812070;20642096;0;7088559;0;0;27730655;68542725;1100000;13191;20338202;5584685;0;14944847;41980925;110523650;
1592;890915475;2019-12-31;2018;MILES;8631989;1404011;30362220;23165908;63564128;40577341;0;0;358164;0;40935505;104499633;27905358;13578306;0;0;0;3671767;45155431;14326896;0;7153214;0;0;21480110;66635541;1100000;13191;16829457;4976597;0;14944847;37864092;104499633;
1593;806007073;2019-12-31;2019;MILES;4761515;2335187;36388885;13278337;56763924;7096821;0;0;21124198;0;28221019;84984943;0;12137390;0;0;432530;0;12569920;0;304204;7060841;0;0;7365045;19934965;3575984;22257258;0;39216736;0;0;65049978;84984943;
1594;806007073;2019-12-31;2018;MILES;3971551;1796958;36875952;10933978;53578439;7009362;0;0;24583584;0;31592946;85171385;0;9995173;0;0;443911;0;10439084;0;0;7235529;0;79865;7315394;17754478;3575984;22257258;0;41583665;0;0;67416907;85171385;
1595;860002067;2019-12-31;2019;MILES;12041051;1439455;42230073;56091941;111802520;122608286;0;1233952;680219;0;124522457;236324977;11546776;28311457;859822;945875;2260469;530872;44455271;11583510;0;10886237;0;2419384;24889131;69344402;1063283;1247495;123214635;11178932;0;30276230;166980575;236324977;
1596;860002067;2019-12-31;2018;MILES;23666508;8196097;43960227;52206535;128029367;112313163;0;0;428473;0;112741636;240771003;11885327;32272312;534291;189819;2778444;321423;47981616;14708547;0;13139879;0;1799269;29647695;77629311;1063283;1247495;123552461;7007020;0;30271433;163141692;240771003;
1597;900577684;2019-12-31;2019;MILES;2481272;106010;404743;880067;3872092;0;0;0;0;0;0;3872092;0;2917662;0;0;28790;414063;3360515;0;0;0;0;0;0;3360515;1000;0;500;510077;0;0;511577;3872092;
1598;900577684;2019-12-31;2018;MILES;2960286;93509;2927439;2941802;8923036;0;0;0;0;0;0;8923036;2295125;6163559;0;0;81137;0;8539821;0;0;0;0;0;0;8539821;1000;0;500;381715;0;0;383215;8923036;
1599;900469230;2019-12-31;2019;MILES;3458424;4562452;1135138;56492951;65648965;4238439;0;0;2396562;0;6635001;72283966;599148;60759813;269581;0;0;7973016;69601558;0;0;0;0;0;0;69601558;100004;36052780;2173994;-35644370;0;0;2682408;72283966;
1600;900469230;2019-12-31;2018;MILES;7178760;2406316;2568622;25848726;38002424;2906583;0;0;1189299;0;4095882;42098306;0;32156981;434834;0;0;8038460;40630275;0;0;0;0;0;0;40630275;100003;30570957;0;-29202929;0;0;1468031;42098306;
1601;900588276;2019-12-31;2019;MILES;102921;4033612;860759;8773453;13770745;22685664;0;0;23091;0;22708755;36479500;4412242;24912383;0;0;0;0;29324625;1161361;0;946934;0;0;2108295;31432920;6348498;0;0;-5364816;0;4062898;5046580;36479500;
1602;900588276;2019-12-31;2018;MILES;71971;5119826;1751512;7783715;14727024;20986805;0;0;20615;0;21007420;35734444;4378304;21733920;0;0;0;0;26112224;1022668;0;1005125;0;0;2027793;28140017;6348498;0;0;-2981223;0;4227152;7594427;35734444;
1603;890305124;2019-12-31;2019;MILES;3889977;42971;160859;4701614;8795421;18874702;0;1830433;1611428;0;22316563;31111984;3602095;3156068;0;0;800027;0;7558190;9497283;0;1103148;0;356177;10956608;18514798;968836;0;0;11628350;0;0;12597186;31111984;
1604;890305124;2019-12-31;2018;MILES;2294121;3457;1194882;4815920;8308380;19662739;0;1874159;1821226;0;23358124;31666504;3876679;3710181;0;0;1087021;0;8673881;9251675;0;1298587;0;297035;10847297;19521178;968836;0;0;11176490;0;0;12145326;31666504;
1605;860048245;2019-12-31;2019;MILES;1153555;716494;14749436;25712030;42331515;10062823;0;1544482;3125585;0;14732890;57064405;4918572;7999296;590674;0;1009819;212620;14730981;8592783;0;0;2099535;0;10692318;25423299;14215697;5451829;1425213;7863800;0;2684567;31641106;57064405;
1606;860048245;2019-12-31;2018;MILES;600949;2222026;14654689;26988846;44466510;6664666;0;1519360;1345721;0;9529747;53996257;3548691;10789519;582416;0;74564;391580;15386770;11955297;0;0;434378;0;12389675;27776445;12245426;5451829;1425213;5993822;0;1103522;26219812;53996257;
1607;900343099;2019-12-31;2019;MILES;3794;434886;2037067;2043358;4519105;26913164;0;0;77429;0;26990593;31509698;653714;3925336;253141;98582;19273;11137103;16087149;6476160;0;0;0;0;6476160;22563309;6449535;0;0;-3794065;0;6290919;8946389;31509698;
1608;900343099;2019-12-31;2018;MILES;31616;597292;2679939;1532529;4841376;20586162;0;0;75463;0;20661625;25503001;1504055;4558349;277771;149289;30623;6761515;13281602;6219593;0;0;0;0;6219593;19501195;6449535;0;0;-447729;0;0;6001806;25503001;
1609;800251341;2019-12-31;2019;MILES;26584707;7584966;48383283;14348145;96901101;743928;0;0;2343303;0;3087231;99988332;792370;63422620;0;0;0;0;64214990;0;0;0;0;0;0;64214990;625030;0;312515;34835797;0;0;35773342;99988332;
1610;800251341;2019-12-31;2018;MILES;35900063;3321409;43768412;16195732;99185616;877640;0;0;3809617;0;4687257;103872873;0;67636552;0;0;0;0;67636552;55294;0;0;0;0;55294;67691846;625030;0;312515;35243482;0;0;36181027;103872873;
1611;900078079;2019-12-31;2019;MILES;71400;405348;707695;357271;1541714;574513;0;0;9517;0;584030;2125744;0;1928534;0;66066;128475;204834;2327909;0;0;0;0;478787;478787;2806696;2018491;131400;490440;-3321283;0;0;-680952;2125744;
1612;900078079;2019-12-31;2018;MILES;92764;320685;541387;456615;1411451;66310;0;0;0;0;66310;1477761;0;1623378;0;50684;78510;153838;1906410;0;0;0;0;2654;2654;1909064;2018491;131400;490440;-3071634;0;0;-431303;1477761;
1613;900095491;2019-12-31;2019;MILES;155951;431109;420595;692482;1700137;960197;0;0;15289;0;975486;2675623;0;1310129;0;122653;108073;424680;1965535;0;0;0;0;778406;778406;2743941;1184181;230308;639904;-2122711;0;0;-68318;2675623;
1614;900095491;2019-12-31;2018;MILES;248545;292222;424727;809354;1774848;136855;0;0;0;0;136855;1911703;0;881525;0;129926;110911;191850;1314212;0;0;0;0;1017;1017;1315229;1184181;230308;639904;-1457919;0;0;596474;1911703;
1615;900319582;2019-12-31;2019;MILES;392165;616087;267645;0;1275897;3174;0;125068900;525021;0;125597095;126872992;15190000;1061409;0;0;0;0;16251409;85283793;98362827;0;0;289933;183936553;200187962;4571653;58897223;0;-159665563;0;22881717;-73314970;126872992;
1616;900319582;2019-12-31;2018;MILES;65005;760601;165502;0;991108;9045;0;145186019;125610;0;145320674;146311782;3971381;103723648;30601;0;56350;0;107781980;100373009;0;0;0;183784;100556793;208338773;4571653;58897223;0;-125495867;0;0;-62026991;146311782;
1617;830028931;2019-12-31;2019;MILES;50103886;174198;1323428464;155000251;1528706799;2867072;0;0;81375867;0;84242939;1612949738;308687801;1062113300;26411131;1970425;36093870;2159536;1437436063;0;0;0;0;0;0;1437436063;17772000;0;16691719;141049956;0;0;175513675;1612949738;
1618;830028931;2019-12-31;2018;MILES;26084878;264854;1104519030;130066708;1260935470;2523768;0;0;82041383;0;84565151;1345500621;278186912;855880660;41182246;1850746;21180104;434102;1198714770;0;0;0;0;0;0;1198714770;17772000;0;16691719;112322132;0;0;146785851;1345500621;
1619;830012508;2019-12-31;2019;MILES;1977567;864320;911135;0;3753022;32914;7560959;148989497;-7560959;7560959;156583370;160336392;1721558;20389;0;0;2011382;0;3753329;10234081;4403477;10830531;0;0;25468089;29221418;2500000;10950000;1423897;116241077;0;0;131114974;160336392;
1620;830012508;2019-12-31;2018;MILES;392765;783429;227827;0;1404021;287891;4512116;156097392;-4512116;4512116;160897399;162301420;5007709;1932736;0;0;1297812;0;8238257;10202447;4403477;12487259;0;0;27093183;35331440;2500000;10950000;1423897;112096083;0;0;126969980;162301420;
1621;900392406;2019-12-31;2019;MILES;76089;0;561356;0;637445;0;0;1921873;0;0;1921873;2559318;0;58348;0;0;0;0;58348;1623142;0;0;0;0;1623142;1681490;50000;0;0;186605;0;641223;877828;2559318;
1622;900392406;2019-12-31;2018;MILES;19370;0;381192;0;400562;0;0;1938877;0;0;1938877;2339439;0;46295;0;0;0;0;46295;1460185;0;0;0;0;1460185;1506480;50000;0;0;141736;0;641223;832959;2339439;
1623;830133643;2019-12-31;2019;MILES;314797;3052671;18253756;16317018;37938242;19151298;0;0;0;0;19151298;57089540;0;10798161;0;280437;0;210872;11289470;0;0;2887614;0;0;2887614;14177084;63420868;39061280;0;-59569692;0;0;42912456;57089540;
1624;830133643;2019-12-31;2018;MILES;953877;3817350;14967178;19942018;39680423;21039791;0;0;11550;0;21051341;60731764;0;10877385;0;243260;0;213965;11334610;0;0;2901208;0;0;2901208;14235818;7135774;95346374;0;-55986202;0;0;46495946;60731764;
1625;860051704;2019-12-31;2019;MILES;94777;4396;2740271;0;2839444;129660;0;0;39134;0;168794;3008238;0;342;0;0;72167;0;72509;0;0;0;0;0;0;72509;217000;27160;1636559;1055010;0;0;2935729;3008238;
1626;860051704;2019-12-31;2018;MILES;77337;4456;2508293;0;2590086;130216;0;0;34844;0;165060;2755146;0;462;0;0;76417;0;76879;0;0;2381;0;0;2381;79260;217000;27160;1378624;1053102;0;0;2675886;2755146;
1627;821003541;2019-12-31;2019;MILES;764286;901257;2542808;5155472;9363823;2445895;0;0;0;0;2445895;11809718;807108;5601181;0;0;28518;18128;6454935;0;0;0;0;0;0;6454935;10000;0;81685;5263098;0;0;5354783;11809718;
1628;821003541;2019-12-31;2018;MILES;521687;725209;2890127;2635414;6772437;2445895;0;0;0;0;2445895;9218332;0;3274430;0;0;0;0;3274430;0;0;0;0;0;0;3274430;10000;0;81685;5852217;0;0;5943902;9218332;
1629;860046927;2019-12-31;2019;MILES;34701844;2295495;48240990;0;85238329;28225288;0;757758;6486543;0;35469589;120707918;792262;12173638;7030790;8057343;845208;7541840;36441081;176977;0;6068325;0;0;6245302;42686383;2200000;0;36875873;20816672;0;18128990;78021535;120707918;
1630;860046927;2019-12-31;2018;MILES;28031140;4707213;32499631;0;65237984;25967511;0;733734;9631466;0;36332711;101570695;1181830;7287882;4507939;5747403;0;2889612;21614666;128189;0;4358879;0;10590016;15077084;36691750;2200000;0;35920106;9480147;0;17278692;64878945;101570695;
1631;860039071;2019-12-31;2019;MILES;5711990;6469;4686514;0;10404973;756152;0;0;5597;0;761749;11166722;0;882;0;0;173765;0;174647;0;0;30025;0;0;30025;204672;231500;26100;8725059;1979391;0;0;10962050;11166722;
1632;860039071;2019-12-31;2018;MILES;5731944;6181;4136975;0;9875100;757700;0;0;0;0;757700;10632800;0;920;0;0;316847;0;317767;0;0;32957;0;0;32957;350724;231500;26100;6589731;3434745;0;0;10282076;10632800;
1633;821001379;2019-12-31;2019;MILES;1325038;277098;1660599;898800;4161535;4279285;0;0;37402;0;4316687;8478222;61848;858589;27466;0;504842;0;1452745;0;0;343154;0;0;343154;1795899;622500;1409941;3163570;1486312;0;0;6682323;8478222;
1634;821001379;2019-12-31;2018;MILES;1808419;340130;1813350;838694;4800593;4486340;0;0;76313;0;4562653;9363246;13614;725912;32485;0;827260;0;1599271;0;0;346507;0;0;346507;1945778;622500;1409941;3773527;1611500;0;0;7417468;9363246;
1635;860004655;2019-12-31;2019;MILES;784990;1194077;7235641;11941488;21156196;16805396;287814;0;993976;287814;18375000;39531196;7081667;11894697;24374;44483;156290;912359;20113870;500000;0;92763;0;84814;677577;20791447;1062000;2085046;1737144;13855559;0;0;18739749;39531196;
1636;860004655;2019-12-31;2018;MILES;815163;2502225;10778641;16049634;30145663;16975957;287814;0;166394;287814;17717979;47863642;6189495;14811623;40236;31187;141880;1050719;22265140;3895000;0;184912;0;71079;4150991;26416131;1062000;2085046;1837515;16462950;0;0;21447511;47863642;
1637;830509518;2019-12-31;2019;MILES;324;249117;1935894;205701;2391036;0;0;4301656;0;0;4301656;6692692;1038299;866510;0;0;10683;84066;1999558;2422697;0;0;0;1000000;3422697;5422255;81000;3000461;101704;-1912728;0;0;1270437;6692692;
1638;830509518;2019-12-31;2018;MILES;286;232252;1816188;205701;2254427;0;0;4301656;0;0;4301656;6556083;1038299;733926;0;0;6014;84066;1862305;2422697;0;0;0;1000000;3422697;5285002;81000;3000461;101704;-1912084;0;0;1271081;6556083;
1639;900060992;2019-12-31;2019;MILES;1469782;12157832;7730532;5597890;26956036;75013791;29211460;0;62692028;29211460;196128739;223084775;41532840;18378748;0;0;765188;0;60676776;113459444;0;2192688;0;0;115652132;176328908;90614448;1527313248;10335;-1572082164;0;900000;46755867;223084775;
1640;900060992;2019-12-31;2018;MILES;6462875;2967168;6504904;5832569;21767516;111448385;3754074;0;108430893;3754074;227387426;249154942;25198206;14335122;7407;0;2249269;0;41790004;35009136;0;2128583;0;0;37137719;78927723;54169490;1416853553;10335;-1301706159;0;900000;170227219;249154942;
1641;830085844;2019-12-31;2019;MILES;14052605;5941173;35834280;0;55828058;4771469;0;0;10402256;0;15173725;71001783;2310668;8529086;0;5123313;0;8184798;24147865;0;0;0;0;7347467;7347467;31495332;287000;0;782243;38437208;0;0;39506451;71001783;
1642;830085844;2019-12-31;2018;MILES;4742719;357425;26093614;0;31193758;1763999;0;0;186411;0;1950410;33144168;0;2624456;0;2952624;2487995;4369555;12434630;0;0;0;0;0;0;12434630;250000;0;763743;19695795;0;0;20709538;33144168;
1643;800119297;2019-12-31;2019;MILES;3923814;857970;2165744;419910;7367438;21815691;0;11857824;4801836;0;38475351;45842789;0;1830038;0;0;667803;2424310;4922151;4674724;0;4844828;0;0;9519552;14441703;3631875;3215826;2666538;14594175;0;7292672;31401086;45842789;
1644;800119297;2019-12-31;2018;MILES;144916;1643377;3510870;253899;5553062;15292697;0;11048794;3909205;0;30250696;35803758;0;4867909;0;0;1059797;2123819;8051525;0;0;4370628;0;0;4370628;12422153;303875;3291296;1293352;10260670;0;8232412;23381605;35803758;
1645;830139755;2019-12-31;2019;MILES;28093;3472950;683597;0;4184640;3424535;411953;17268960;-411953;411953;21105448;25290088;269000;19665;0;24756;33065;0;346486;205866;0;372938;0;0;578804;925290;1072252;0;3586236;16533102;0;3173208;24364798;25290088;
1646;830139755;2019-12-31;2018;MILES;60450;4065163;1411539;0;5537152;3469634;438350;17288247;-438350;438350;21196231;26733383;200000;20471;0;14444;138622;0;373537;1026987;0;372938;0;0;1399925;1773462;1072252;0;3585909;17128552;0;3173208;24959921;26733383;
1647;900210032;2019-12-31;2019;MILES;3523365;7857353;50226355;0;61607073;0;0;0;861131;0;861131;62468204;0;58567318;0;0;0;795706;59363024;0;0;0;0;0;0;59363024;312153;0;53411;2739616;0;0;3105180;62468204;
1648;900210032;2019-12-31;2018;MILES;506028;2277348;42134867;0;44918243;0;0;0;0;0;0;44918243;1212174;41540013;0;0;0;75619;42827806;0;0;0;0;0;0;42827806;312153;0;0;1778284;0;0;2090437;44918243;
1649;900389088;2019-12-31;2019;MILES;342669;94454;117439;4302063;4856625;283211;0;0;3686;0;286897;5143522;0;2010;0;0;0;296120;298130;0;0;0;0;0;0;298130;3761000;0;114800;969592;0;0;4845392;5143522;
1650;900389088;2019-12-31;2018;MILES;198014;96225;1914680;5749667;7958586;281349;0;0;4145;0;285494;8244080;0;2659405;0;0;10878;748171;3418454;0;0;0;0;0;0;3418454;3761000;0;101640;962986;0;0;4825626;8244080;
1651;860028399;2019-12-31;2019;MILES;259456;2327825;591586;0;3178867;5784500;2577221;0;4369526;2577221;15308468;18487335;565909;2490400;0;6668;354877;0;3417854;1065074;0;927142;0;47018;2039234;5457088;552622;26195;1426012;-1430330;0;12455748;13030247;18487335;
1652;860028399;2019-12-31;2018;MILES;20403;4968402;1026069;0;6014874;6855665;1890223;0;6060485;1890223;16696596;22711470;1374458;3402734;0;876;467332;0;5245400;1285714;0;1752987;0;257045;3295746;8541146;552622;26195;1426012;-1935842;0;14101337;14170324;22711470;
1653;900966401;2019-12-31;2019;MILES;61125384;32304756;1487221647;0;1580651787;140745302;0;0;3148918834;0;3289664136;4870315923;44890291;2831590108;4612300;33391129;0;0;2914483828;0;0;0;367784156;0;367784156;3282267984;716107134;0;0;871940805;0;0;1588047939;4870315923;
1654;900966401;2019-12-31;2018;MILES;75961684;32304756;3070653046;0;3178919486;217153797;0;0;3575512382;0;3792666179;6971585665;6142621;5847479311;23820536;35229865;0;0;5912672333;0;0;0;119216271;0;119216271;6031888604;14000000;0;0;223589927;0;702107134;939697061;6971585665;
1655;830503734;2019-12-31;2019;MILES;661826;1606382;2985259;1179744;6433211;3459;0;0;0;0;3459;6436670;241743;1798143;106045;117729;0;13025;2276685;0;0;0;0;0;0;2276685;351731;5755521;3503;-1950770;0;0;4159985;6436670;
1656;830503734;2019-12-31;2018;MILES;2775268;1690886;15495450;3203175;23164779;39766;0;0;977771;0;1017537;24182316;4003;18680412;142345;248167;0;4442;19079369;0;0;0;0;0;0;19079369;351731;5755521;3503;-1007808;0;0;5102947;24182316;
1657;900044503;2019-12-31;2019;MILES;12273;0;2464959;3585827;6063059;5485915;0;0;5046920;0;10532835;16595894;1742;1341778;0;0;0;0;1343520;3573162;1687129;0;0;0;5260291;6603811;1072070;0;378419;8441594;0;100000;9992083;16595894;
1658;900044503;2019-12-31;2018;MILES;6274;0;559774;5223808;5789856;5448989;0;0;5118645;0;10567634;16357490;36206;1171109;0;0;0;0;1207315;3380853;1871960;0;0;0;5252813;6460128;1072070;0;369490;8355802;0;100000;9897362;16357490;
1659;890928717;2019-12-31;2019;MILES;1409748;177496;13525325;10907717;26020286;14576898;2459705;0;-2388744;2459705;17107564;43127850;19976902;5470777;0;0;475320;1597984;27520983;2917025;0;0;0;0;2917025;30438008;1500000;0;759827;6898087;0;3531928;12689842;43127850;
1660;890928717;2019-12-31;2018;MILES;1805232;685463;15469855;12272350;30232900;10239955;2481138;0;-2430621;2481138;12771610;43004510;20004466;8717651;0;0;573700;301261;29597078;1864342;0;0;0;0;1864342;31461420;1500000;0;759827;5751335;0;3531928;11543090;43004510;
1661;811010512;2019-12-31;2019;MILES;15965;0;9302840;1104576;10423381;14469065;0;0;50538081;0;65007146;75430527;7664;2727930;0;0;0;0;2735594;7389015;10111702;0;0;0;17500717;20236311;605000;0;3169422;49212664;0;2207130;55194216;75430527;
1662;811010512;2019-12-31;2018;MILES;35373;0;8855904;995182;9886459;12669554;0;0;49052179;0;61721733;71608192;54969;2304883;0;0;0;0;2359852;10304597;4331447;0;0;0;14636044;16995896;605000;0;2747393;49052773;0;2207130;54612296;71608192;
1663;890906752;2019-12-31;2019;MILES;11407918;917937;13260532;18287583;43873970;208656740;10034864;432530;-8864365;10034864;220294633;264168603;0;2950196;534602;889723;0;0;4374521;0;0;19252371;0;397511;19649882;24024403;60000;0;17086869;36327716;0;186669615;240144200;264168603;
1664;890906752;2019-12-31;2018;MILES;29036755;1055405;35642081;46889265;112623506;192913432;545498;438115;2207097;545498;196649640;309273146;32282189;32409411;0;1482854;0;0;66174454;0;0;14580178;0;701562;15281740;81456194;60000;0;17088060;44880592;0;165788300;227816952;309273146;
1665;860005289;2019-12-31;2019;MILES;8550836;6670658;10147188;19626675;44995357;3622808;0;0;64677752;0;68300560;113295917;7649541;12634506;4936011;0;2043392;27722966;54986416;0;0;53325;0;3745135;3798460;58784876;10199551;71564673;-233176;-27020007;0;0;54511041;113295917;
1666;860005289;2019-12-31;2018;MILES;10528305;5909814;9918860;19233332;45590311;3940960;0;0;67867097;0;71808057;117398368;4509975;11556294;6550140;0;2316010;27465369;52397788;0;0;83838;0;12816606;12900444;65298232;10199551;71564673;11487;-29675575;0;0;52100136;117398368;
1667;830016046;2019-12-31;2019;MILES;26997000;29431000;40420000;3540000;100388000;195440000;0;0;141113000;0;336553000;436941000;683843000;221045000;90624000;4513000;39211000;42187000;1081423000;71562000;0;0;0;0;71562000;1152985000;3855000;906843000;0;-1635416000;0;8674000;-716044000;436941000;
1668;830016046;2019-12-31;2018;MILES;19334000;27449000;31840000;2794000;81417000;208631000;0;0;92289000;0;300920000;382337000;10423000;188740000;13461000;4499000;29645000;23525000;270293000;366694000;0;0;0;0;366694000;636987000;3855000;906843000;0;-1174022000;0;8674000;-254650000;382337000;
1669;900466896;2019-12-31;2019;MILES;347212;0;18436860;243537;19027609;2280702;0;0;790712;0;3071414;22099023;0;3503275;0;3762969;1621794;1472816;10360854;0;0;775499;0;1271346;2046845;12407699;12269076;0;267396;-2845148;0;0;9691324;22099023;
1670;900466896;2019-12-31;2018;MILES;272789;0;11788011;171394;12232194;1351496;0;0;434;0;1351930;13584124;0;1387780;0;2305856;1349940;0;5043576;0;0;9905;0;0;9905;5053481;12269076;0;267396;-4005829;0;0;8530643;13584124;
1671;900790985;2019-12-31;2019;MILES;374098;0;370861;0;744959;0;0;0;33300637;0;33300637;34045596;0;102260;0;0;46538;0;148798;0;0;0;0;0;0;148798;6352;13641984;3176;20245286;0;0;33896798;34045596;
1672;900790985;2019-12-31;2018;MILES;350761;0;309305;0;660066;0;0;0;28216686;0;28216686;28876752;0;11890;0;0;74191;0;86081;0;0;0;0;0;0;86081;6352;13641984;3176;15139159;0;0;28790671;28876752;
1673;815003912;2019-12-31;2019;MILES;4469922;10415;46712342;9454648;60647327;9053885;0;0;39394;0;9093279;69740606;0;7055643;0;308463;1886932;0;9251038;0;0;0;0;134321;134321;9385359;1121000;0;0;59234247;0;0;60355247;69740606;
1674;815003912;2019-12-31;2018;MILES;1991709;0;18058400;6993896;27044005;9282953;0;0;939;0;9283892;36327897;5669;4111479;0;283784;1326080;0;5727012;0;0;79021;0;85058;164079;5891091;1121000;0;0;29315806;0;0;30436806;36327897;
1675;830134897;2019-12-31;2019;MILES;3566789;0;59545358;56913468;120025615;2030723;0;0;2174964;0;4205687;124231302;0;76703060;0;244192;269223;0;77216475;0;35044172;1033994;0;1823032;37901198;115117673;570861;0;419652;-18416173;0;26539289;9113629;124231302;
1676;830134897;2019-12-31;2018;MILES;1633302;0;63556261;28206306;93395869;518203;0;0;225302;0;743505;94139374;0;87618263;0;301767;418318;0;88338348;0;0;22548;0;0;22548;88360896;570861;0;419652;-21751324;0;26539289;5778478;94139374;
1677;900715610;2019-12-31;2019;MILES;5274390;3864277;4917589;8067609;22123865;84273815;0;0;7289057;0;91562872;113686737;9650092;43679856;0;245295;19034;0;53594277;50046363;0;142359;0;0;50188722;103782999;25186640;18477360;0;-35183855;0;1423593;9903738;113686737;
1678;900715610;2019-12-31;2018;MILES;1782564;1059332;3704530;7695674;14242100;75582378;0;0;5624955;0;81207333;95449433;19829039;29421755;0;194142;28202;141736;49614874;56849936;0;142359;0;0;56992295;106607169;13500000;0;0;-26081329;0;1423593;-11157736;95449433;
1679;900557645;2019-12-31;2019;MILES;22557;209213;700992;129030;1061792;482735;0;11762437;2060;0;12247232;13309024;0;280042;0;0;188966;0;469008;0;0;414646;0;0;414646;883654;10332;8810668;67615;3536755;0;0;12425370;13309024;
1680;900557645;2019-12-31;2018;MILES;81608;124811;245004;99421;550844;554913;0;11762437;0;0;12317350;12868194;0;62964;0;0;156673;12036;231673;0;0;410328;0;0;410328;642001;10332;8810668;67615;3337578;0;0;12226193;12868194;
1681;811027319;2019-12-31;2019;MILES;117194;0;38062767;686549;38866510;4742397;0;0;35910793;0;40653190;79519700;390282;26657000;0;0;0;0;27047282;14152166;27343731;0;0;0;41495897;68543179;4100030;620495;484618;5771378;0;0;10976521;79519700;
1682;811027319;2019-12-31;2018;MILES;829750;0;38926616;1150263;40906629;4432865;0;0;38741902;0;43174767;84081396;215081;45875470;0;0;0;0;46090551;11853228;19568336;0;0;0;31421564;77512115;4100030;620495;388605;1460151;0;0;6569281;84081396;
1683;900088916;2019-12-31;2019;MILES;32613;0;6096608;61081;6190302;20917995;0;0;13416483;0;34334478;40524780;0;301576;0;0;0;0;301576;4313797;2879879;0;0;0;7193676;7495252;3376000;0;585842;28907686;0;160000;33029528;40524780;
1684;900088916;2019-12-31;2018;MILES;49745;0;11432042;1231466;12713253;16837018;0;0;13919107;0;30756125;43469378;0;2380874;0;0;0;0;2380874;5169131;3047504;0;0;0;8216635;10597509;3376000;0;567904;28767965;0;160000;32871869;43469378;
1685;900935510;2019-12-31;2019;MILES;215748;18252;3992704;61750000;65976704;0;0;169641;0;0;169641;66146345;15600234;13894233;0;43640;11043;0;29549150;36400546;0;0;0;0;36400546;65949696;100000;0;0;96649;0;0;196649;66146345;
1686;900935510;2019-12-31;2018;MILES;84994;2416;6051517;49000000;55138927;0;0;135307;0;0;135307;55274234;14907909;5345444;0;4950;52427;0;20310730;34785122;0;0;0;0;34785122;55095852;100000;0;0;78382;0;0;178382;55274234;
1687;900089324;2019-12-31;2019;MILES;112763;0;7018871;1833174;8964808;9794750;0;0;9545797;0;19340547;28305355;0;6758952;0;0;0;0;6758952;512500;6859942;0;0;0;7372442;14131394;1000000;0;465860;12708101;0;0;14173961;28305355;
1688;900089324;2019-12-31;2018;MILES;20368;0;1308857;1899887;3229112;9740343;0;0;9806979;0;19547322;22776434;69793;3654160;0;0;0;0;3723953;430252;4549699;0;0;0;4979951;8703904;1000000;0;438028;12634502;0;0;14072530;22776434;
1689;900147530;2019-12-31;2019;MILES;14782;0;3039146;401028;3454956;3280571;0;0;3157462;0;6438033;9892989;0;885081;0;0;0;0;885081;958816;2929405;0;0;0;3888221;4773302;70660;0;451040;4590476;0;7511;5119687;9892989;
1690;900147530;2019-12-31;2018;MILES;5918;0;2476346;588706;3070970;3342742;0;0;3128879;0;6471621;9542591;21773;1006880;0;0;0;0;1028653;1713307;1683026;0;0;0;3396333;4424986;70660;0;451040;4588394;0;7511;5117605;9542591;
1691;811045043;2019-12-31;2019;MILES;25830;0;3573999;449302;4049131;3644127;0;0;6714087;0;10358214;14407345;0;1063037;0;0;0;0;1063037;300434;3572456;0;0;0;3872890;4935927;751000;0;682578;7967840;0;70000;9471418;14407345;
1692;811045043;2019-12-31;2018;MILES;10985;0;2418627;487056;2916668;3695695;0;0;6655749;0;10351444;13268112;28264;1011728;0;0;0;0;1039992;1324631;1504613;0;0;0;2829244;3869236;751000;0;649803;7928073;0;70000;9398876;13268112;
1693;901067786;2019-12-31;2019;MILES;1097825;2659816;47964869;0;51722510;29686;0;0;0;0;29686;51752196;0;12261957;0;13539323;1851846;17542031;45195157;0;0;0;0;278871;278871;45474028;500000;0;3385837;2392331;0;0;6278168;51752196;
1694;901067786;2019-12-31;2018;MILES;698274;2799899;18871394;0;22369567;8787;0;0;0;0;8787;22378354;0;4722868;0;11881247;1645131;28261;18277507;0;0;0;0;215010;215010;18492517;500000;0;1607284;1778553;0;0;3885837;22378354;
1695;890332769;2019-12-31;2019;MILES;489910;622639;9723198;3777344;14613091;16647920;0;0;3486602;0;20134522;34747613;1877289;13646593;0;1043594;231115;836137;17634728;0;0;1141318;0;0;1141318;18776046;1397787;8860212;1365979;4347589;0;0;15971567;34747613;
1696;890332769;2019-12-31;2018;MILES;188859;219120;2459830;4405008;7272817;16689220;0;0;3181448;0;19870668;27143485;2065258;5892060;0;940546;13179;619620;9530663;1645055;0;1328372;0;0;2973427;12504090;1397787;8860212;1365979;3015417;0;0;14639395;27143485;
1697;890901756;2019-12-31;2019;MILES;20406;0;9640592;2136606;11797604;18780100;0;0;20053840;0;38833940;50631544;0;3941226;0;0;0;0;3941226;6706596;3581677;0;0;0;10288273;14229499;748087;0;1064188;34223357;0;366413;36402045;50631544;
1698;890901756;2019-12-31;2018;MILES;41673;0;6420071;4276799;10738543;19083751;0;0;20336132;0;39419883;50158426;0;3573573;0;0;0;0;3573573;7350719;3582499;0;0;0;10933218;14506791;748087;0;1024051;33513084;0;366413;35651635;50158426;
1699;811026598;2019-12-31;2019;MILES;912545;2116692;8297646;34402816;45729699;342609;0;0;0;0;342609;46072308;5491244;3224394;0;0;86395;187089;8989122;1968437;0;0;0;16832216;18800653;27789775;2500000;0;163332;911425;0;14707776;18282533;46072308;
1700;811026598;2019-12-31;2018;MILES;19795;2000842;3171222;36679799;41871658;227043;1432871;0;-1432871;1432871;1659914;43531572;1653754;5285772;0;0;9491;0;6949017;5121901;15923274;0;0;0;21045175;27994192;2500000;0;147745;381859;0;12507776;15537380;43531572;
1701;800109363;2019-12-31;2019;MILES;19052;0;2409398;541653;2970103;3263044;0;0;14333908;0;17596952;20567055;0;953927;0;0;0;0;953927;555417;1734545;0;0;0;2289962;3243889;312000;0;1149841;15761325;0;100000;17323166;20567055;
1702;800109363;2019-12-31;2018;MILES;23765;0;2557795;743412;3324972;3320553;0;0;14201195;0;17521748;20846720;466737;916796;0;0;0;0;1383533;1303750;1018362;0;0;0;2322112;3705645;312000;0;1051518;15677557;0;100000;17141075;20846720;
1703;811018266;2019-12-31;2019;MILES;14410;0;1277832;1562905;2855147;7504326;0;0;5174094;0;12678420;15533567;0;1440968;0;0;0;0;1440968;1521750;4384900;0;0;0;5906650;7347618;700000;0;33108;7452841;0;0;8185949;15533567;
1704;811018266;2019-12-31;2018;MILES;8065;0;808857;1852136;2669058;7610264;0;0;5215339;0;12825603;15494661;32719;1241748;0;0;0;0;1274467;1478215;4636302;0;0;0;6114517;7388984;700000;0;181209;7224468;0;0;8105677;15494661;
1705;811012468;2019-12-31;2019;MILES;26184;0;3892674;1171342;5090200;7064933;0;0;4491172;0;11556105;16646305;0;1463180;0;0;0;0;1463180;6174520;787290;0;0;0;6961810;8424990;640000;0;55575;7191168;0;334572;8221315;16646305;
1706;811012468;2019-12-31;2018;MILES;13396;0;1245684;1931738;3190818;5688895;0;0;4456270;0;10145165;13335983;27015;1046899;0;0;0;0;1073914;3182172;957570;0;0;0;4139742;5213656;640000;0;55575;7092180;0;334572;8122327;13335983;
1707;800245275;2019-12-31;2019;MILES;6440;0;2443900;1249294;3699634;2154774;0;0;6352145;0;8506919;12206553;0;571234;0;0;0;0;571234;3514000;791543;0;0;0;4305543;4876777;173004;0;266912;6473167;0;416693;7329776;12206553;
1708;800245275;2019-12-31;2018;MILES;32601;0;607997;2258247;2898845;1891217;0;0;6450266;0;8341483;11240328;485423;525246;0;0;0;0;1010669;2183851;845471;0;0;0;3029322;4039991;173004;0;206629;6404011;0;416693;7200337;11240328;
1709;900583470;2019-12-31;2019;MILES;188;0;1784119;10406;1794713;1253975;0;0;1362797;0;2616772;4411485;0;19037;0;0;0;0;19037;0;3016864;0;0;0;3016864;3035901;812100;0;0;563484;0;0;1375584;4411485;
1710;900583470;2019-12-31;2018;MILES;640;0;877595;922854;1801089;1275528;0;0;1386788;0;2662316;4463405;0;32403;0;0;0;0;32403;162500;2893882;0;0;0;3056382;3088785;812100;0;0;562520;0;0;1374620;4463405;
1711;900638539;2019-12-31;2019;MILES;141827;1921095;707139;0;2770061;0;1367882;0;-1367882;1367882;1367882;4137943;2092;199271;0;302833;459309;0;963505;0;1916868;0;0;0;1916868;2880373;6092673;0;0;-4835103;0;0;1257570;4137943;
1712;900638539;2019-12-31;2018;MILES;1759969;1686280;1075245;0;4521494;326026;1929406;0;-418990;1929406;3765848;8287342;17440;1940711;0;253552;136858;164020;2512581;0;3270867;0;0;0;3270867;5783448;6092673;0;0;-3588779;0;0;2503894;8287342;
1713;860051945;2019-12-31;2019;MILES;2664005;4150104;9980302;0;16794411;5725125;3428297;0;-3425905;3428297;9155814;25950225;3937893;584223;0;761474;261044;804023;6348657;1287463;0;636965;0;6575701;8500129;14848786;2300000;0;1210864;2169766;0;5420809;11101439;25950225;
1714;860051945;2019-12-31;2018;MILES;2473009;2136374;9272027;0;13881410;5980622;3216547;0;-3214155;3216547;9199561;23080971;1516010;882447;0;612624;608813;804023;4423917;808941;0;530537;0;5975233;7314711;11738628;2300000;0;1210864;2694859;0;5136620;11342343;23080971;
1715;860068101;2019-12-31;2019;MILES;2912211;2131737;3037572;5397831;13479351;5407059;0;0;34515;0;5441574;18920925;429891;1576652;0;256430;316385;0;2579358;0;0;221352;0;499270;720622;3299980;351000;0;11951270;3318675;0;0;15620945;18920925;
1716;860068101;2019-12-31;2018;MILES;1400930;2152850;3613245;5810661;12977686;5305807;0;0;7364;0;5313171;18290857;0;1178316;0;217212;710917;0;2106445;0;0;155711;0;575808;731519;2837964;351000;0;12528587;2573356;0;-50;15452893;18290857;
1717;890933815;2019-12-31;2019;MILES;122093;12281765;20788548;8774047;41966453;2577570;0;0;225848;0;2803418;44769871;249805;9961049;0;410806;3001308;0;13622968;69097;0;706582;0;180000;955679;14578647;10942388;4043573;9429906;5775357;0;0;30191224;44769871;
1718;890933815;2019-12-31;2018;MILES;532783;11517899;14322488;9635677;36008847;2079352;0;0;281397;0;2360749;38369596;274217;8334560;0;445195;1779267;0;10833239;0;0;710509;0;0;710509;11543748;10942388;4043573;9429906;2409981;0;0;26825848;38369596;
1719;830091683;2019-12-31;2019;MILES;606861;557537;6007501;634410;7806309;4342617;0;0;5819453;0;10162070;17968379;564923;4428549;324842;0;0;966375;6284689;5198114;0;198604;0;0;5396718;11681407;815000;0;898324;4573648;0;0;6286972;17968379;
1720;830091683;2019-12-31;2018;MILES;225977;29993758;7932793;562780;38715308;4001178;0;0;394189;0;4395367;43110675;854026;5863344;180626;0;874154;946680;8718830;0;0;3135366;0;0;3135366;11854196;815000;0;19423038;11018441;0;0;31256479;43110675;
1721;900095054;2019-12-31;2019;MILES;1339959;4800275;7522816;6936223;20599273;2794404;0;0;3923919;0;6718323;27317596;5776348;6863781;640;549824;226886;839255;14256734;0;5795960;0;0;0;5795960;20052694;16337151;0;-69020;-10662031;0;1658802;7264902;27317596;
1722;900095054;2019-12-31;2018;MILES;1735388;944668;8196161;7467323;18343540;3085265;0;0;3345097;0;6430362;24773902;2423695;4975359;220602;465391;225235;595373;8905655;0;5092432;0;0;0;5092432;13998087;16337151;0;-5901;-7214237;0;1658802;10775815;24773902;
1723;900292211;2019-12-31;2019;MILES;2922863;7165196;13284720;17536593;40909372;23132087;0;0;5887774;0;29019861;69929233;9188156;17934873;0;963013;2919671;760094;31765807;7900000;1760000;1711132;0;0;11371132;43136939;2733000;6930019;786163;16343112;0;0;26792294;69929233;
1724;900292211;2019-12-31;2018;MILES;2359570;6262000;7535479;11164656;27321705;22668239;0;0;151725;0;22819964;50141669;7880027;13391111;0;859487;2440360;512475;25083460;486815;0;1888647;0;0;2375462;27458922;2462000;6393204;786163;13041380;0;0;22682747;50141669;
1725;900477347;2019-12-31;2019;MILES;38207997;14434458;163831249;47387352;263861056;129264;0;0;55783844;0;55913108;319774164;126485229;115617808;0;138277;3772426;0;246013740;0;0;10433175;0;0;10433175;256446915;958800;2438155;-7605383;67535677;0;0;63327249;319774164;
1726;900477347;2019-12-31;2018;MILES;108527746;63028746;58301856;95067899;324926247;164323;0;0;110635243;0;110799566;435725813;238853402;121958824;0;117177;2425470;0;363354873;0;0;10742174;0;0;10742174;374097047;958800;2438155;-12491192;70723003;0;0;61628766;435725813;
1727;800014246;2019-12-31;2019;MILES;22846166;6030018;72481973;21510655;122868812;73352046;553279;0;3443283;553279;77901887;200770699;15486215;44474441;2117778;0;3709061;6835150;72622645;47390693;656673;392263;0;19059068;67498697;140121342;647000;0;14736347;37262949;0;8003061;60649357;200770699;
1728;800014246;2019-12-31;2018;MILES;5433061;6204226;62543151;18660957;92841395;79699192;34127731;0;-14417889;34127731;133536765;226378160;9608357;38691558;1278638;0;2075465;38118237;89772255;54162812;2248001;0;0;12289212;68700025;158472280;647000;0;14736347;29700083;0;22822450;67905880;226378160;
1729;890937070;2019-12-31;2019;MILES;1624767;62893;11818349;0;13506009;2423044;151176;0;-143106;151176;2582290;16088299;4375745;2470519;0;3898277;368484;0;11113025;2080843;0;282325;0;80975;2444143;13557168;703000;1497000;121015;-837504;0;1047620;2531131;16088299;
1730;890937070;2019-12-31;2018;MILES;158496;27150;11174940;0;11360586;2423120;83055;0;482857;83055;3072087;14432673;2593468;2460089;0;3735704;337943;5926;9133130;2795529;0;430580;0;100000;3326109;12459239;203000;1497000;121015;-851544;0;1003963;1973434;14432673;
1731;900665505;2019-12-31;2019;MILES;289468;2142639;2213721;1434629;6080457;0;0;0;0;0;0;6080457;0;254697;0;0;154530;0;409227;0;4620540;0;0;0;4620540;5029767;150000;0;50615;850075;0;0;1050690;6080457;
1732;900665505;2019-12-31;2018;MILES;15078;0;1929131;2470829;4415038;0;0;0;0;0;0;4415038;0;230766;0;0;26361;0;257127;0;3501758;0;0;0;3501758;3758885;150000;0;39426;466727;0;0;656153;4415038;
1733;890302609;2019-12-31;2019;MILES;14550690;17481897;45934606;6990323;84957516;23982433;207493;0;2326585;207493;26724004;111681520;16673882;7347379;0;2557671;5054856;104859;31738647;4389498;0;3126972;0;0;7516470;39255117;2837361;10067;38294747;31284228;0;0;72426403;111681520;
1734;890302609;2019-12-31;2018;MILES;6090807;19988203;45662200;7351011;79092221;21016211;255006;0;411021;255006;21937244;101029465;17500903;7307666;0;2503267;4144358;301522;31757716;0;0;3478032;0;0;3478032;35235748;2837361;10067;31907662;31038627;0;0;65793717;101029465;
1735;890914711;2019-12-31;2019;MILES;231907;181586;2463674;3752201;6629368;10735222;0;0;629737;0;11364959;17994327;3822698;1509728;0;386332;47760;0;5766518;1162180;0;1186145;0;93053;2441378;8207896;300000;0;299037;5467110;0;3720284;9786431;17994327;
1736;890914711;2019-12-31;2018;MILES;250888;410353;2161289;3301724;6124254;7536651;0;0;105533;0;7642184;13766438;3826197;1056318;0;333990;67221;697;5284423;655253;80000;622913;0;92276;1450442;6734865;300000;0;299037;4815227;0;1617309;7031573;13766438;
1737;900235515;2019-12-31;2019;MILES;539;381535;0;0;382074;0;0;0;0;0;0;382074;5523578;17165;0;0;0;0;5540743;0;0;0;0;0;0;5540743;1120000;0;0;-6278669;0;0;-5158669;382074;
1738;900235515;2019-12-31;2018;MILES;42883;387533;0;61199;491615;742232;0;0;0;0;742232;1233847;5000374;114614;0;0;0;0;5114988;0;0;0;0;0;0;5114988;1120000;0;0;-5001141;0;0;-3881141;1233847;
1739;830132355;2019-12-31;2019;MILES;888091;12859;5334817;2466838;8702605;229095;0;0;642509;0;871604;9574209;47541;5566277;0;0;0;281333;5895151;0;0;0;0;211419;211419;6106570;3856597;0;218689;-607647;0;0;3467639;9574209;
1740;830132355;2019-12-31;2018;MILES;783602;12979;5606700;3853218;10256499;96049;0;0;130712;0;226761;10483260;55674;8166123;0;0;0;66;8221863;0;0;0;0;0;0;8221863;3856597;0;218689;-1813889;0;0;2261397;10483260;
1741;890117431;2019-12-31;2019;MILES;145857;85428;3073572;11596855;14901712;3668259;11029661;19350978;-10440473;11029661;34638086;49539798;2696126;633672;0;0;0;0;3329798;9717419;6770872;0;0;0;16488291;19818089;2000000;0;620179;8478796;0;18622734;29721709;49539798;
1742;890117431;2019-12-31;2018;MILES;178049;92546;13724950;13813460;27809005;4868272;0;15453005;589188;0;20910465;48719470;7093908;912132;0;0;0;0;8006040;6339249;7270139;0;0;0;13609388;21615428;2000000;0;620179;5861129;0;18622734;27104042;48719470;
1743;830110347;2019-12-31;2019;MILES;5550651;3492;31827595;2931426;40313164;0;0;0;0;0;0;40313164;0;6644765;0;0;2001914;143627;8790306;0;0;0;0;0;0;8790306;37000;0;18500;31467358;0;0;31522858;40313164;
1744;830110347;2019-12-31;2018;MILES;4489709;2633;31981423;24885591;61359356;0;0;0;0;0;0;61359356;0;35120252;0;0;1401091;152164;36673507;0;0;0;0;0;0;36673507;37000;0;18500;24630349;0;0;24685849;61359356;
1745;800230209;2019-12-31;2019;MILES;2255214;36981580;209377391;105462940;354077125;119125493;24219288;0;-23918994;24219288;143645075;497722200;0;71575375;0;1493478;0;5668727;78737580;0;7081807;0;0;43163810;50245617;128983197;350000;0;-3979042;151782157;0;220585888;368739003;497722200;
1746;800230209;2019-12-31;2018;MILES;3539812;149947174;223863357;107916495;485266838;112879730;23117882;0;-22767532;23117882;136347962;621614800;0;99349544;0;3353791;0;57902707;160606042;0;4476705;0;0;41987883;46464588;207070630;350000;0;-1234075;156124043;0;259304202;414544170;621614800;
1747;901048118;2019-12-31;2019;MILES;1095020;3968;18204986;6153258;25457232;0;0;0;0;0;0;25457232;1035276;16944588;0;18749;1625;0;18000238;2415644;0;0;0;4941153;7356797;25357035;100000;0;0;197;0;0;100197;25457232;
1748;901048118;2019-12-31;2018;MILES;403;0;4336358;5752724;10089485;0;0;0;0;0;0;10089485;0;9969567;0;21865;1153;0;9992585;0;0;0;0;0;0;9992585;100000;0;0;-3100;0;0;96900;10089485;
1749;900306204;2019-12-31;2019;MILES;10492129;784799;0;0;11276928;31224;3808803;0;45057096;3808803;52705926;63982854;0;252959;0;30943;65012;0;348914;0;0;0;0;0;0;348914;20578;0;0;-4278370;0;67891732;63633940;63982854;
1750;900306204;2019-12-31;2018;MILES;11225383;55310;0;0;11280693;0;3389647;0;47630284;3389647;54409578;65690271;0;1881952;0;74155;0;0;1956107;0;0;0;0;0;0;1956107;20578;0;0;-30539375;0;94252961;63734164;65690271;
1751;900260849;2019-12-31;2019;MILES;221542;197018;699304;1002323;2120187;1993228;328906;229922;-328906;328906;2552056;4672243;383693;724174;0;71618;138798;255807;1574090;0;670100;56162;0;45738;772000;2346090;416000;0;148841;432863;0;1328449;2326153;4672243;
1752;900260849;2019-12-31;2018;MILES;77822;151821;993571;1544572;2767786;1828798;0;229922;0;0;2058720;4826506;194279;1325153;0;73712;21989;76875;1692008;0;453318;70549;0;445238;969105;2661113;416000;0;142908;379466;0;1227019;2165393;4826506;
1753;900481586;2019-12-31;2019;MILES;9402278;739333;7856995;8138830;26137436;20233711;0;0;221242;0;20454953;46592389;61523;14153465;0;472306;864543;41016;15592853;0;0;1664412;0;148393;1812805;17405658;9158500;10091322;7531493;2405416;0;0;29186731;46592389;
1754;900481586;2019-12-31;2018;MILES;5232958;241292;6990168;7739831;20204249;20960719;0;0;271311;0;21232030;41436279;57293;11529660;0;549170;1114219;29927;13280269;56519;0;1273833;0;168854;1499206;14779475;9158500;10091322;4655379;2751603;0;0;26656804;41436279;
1755;830132604;2019-12-31;2019;MILES;100349;11171;0;0;111520;0;0;0;272426658;0;272426658;272538178;400000;15191;0;0;112;0;415303;1600000;0;0;0;0;1600000;2015303;5676340;0;156653768;111877002;0;-3684235;270522875;272538178;
1756;830132604;2019-12-31;2018;MILES;1340590;0;256363;0;1596953;0;0;0;264860110;0;264860110;266457063;0;0;0;0;256052;0;256052;0;0;0;0;0;0;256052;5676340;0;133747282;127337558;0;-560169;266201011;266457063;
1757;830143051;2019-12-31;2019;MILES;44728;4819990;31556;0;4896274;762000;0;144502;0;0;906502;5802776;0;283519;0;48904;36082;0;368505;0;0;0;0;0;0;368505;14800;0;23023;3756607;0;1639841;5434271;5802776;
1758;830143051;2019-12-31;2018;MILES;104445;4200934;136218;0;4441597;650000;0;173040;0;0;823040;5264637;0;12944;0;22072;20292;0;55308;0;0;0;0;0;0;55308;14800;0;23023;5024799;0;146707;5209329;5264637;
1759;830077389;2019-12-31;2019;MILES;2668619;2011313;39499412;18791316;62970660;6971490;0;0;3966093;0;10937583;73908243;1482050;32539628;198806;2692293;777697;6786317;44476791;0;0;0;0;2281218;2281218;46758009;6965925;0;14022554;6161755;0;0;27150234;73908243;
1760;830077389;2019-12-31;2018;MILES;1682278;4591427;35197342;14303784;55774831;6530871;0;0;1081376;0;7612247;63387078;0;33134749;4627;2908346;595445;0;36643167;0;0;0;0;5755432;5755432;42398599;6965925;0;12653321;1369233;0;0;20988479;63387078;
1761;800090902;2019-12-31;2019;MILES;233709;1825538;9525058;4369890;15954195;6082159;1590946;5858552;3705322;1590946;18827925;34782120;1880369;4754126;0;148065;3278616;0;10061176;64681;0;0;0;6548374;6613055;16674231;1000000;0;804855;12067734;0;4235300;18107889;34782120;
1762;800090902;2019-12-31;2018;MILES;426742;1445204;8580480;2599483;13051909;5509020;1579630;5796816;3365031;1579630;17830127;30882036;1839569;3207085;0;152809;3117539;0;8317002;484358;0;0;0;4334647;4819005;13136007;1000000;0;804855;11669269;0;4271905;17746029;30882036;
1763;890101272;2019-12-31;2019;MILES;15479865;62652;24122655;26152106;65817278;15400493;0;0;1837940;0;17238433;83055711;385420;28115844;0;2724762;4245700;1017119;36488845;10800000;0;1215190;0;0;12015190;48504035;755566;3256020;377783;30162307;0;0;34551676;83055711;
1764;890101272;2019-12-31;2018;MILES;11706976;0;23722201;32739549;68168726;17059443;0;0;43800;0;17103243;85271969;15555229;29661798;0;2852678;3793291;832424;52695420;10920000;0;1338933;0;0;12258933;64954353;755566;3256020;377783;15928247;0;0;20317616;85271969;
1765;860352419;2019-04-30;2019;MILES;76026353;55169080;72518759;658232;204372424;19792882;5332843;0;-1620836;5332843;28837732;233210156;1930995;21467295;2855838;0;209169;834430;27297727;627287;0;0;0;8956786;9584073;36881800;140819639;0;3847746;51660971;0;0;196328356;233210156;
1766;860352419;2019-04-30;2018;MILES;52515304;59067274;35022289;4653816;151258683;121097058;3556108;0;183443;3556108;128392717;279651400;116599275;46144856;17508971;0;137919;2044043;182435064;1396694;0;0;0;21053171;22449865;204884929;140819639;0;-2093195;-63959973;0;0;74766471;279651400;
1767;860352419;2019-08-31;2019;MILES;43307644;49836309;63161564;824849;157130366;20351783;5353339;0;-1655704;5353339;29402757;186533123;1303843;18235763;5806312;0;19128;532198;25897244;464230;0;0;0;5877572;6341802;32239046;140819639;0;23509233;-10034795;0;0;154294077;186533123;
1768;860352419;2019-08-31;2018;MILES;76026353;55169080;72518759;658232;204372424;19792882;5332843;0;-1620836;5332843;28837732;233210156;1930995;21467295;2855838;0;209169;834430;27297727;627287;0;0;0;8956786;9584073;36881800;140819639;0;3847746;51660971;0;0;196328356;233210156;
1769;860352419;2019-12-31;2019;MILES;23040877;52848948;61564828;593495;138048148;19325243;7418136;0;-3738789;7418136;30422726;168470874;811023;6445197;10027395;0;19473;549291;17852379;249818;0;0;0;1159324;1409142;19261521;140819639;0;17067165;-8677451;0;0;149209353;168470874;
1770;860352419;2019-12-31;2018;MILES;43307644;49836309;63161564;824849;157130366;20351783;5353339;0;-1655704;5353339;29402757;186533123;1303843;18235763;5806312;0;19128;532198;25897244;464230;0;0;0;5877572;6341802;32239046;140819639;0;23509233;-10034795;0;0;154294077;186533123;
1771;900093352;2019-12-31;2019;MILES;6083882;413852;4585500;0;11083234;898419;0;0;3142488;0;4040907;15124141;253766;3860978;1096580;228391;740771;0;6180486;156305;0;455631;0;923748;1535684;7716170;2500000;0;1250000;3657971;0;0;7407971;15124141;
1772;900093352;2019-12-31;2018;MILES;4800178;576775;6270140;0;11647093;792356;0;0;4923562;0;5715918;17363011;1006666;4186759;952936;191849;714862;0;7053072;0;0;691281;0;2022623;2713904;9766976;2500000;0;1250000;3846035;0;0;7596035;17363011;
1773;900297009;2019-12-31;2019;MILES;1397700;1788879;44293095;33657968;81137642;163455083;0;0;2115725;0;165570808;246708450;14647961;49319792;0;2560844;327957;1430465;68287019;55408;0;3060510;0;0;3115918;71402937;178000;77922000;87131380;10074133;0;0;175305513;246708450;
1774;900297009;2019-12-31;2018;MILES;6410669;1929744;65658150;30396368;104394931;170230394;0;0;1733554;0;171963948;276358879;6234177;59426948;0;1748374;0;1524824;68934323;103975;40320503;1809542;0;0;42234020;111168343;178000;77922000;77738315;9352221;0;0;165190536;276358879;
1775;900136519;2019-12-31;2019;MILES;220072;5725080;43955639;11225173;61125964;20976692;0;0;42866181;0;63842873;124968837;0;56604764;0;0;1801962;143027;58549753;0;0;0;0;26848;26848;58576601;5933679;107094715;0;-46636158;0;0;66392236;124968837;
1776;900136519;2019-12-31;2018;MILES;513161;4425915;19579656;10824029;35342761;27183661;0;0;42587734;0;69771395;105114156;0;35948728;0;0;1974999;109883;38033610;0;0;0;0;0;0;38033610;5933679;107094715;0;-45947848;0;0;67080546;105114156;
1777;900831821;2019-12-31;2019;MILES;660751;10107;40862736;50317396;91850990;114151;0;0;0;0;114151;91965141;31837022;37095058;26095;41562;0;0;68999737;0;0;0;0;22652609;22652609;91652346;20000;0;0;292795;0;0;312795;91965141;
1778;900831821;2019-12-31;2018;MILES;2328962;10616;19288534;31188057;52816169;129372;0;0;0;0;129372;52945541;4941421;20719097;2060;30374;0;0;25692952;11529983;0;0;0;15463058;26993041;52685993;20000;0;0;239548;0;0;259548;52945541;
1779;830044266;2019-12-31;2019;MILES;47287351;50181201;151077006;223668941;472214499;28283031;0;0;13772822;0;42055853;514270352;139556217;179770191;25043086;3503675;0;19996986;367870155;0;0;0;0;6638913;6638913;374509068;7822350;0;4121773;127817161;0;0;139761284;514270352;
1780;830044266;2019-12-31;2018;MILES;50363624;42805631;124101569;211352131;428622955;21276750;0;0;12897057;0;34173807;462796762;149125925;152406638;22376881;3386834;0;11478393;338774671;0;0;0;0;0;0;338774671;7822350;0;7934957;108264784;0;0;124022091;462796762;
1781;860002101;2019-12-31;2019;MILES;647;172283;26126861;0;26299791;257070;0;145340;236412;0;638822;26938613;0;3871;0;0;0;3668;7539;0;0;78004;0;0;78004;85543;1547200;0;3845075;21460795;0;0;26853070;26938613;
1782;860002101;2019-12-31;2018;MILES;101224;303559;26099946;0;26504729;304103;0;145340;236412;0;685855;27190584;0;11466;0;0;0;3981;15447;0;0;92943;0;0;92943;108390;1547200;0;4247708;21287286;0;0;27082194;27190584;
1783;800048191;2019-12-31;2019;MILES;504116;2600999;9631389;10990637;23727141;25061132;56752;0;19507937;56752;44682573;68409714;1017186;7508486;0;928917;0;352259;9806848;2841053;0;3470124;0;274827;6586004;16392852;800001;0;23033593;28183268;0;0;52016862;68409714;
1784;800048191;2019-12-31;2018;MILES;149125;1738766;11610419;13695255;27193565;23469360;131449;0;19283677;131449;43015935;70209500;1556403;10263163;0;802093;0;474641;13096300;1795896;0;3462981;0;195174;5454051;18550351;800001;0;21243613;29615535;0;0;51659149;70209500;
1785;892400615;2019-12-31;2019;MILES;6478331;0;3281906;12690655;22450892;46056258;0;0;0;0;46056258;68507150;12126487;7518700;0;206104;1606305;900309;22357905;890433;0;0;0;0;890433;23248338;2200000;0;25000;13223286;0;29810526;45258812;68507150;
1786;892400615;2019-12-31;2018;MILES;5797946;0;2241114;14980223;23019283;38932865;0;0;0;0;38932865;61952148;8312174;8434976;0;182765;1546229;815030;19291174;901641;0;0;0;0;901641;20192815;2200000;0;25000;10491315;0;29043018;41759333;61952148;
1787;830022634;2019-12-31;2019;MILES;21496065;548747;21716410;23696324;67457546;209889135;0;11093431;1111072;0;222093638;289551184;0;29425437;186705;0;601032;988606;31201780;0;0;55032725;0;0;55032725;86234505;70852740;16601040;0;115862899;0;0;203316679;289551184;
1788;830022634;2019-12-31;2018;MILES;21468263;89526;21657292;31848233;75063314;216194486;0;11340507;1350698;0;228885691;303949005;0;29719658;346786;0;736109;1017407;31819960;0;0;56234412;0;0;56234412;88054372;70852740;16601040;2046913;126393940;0;0;215894633;303949005;
1789;804012853;2019-12-31;2019;MILES;193042;167488;333109;77104;770743;255785;0;0;140;0;255925;1026668;14604;441934;0;37658;7662;38825;540683;0;0;54634;0;0;54634;595317;200000;1100;155424;74827;0;0;431351;1026668;
1790;804012853;2019-12-31;2018;MILES;72029;130745;351302;37508;591584;279131;0;0;14569;0;293700;885284;20618;390071;0;30038;7507;66635;514869;0;0;42887;0;0;42887;557756;200000;1100;154697;-28269;0;0;327528;885284;
1791;800205416;2019-12-31;2019;MILES;3636496;150857;15991425;11396446;31175224;210889;1293239;0;-930048;1293239;1867319;33042543;3751716;13908254;0;389697;0;8122;18057789;164574;0;242038;0;0;406612;18464401;350000;0;860211;13367931;0;0;14578142;33042543;
1792;800205416;2019-12-31;2018;MILES;2383858;83603;14377405;8323315;25168181;143074;1302177;7925971;-885985;1302177;9787414;34955595;3636703;12643568;0;354685;915175;13596;17563727;4126154;0;127986;0;0;4254140;21817867;350000;0;860211;11927517;0;0;13137728;34955595;
1793;860007277;2019-12-31;2019;MILES;37955020;8889519;278648873;89833205;415326617;387989732;0;0;6042464;0;394032196;809358813;47823;290281574;0;5261285;29423724;18000852;343015258;0;0;56430584;0;4590860;61021444;404036702;125662008;620;54410017;225249466;0;0;405322111;809358813;
1794;860007277;2019-12-31;2018;MILES;13687428;27356858;276512418;98942413;416499117;405105255;0;0;16180367;0;421285622;837784739;29984914;260610605;0;6418910;33943723;16061854;347020006;0;0;53641368;0;10049975;63691343;410711349;125662008;620;54410017;247000745;0;0;427073390;837784739;
1795;804011857;2019-12-31;2019;MILES;172793;44726;420224;146344;784087;304465;0;0;2181;0;306646;1090733;0;349819;0;26222;41583;15788;433412;0;0;51014;0;0;51014;484426;100000;0;272492;233815;0;0;606307;1090733;
1796;804011857;2019-12-31;2018;MILES;66595;74436;416602;160537;718170;266517;0;0;3677;0;270194;988364;20000;328165;0;25811;37747;15746;427469;0;0;12369;0;0;12369;439838;100000;0;238300;210226;0;0;548526;988364;
1797;860011109;2019-12-31;2019;MILES;4457551;2200958;2955628;1922942;11537079;12297453;0;50024;279637;0;12627114;24164193;0;109071;262925;116022;285241;0;773259;0;0;0;0;0;0;773259;1106158;1239055;0;840131;0;20205590;23390934;24164193;
1798;860011109;2019-12-31;2018;MILES;4007273;1835088;3086288;2544755;11473404;12657357;0;50024;387722;0;13095103;24568507;387867;69187;157028;118325;427184;0;1159591;0;0;0;0;0;0;1159591;1106158;1239055;0;0;0;21063703;23408916;24568507;
1799;900059238;2019-12-31;2019;MILES;93975913;37083806;18018584;151697691;300775994;852110418;0;0;68192967;0;920303385;1221079379;169950553;289993830;0;7073110;0;31815789;498833282;21538723;0;19439719;0;5394527;46372969;545206251;10010000;378682844;9172640;4052009;0;273955635;675873128;1221079379;
1800;900059238;2019-12-31;2018;MILES;67781398;34794275;22206613;114629187;239411473;737298041;0;0;45095095;0;782393136;1021804609;103885259;164206402;0;11698009;0;23803718;303593388;0;0;24706476;0;4784498;29490974;333084362;10010000;378682844;9172640;36365727;0;254489036;688720247;1021804609;
1801;830007802;2019-12-31;2019;MILES;293107;58859;906865;982334;2241165;338881;0;0;38091;0;376972;2618137;117435;722783;0;0;164238;4192;1008648;0;0;0;0;0;0;1008648;5000;0;2500;1601989;0;0;1609489;2618137;
1802;830007802;2019-12-31;2018;MILES;204343;82300;1123897;937004;2347544;206857;0;0;89298;0;296155;2643699;0;948967;0;75463;122760;4264;1151454;0;0;75371;0;0;75371;1226825;5000;0;2500;1409374;0;0;1416874;2643699;
1803;830058801;2019-12-31;2019;MILES;3726839;1289043;11550323;7135319;23701524;2242335;0;0;768550;0;3010885;26712409;8044325;3734587;0;89988;466341;0;12335241;0;0;567718;0;0;567718;12902959;145010;0;2101807;11562633;0;0;13809450;26712409;
1804;830058801;2019-12-31;2018;MILES;6622104;1118312;9232887;5525627;22498930;344771;0;0;325132;0;669903;23168833;7369927;2563774;0;47251;270398;0;10251350;0;0;368342;0;0;368342;10619692;145010;0;2101807;10302324;0;0;12549141;23168833;
1805;890308155;2019-12-31;2019;MILES;835968;1140834;4736857;20412722;27126381;24900507;0;0;1269653;0;26170160;53296541;6113636;10246909;0;0;365134;2700793;19426472;12082854;0;1907854;0;0;13990708;33417180;3612342;8555062;638046;7073911;0;0;19879361;53296541;
1806;890308155;2019-12-31;2018;MILES;397814;1326916;5055187;18937437;25717354;28436116;0;0;1178995;0;29615111;55332465;4962379;10522982;0;0;905942;3095052;19486355;14410767;0;1955261;0;0;16366028;35852383;3612342;8555062;598553;6714125;0;0;19480082;55332465;
1807;860069378;2019-12-31;2019;MILES;72537000;40724000;139571000;215167000;467999000;1495754000;21609000;0;130825000;21609000;1669797000;2137796000;0;191618000;62092000;18330000;70462000;17446000;359948000;0;0;86525000;116000;429683000;516324000;876272000;1156000;6287000;3652000;1250429000;0;0;1261524000;2137796000;
1808;860069378;2019-12-31;2018;MILES;117074000;48037000;88001000;216025000;469137000;1574544000;20687000;0;136243000;20687000;1752161000;2221298000;0;192425000;69877000;18410000;124214000;11263000;416189000;0;0;130391000;0;393448000;523839000;940028000;1156000;6287000;3652000;1270175000;0;0;1281270000;2221298000;
1809;901081311;2019-12-31;2019;MILES;34430733;10391000;85728801;0;130550534;2698246;0;0;22174239;0;24872485;155423019;932282;139255470;1030;1876691;1785528;14584;143865585;3194131;5618031;0;0;0;8812162;152677747;18000000;0;0;-15254728;0;0;2745272;155423019;
1810;901081311;2019-12-31;2018;MILES;4584134;2131629;58923459;0;65639222;3238332;0;0;27570784;0;30809116;96448338;932282;80671355;58112;456884;215133;0;82333766;4239181;857604;0;0;0;5096785;87430551;18000000;0;0;-8982213;0;0;9017787;96448338;
1811;890928257;2019-12-31;2019;MILES;3445214;2822265;50166908;41819109;98253496;100516641;1282183;0;-44803;1282183;103036204;201289700;14970489;45784517;0;3892087;2717436;1109829;68474358;31342974;1010430;6655359;0;607447;39616210;108090568;5175000;16939375;44245645;15232757;0;11606355;93199132;201289700;
1812;890928257;2019-12-31;2018;MILES;4671646;1730456;43623368;41557917;91583387;88511675;1195603;0;19147;1195603;90922028;182505415;19298045;45690941;310000;3714922;1714886;693041;71421835;26598000;0;6540715;0;445318;33584033;105005868;5130000;15437992;36962355;8170342;0;11798858;77499547;182505415;
1813;830140333;2019-12-31;2019;MILES;28798;20042;3443346;32766;3524952;0;0;0;0;0;0;3524952;0;1427188;0;0;10834;0;1438022;0;0;0;0;0;0;1438022;200000;0;154029;1732901;0;0;2086930;3524952;
1814;830140333;2019-12-31;2018;MILES;4648;42223;6516104;186605;6749580;0;0;0;0;0;0;6749580;0;4422519;0;0;26080;0;4448599;49594;0;0;0;0;49594;4498193;200000;0;154029;1897358;0;0;2251387;6749580;
1815;890213122;2019-12-31;2019;MILES;698355;108777;446698;961282;2215112;6346;0;50000;127174;0;183520;2398632;550;973;0;0;252;2698;4473;0;0;0;0;0;0;4473;1831500;0;218224;344435;0;0;2394159;2398632;
1816;890213122;2019-12-31;2018;MILES;1245343;108777;33521;816866;2204507;11670;0;50000;134107;0;195777;2400284;0;4281;0;0;328;10522;15131;0;0;0;0;0;0;15131;1831500;0;214620;339033;0;0;2385153;2400284;
1817;900293899;2019-12-31;2019;MILES;173206;322379;1289090;1002811;2787486;12865;0;0;202773;0;215638;3003124;711;3933409;0;0;211491;2045;4147656;0;0;0;0;0;0;4147656;71408;0;0;-1215940;0;0;-1144532;3003124;
1818;900293899;2019-12-31;2018;MILES;698395;329151;977429;685485;2690460;4650;0;0;126479;0;131129;2821589;5690;3368742;0;0;135284;274728;3784444;0;0;0;0;0;0;3784444;71408;0;0;-1034263;0;0;-962855;2821589;
1819;802001105;2019-12-31;2019;MILES;49455634;0;17454866;37048750;103959250;49686607;0;0;2832098;0;52518705;156477955;13601942;10078061;0;1684365;4893106;0;30257474;0;0;0;5345068;38121808;43466876;73724350;4987000;9234000;3348241;65184364;0;0;82753605;156477955;
1820;802001105;2019-12-31;2018;MILES;26801626;0;11455594;22744730;61001950;38240044;0;0;2436403;0;40676447;101678397;5061221;6430454;0;1377253;2641579;0;15510507;0;0;5871204;0;21195852;27067056;42577563;4987000;9234000;3348241;41531593;0;0;59100834;101678397;
1821;800105706;2019-12-31;2019;MILES;1452076;2030543;35344782;12035277;50862678;12797439;0;0;3363878;0;16161317;67023995;9858783;12758840;740959;1993544;3927622;4740614;34020362;11499670;0;882982;0;0;12382652;46403014;9628000;0;1529546;5999473;0;3463962;20620981;67023995;
1822;800105706;2019-12-31;2018;MILES;2988603;1472324;28639372;9125477;42225776;11860636;0;0;276277;0;12136913;54362689;7277440;12109653;591551;2220723;2760336;2339112;27298815;8247281;0;431055;0;0;8678336;35977151;7128000;0;1433498;6363492;0;3460548;18385538;54362689;
1823;900303567;2019-12-31;2019;MILES;1594410;0;4696455;1844924;8135789;348765;9300318;0;-7450150;9300318;11499251;19635040;0;4068394;0;430380;856867;0;5355641;0;10218778;0;0;0;10218778;15574419;6901000;0;0;-2840379;0;0;4060621;19635040;
1824;900303567;2019-12-31;2018;MILES;1453241;0;3520577;1611485;6585303;67856;7555;0;1362442;7555;1445408;8030711;0;3934284;0;226803;87502;0;4248589;0;0;0;0;0;0;4248589;6901000;0;0;-3118878;0;0;3782122;8030711;
1825;860351680;2019-12-31;2019;MILES;136792;506257;1679577;861558;3184184;1253716;0;0;2322990;0;3576706;6760890;358113;567355;0;370390;289845;0;1585703;301562;590662;276992;0;0;1169216;2754919;675168;0;337584;2993219;0;0;4005971;6760890;
1826;860351680;2019-12-31;2018;MILES;1033894;637460;1564537;541853;3777744;1030044;0;0;1183902;0;2213946;5991690;39816;136234;0;364739;447041;0;987830;42379;1142681;264737;0;0;1449797;2437627;675168;0;308500;2570395;0;0;3554063;5991690;
1827;800040422;2019-12-31;2019;MILES;1393543;46269;531743;12676;1984231;39399767;0;0;63672;0;39463439;41447670;0;7760812;0;0;0;3653739;11414551;0;0;5356092;0;0;5356092;16770643;5500000;0;529076;18647951;0;0;24677027;41447670;
1828;800040422;2019-12-31;2018;MILES;1293225;63627;172080;12801;1541733;38519514;0;0;156557;0;38676071;40217804;0;6929152;0;0;0;4089093;11018245;0;0;2176035;0;0;2176035;13194280;5500000;0;572406;20951118;0;0;27023524;40217804;
1829;900483014;2019-12-31;2019;MILES;12522880;9765361;40447203;26324583;89060027;47323878;0;0;44350539;0;91674417;180734444;0;33967442;0;2100202;931882;1015999;38015525;0;14316514;9108618;0;43491892;66917024;104932549;1599185;54414665;7651327;12136718;0;0;75801895;180734444;
1830;900483014;2019-12-31;2018;MILES;27539170;3882306;29900538;31437113;92759127;52644547;0;0;2879678;0;55524225;148283352;2167418;46826424;0;2049293;862983;0;51906118;0;4853827;10583234;0;310025;15747086;67653204;1599185;54414665;7651327;16964971;0;0;80630148;148283352;
1831;900046908;2019-12-31;2019;MILES;2762654;0;83844657;0;86607311;1221903;18462721;0;-17797252;18462721;20350093;106957404;171975;10523854;0;0;922877;0;11618706;0;0;0;0;471136;471136;12089842;1250000;0;79136670;14480892;0;0;94867562;106957404;
1832;900046908;2019-12-31;2018;MILES;1118442;0;34725196;0;35843638;1804170;145188800;0;-145056728;145188800;147125042;182968680;0;7782502;0;0;2228764;0;10011266;0;0;0;0;94660;94660;10105926;1250000;0;148993400;22619354;0;0;172862754;182968680;
1833;811029525;2019-12-31;2019;MILES;1552353;4974429;22259634;8666993;37453409;28217518;0;0;13429809;0;41647327;79100736;923220;15883959;493341;1005797;3565885;1973889;23846091;6266327;0;1171934;0;12665652;20103913;43950004;240000;17991284;120000;16799448;0;0;35150732;79100736;
1834;811029525;2019-12-31;2018;MILES;3200051;3839558;11811622;4581158;23432389;16122066;0;0;73134;0;16195200;39627589;681012;7922699;211623;955700;5208926;5213;14985173;999059;0;1423283;0;0;2422342;17407515;200000;2912335;116586;18991153;0;0;22220074;39627589;
1835;800019437;2019-12-31;2019;MILES;2120217;0;23785891;29619590;55525698;50118671;0;0;43980;0;50162651;105688349;2627504;24464341;119970;777895;673509;14976;28678195;0;0;7919071;0;0;7919071;36597266;1200000;0;10240239;57650844;0;0;69091083;105688349;
1836;800019437;2019-12-31;2018;MILES;1724398;0;28480141;48257641;78462180;49088489;0;0;56801;0;49145290;127607470;3012928;40667167;78124;770982;4456098;65494;49050793;0;0;7565955;0;0;7565955;56616748;1200000;0;11020217;58770505;0;0;70990722;127607470;
1837;890300510;2019-12-31;2019;MILES;1234028;1918;5742379;9752479;16730804;10942838;0;7813205;6163258;0;24919301;41650105;204714;4220605;361397;0;520281;0;5306997;0;0;1471296;0;0;1471296;6778293;7252144;0;5666732;18008010;0;3944926;34871812;41650105;
1838;890300510;2019-12-31;2018;MILES;2325889;79219;5265693;7601742;15272543;10834077;13655;7611598;5408125;13655;23881110;39153653;187617;3087473;400000;0;723041;0;4398131;0;0;1426193;0;0;1426193;5824324;7252144;0;5065330;17066929;0;3944926;33329329;39153653;
1839;830041824;2019-12-31;2019;MILES;2447519;180299;18654312;8534224;29816354;1298973;1748813;0;-212090;1748813;4584509;34400863;6152331;14388190;832234;1025908;1663066;1170994;25232723;290590;0;0;0;0;290590;25523313;6722280;0;873057;1282213;0;0;8877550;34400863;
1840;830041824;2019-12-31;2018;MILES;1279224;1128133;15778486;8636854;26822697;1512342;2197433;0;-792759;2197433;5114449;31937146;10341754;15866824;613696;955024;1013470;85751;28876519;416674;0;0;0;0;416674;29293193;3722280;0;873057;-1951384;0;0;2643953;31937146;
1841;830095262;2019-12-31;2019;MILES;318833;18113969;91290077;26045480;135768359;7689784;0;0;1668142;0;9357926;145126285;17008712;42178623;0;0;5255641;0;64442976;1863333;0;0;0;0;1863333;66306309;115150;0;57500;37371080;0;41276246;78819976;145126285;
1842;830095262;2019-12-31;2018;MILES;7395914;13396261;67153204;28099722;116045101;5073826;0;0;5934293;0;11008119;127053220;7707184;33198340;0;0;3789164;0;44694688;0;0;0;0;83000;83000;44777688;115150;0;57500;21378475;0;60724407;82275532;127053220;
1843;900563232;2019-12-31;2019;MILES;47290544;10028171;84294415;8246163;149859293;2041299;242027445;0;-227645873;242027445;258450316;408309609;39343580;4215179;0;670714;10663434;0;54892907;106272316;7008651;62907599;0;0;176188566;231081473;30736665;5602200;72308738;24712883;0;43867650;177228136;408309609;
1844;900563232;2019-12-31;2018;MILES;21158820;8157656;60522189;12011713;101850378;2144964;208328165;0;-179882551;208328165;238918743;340769121;28382665;4818049;0;697260;8658185;0;42556159;63782156;6951132;70821863;0;0;141555151;184111310;30736665;5602200;39590967;36860329;0;43867650;156657811;340769121;
1845;901106368;2019-12-31;2019;MILES;418511;74000;17034569;10400825;27927905;0;0;0;142959;0;142959;28070864;33058;19360853;0;0;593782;0;19987693;0;0;0;0;0;0;19987693;30000;0;0;8053171;0;0;8083171;28070864;
1846;901106368;2019-12-31;2018;MILES;144870;400000;9837982;5444670;15827522;0;0;0;196302;0;196302;16023824;18347;13403691;0;0;366529;0;13788567;0;0;0;0;0;0;13788567;30000;0;0;2205257;0;0;2235257;16023824;
1847;890903471;2019-12-31;2019;MILES;980156;200000;2125342;0;3305498;0;36161005;2116536;-35900693;36161005;38537853;41843351;0;1352529;0;172289;1281249;0;2806067;0;0;338229;0;1242565;1580794;4386861;27473;0;17765936;19663081;0;0;37456490;41843351;
1848;890903471;2019-12-31;2018;MILES;551930;303696;71069;0;926695;0;37012266;2137414;-36632654;37012266;39529292;40455987;0;695427;0;216516;1320500;0;2232443;0;0;345755;0;1311562;1657317;3889760;27473;0;17068740;19470014;0;0;36566227;40455987;
1849;890914336;2019-12-31;2019;MILES;1134654;744237;5433339;7638853;14951083;26100973;27252;19364723;1418664;27252;46938864;61889947;744599;2801176;0;483965;589141;218320;4837201;3064361;0;4456182;0;0;7520543;12357744;8800000;0;22177832;-3943314;0;22497685;49532203;61889947;
1850;890914336;2019-12-31;2018;MILES;974227;521496;5201798;8665910;15363431;25499094;30446;19167723;1760243;30446;46487952;61851383;1045419;3028727;0;548492;473778;1671430;6767846;1201949;0;4216347;0;0;5418296;12186142;8800000;0;23071784;-4661209;0;22454666;49665241;61851383;
1851;860046509;2019-12-31;2019;MILES;364045;1979265;11048688;0;13391998;465330;0;0;356425;0;821755;14213753;165351;1492238;0;0;461620;0;2119209;0;0;0;0;307497;307497;2426706;2815208;0;7935591;1036248;0;0;11787047;14213753;
1852;860046509;2019-12-31;2018;MILES;93646;1571282;11646006;0;13310934;829262;0;0;369726;0;1198988;14509922;93842;2142959;0;0;721196;0;2957997;0;0;0;0;80001;80001;3037998;2815208;0;949483;7707233;0;0;11471924;14509922;
1853;900308815;2019-12-31;2019;MILES;57585661;19164242;70129331;0;146879234;284898;0;0;2074399;0;2359297;149238531;0;8021885;0;1000033;15981186;71406194;96409298;0;0;0;0;10786797;10786797;107196095;8500000;0;0;33542436;0;0;42042436;149238531;
1854;900308815;2019-12-31;2018;MILES;39721035;16072043;54863403;0;110656481;38095;0;0;2395891;0;2433986;113090467;786;7905542;0;738445;5159382;58579307;72383462;0;0;0;0;9944263;9944263;82327725;2000000;0;0;28762742;0;0;30762742;113090467;
1855;900162310;2019-12-31;2019;MILES;193;29677;1396;4312978;4344244;0;0;148300;63;0;148363;4492607;1417852;545490;0;0;0;5424075;7387417;0;0;16332;0;222378;238710;7626127;116391;0;125019;-3374930;0;0;-3133520;4492607;
1856;900162310;2019-12-31;2018;MILES;36363;23343;1396;8023419;8084521;0;0;148300;63;0;148363;8232884;4635959;546233;0;0;688;1371822;6554702;0;0;49553;0;4346331;4395884;10950586;116391;0;125019;-2959112;0;0;-2717702;8232884;
1857;830021417;2019-12-31;2019;MILES;3168772;4509732;33685212;8660697;50024413;4791191;0;0;350732;0;5141923;55166336;0;2823808;0;240883;74246;70000;3208937;141098916;6854934;600004;0;2233420;150787274;153996211;14386500;90802941;7686822;-211706138;0;0;-98829875;55166336;
1858;830021417;2019-12-31;2018;MILES;208567;4800813;40482304;1107656;46599340;5423553;0;0;14876650;0;20300203;66899543;0;4764875;0;195676;697181;4879196;10536928;142720479;3985515;2953019;0;2233420;151892433;162429361;14386500;90802941;7686822;-208406081;0;0;-95529818;66899543;
1859;900777243;2019-12-31;2019;MILES;3910450;52820;2955078;7562132;14480480;285283;0;0;1346633;0;1631916;16112396;39772;4149986;0;74011;456054;0;4719823;0;0;590;0;1393595;1394185;6114008;8339783;0;0;1658605;0;0;9998388;16112396;
1860;900777243;2019-12-31;2018;MILES;331871;273959;2537875;8722209;11865914;286217;0;0;2000;0;288217;12154131;68125;2550514;0;67691;437842;0;3124172;0;0;0;0;0;0;3124172;8339783;0;0;690176;0;0;9029959;12154131;
1861;800198591;2019-12-31;2019;MILES;23017171;4988626;34958595;0;62964392;7405902;0;0;17703335;0;25109237;88073629;0;14044067;0;14863943;10950334;4229661;44088005;1982937;0;0;0;29782091;31765028;75853033;42720;0;21360;10448012;0;1708504;12220596;88073629;
1862;800198591;2019-12-31;2018;MILES;38889244;8585175;24185570;0;71659989;11141316;0;0;5813127;0;16954443;88614432;0;11682002;0;15497669;18727201;56099;45962971;1959377;0;0;0;18989711;20949088;66912059;42720;0;21360;19929789;0;1708504;21702373;88614432;
1863;890940621;2019-12-31;2019;MILES;701919;0;4393114;13697816;18792849;12007249;0;0;79260;0;12086509;30879358;8240860;1997329;177054;441157;119817;1478393;12454610;5051500;436576;144120;0;255070;5887266;18341876;913448;0;456724;11167310;0;0;12537482;30879358;
1864;890940621;2019-12-31;2018;MILES;2545104;0;7844624;16333769;26723497;10163106;0;0;101084;0;10264190;36987687;5534468;2592675;0;445554;395125;11906989;20874811;4039781;336082;261112;0;235525;4872500;25747311;913448;0;456724;9870204;0;0;11240376;36987687;
1865;900255214;2019-12-31;2019;MILES;356008;610185;4409185;5872385;11247763;7299181;0;3778882;672420;0;11750483;22998246;4250409;3989549;197010;273868;122121;0;8832957;6697347;0;1759364;0;0;8456711;17289668;1929032;0;1330254;1002430;0;1446862;5708578;22998246;
1866;900255214;2019-12-31;2018;MILES;468415;66342;7637076;6553663;14725496;6195574;0;3400557;1147571;0;10743702;25469198;7777414;5521035;416490;279286;498186;89034;14581445;4433563;0;1779336;0;0;6212899;20794344;1929032;0;1330254;237443;0;1178125;4674854;25469198;
1867;800126875;2019-12-31;2019;MILES;261728;113796;3214155;423841;4013520;5517163;0;0;4650462;0;10167625;14181145;1741136;3888938;226632;0;0;589855;6446561;4065536;0;187858;0;0;4253394;10699955;1238564;0;825254;1417372;0;0;3481190;14181145;
1868;800126875;2019-12-31;2018;MILES;150877;431954;2680601;326784;3590216;5727646;0;0;345085;0;6072731;9662947;1654762;4011095;574261;0;0;553427;6793545;0;0;519098;0;0;519098;7312643;1238564;0;1203345;-91605;0;0;2350304;9662947;
1869;860040407;2019-12-31;2019;MILES;398842;1101719;4826369;482824;6809754;1686563;0;0;6766552;0;8453115;15262869;1434448;2990855;0;605162;426395;0;5456860;0;0;2114005;792098;0;2906103;8362963;250000;0;118464;4716378;0;1815064;6899906;15262869;
1870;860040407;2019-12-31;2018;MILES;123399;1039860;4616548;261589;6041396;1310602;0;0;3974825;0;5285427;11326823;872479;4532058;0;520648;179640;0;6104825;0;0;974837;308732;0;1283569;7388394;250000;0;118464;1757004;0;1812961;3938429;11326823;
1871;860400008;2019-12-31;2019;MILES;6485476;4836565;11640826;21027775;43990642;36046890;0;8715610;528084;0;45290584;89281226;20309470;2138316;0;877413;4555614;248699;28129512;168415;0;910427;0;0;1078842;29208354;3000000;0;1500000;48108814;0;7464058;60072872;89281226;
1872;860400008;2019-12-31;2018;MILES;4184435;1103308;9371610;24275109;38934462;42118212;0;8719138;291401;0;51128751;90063213;16614974;2272159;0;701777;4111995;20615;23721520;44709;0;1917605;0;0;1962314;25683834;3000000;0;1032034;43837245;0;16510100;64379379;90063213;
1873;800049458;2019-12-31;2019;MILES;1718168;715548;6944659;1428947;10807322;17290297;0;0;5397109;0;22687406;33494728;720882;13171323;0;0;349359;2323594;16565158;3895243;0;394328;0;0;4289571;20854729;2480000;0;4477389;5682610;0;0;12639999;33494728;
1874;800049458;2019-12-31;2018;MILES;811680;403859;6934664;1330670;9480873;16272287;0;0;1286672;0;17558959;27039832;2968722;14506113;0;0;0;2311963;19786798;0;0;0;0;0;0;19786798;2480000;0;1251281;3521753;0;0;7253034;27039832;
1875;901196744;2019-12-31;2019;MILES;1106175;1900862;15309184;5076295;23392516;0;0;0;0;0;0;23392516;0;14763691;0;232420;3126707;25195;18148013;0;0;0;0;0;0;18148013;300000;0;0;4944503;0;0;5244503;23392516;
1876;901196744;2019-12-31;2018;MILES;1300868;137832;2726620;3219507;7384827;0;0;0;0;0;0;7384827;0;6259774;0;355805;127905;0;6743484;0;0;0;0;0;0;6743484;300000;0;0;341343;0;0;641343;7384827;
1877;890312535;2019-12-31;2019;MILES;2269404;731314;10642207;10296138;23939063;6928995;9906074;0;-9492354;9906074;17248789;41187852;15834908;980892;0;0;240309;779369;17835478;721477;7004397;1147569;0;0;8873443;26708921;6100000;0;3194216;5184715;0;0;14478931;41187852;
1878;890312535;2019-12-31;2018;MILES;1932834;1362261;13793783;9372037;26460915;7141376;8457244;0;-8114319;8457244;15941545;42402460;15721522;3566522;0;339557;453164;376604;20457369;1173000;3501763;1366247;0;2004978;8045988;28503357;6100000;0;3194216;4604887;0;0;13899103;42402460;
1879;830015815;2019-12-31;2019;MILES;2945635;809769;1005836;15013905;19775145;83507;0;515000;11328115;0;11926622;31701767;3000000;672757;0;59018;2535;0;3734310;5443022;0;23082;0;617553;6083657;9817967;1000000;0;454114;5388310;0;15041376;21883800;31701767;
1880;830015815;2019-12-31;2018;MILES;870728;787449;361997;9132814;11152988;114195;0;515000;16334038;0;16963233;28116221;3000000;679890;0;52773;76732;0;3809395;5637609;0;67359;0;560046;6265014;10074409;1000000;0;391979;5254238;0;11395595;18041812;28116221;
1881;900307175;2019-12-31;2019;MILES;137695;697059;5108353;0;5943107;0;24961025;1300000;-24705347;24961025;26516703;32459810;0;241420;0;34332;0;0;275752;11678044;14530257;932;0;0;26209233;26484985;9125000;0;469105;-3619280;0;0;5974825;32459810;
1882;900307175;2019-12-31;2018;MILES;2851949;2108364;3167774;0;8128087;32132;25234007;1300000;-24978329;25234007;26821817;34949904;0;215135;0;67518;0;0;282653;11678044;14530257;932;0;0;26209233;26491886;9125000;0;469105;-1136087;0;0;8458018;34949904;
1883;860002122;2019-12-31;2019;MILES;75404;1530513;872238;7918840;10396995;102103780;0;0;1977346;0;104081126;114478121;2263173;5268613;0;483015;3783536;4618652;16416989;51199244;3490133;3826318;627564;208968;59352227;75769216;4300000;169;2574134;14031651;0;17802951;38708905;114478121;
1884;860002122;2019-12-31;2018;MILES;532125;1937513;1853235;8697139;13020012;78483324;0;0;9170516;0;87653840;100673852;1802122;5563861;0;533786;2463175;6475013;16837957;50417231;3490133;3826318;627564;208968;58570214;75408171;4300000;169;2574134;18391378;0;0;25265681;100673852;
1885;830107617;2019-12-31;2019;MILES;459709;1973376;6896726;8380949;17710760;22473492;236093;0;8192051;236093;31137729;48848489;11275720;9567369;0;959941;1027285;10318;22840633;0;0;0;0;1795410;1795410;24636043;37213185;56943371;628315;-70572425;0;0;24212446;48848489;
1886;830107617;2019-12-31;2018;MILES;1758288;1766684;7293354;6682410;17500736;23291057;167089;0;6656460;167089;30281695;47782431;3821373;8939771;497782;818034;1060868;0;15137828;0;0;0;0;1557829;1557829;16695657;37213185;56943371;797007;-63866789;0;0;31086774;47782431;
1887;860006853;2019-12-31;2019;MILES;2511583;6231439;46457885;45925770;101126677;97849547;0;8693256;17630;0;106560433;207687110;36143184;42510570;37000;1144924;3024362;556774;83416814;34957572;0;5041148;0;171676;40170396;123587210;1228226;40608309;35808590;6454775;0;0;84099900;207687110;
1888;860006853;2019-12-31;2018;MILES;1014155;5723666;50920457;48759571;106417849;94442787;0;8693256;1940;0;103137983;209555832;35988233;37750043;0;1100314;2594916;2197002;79630508;36433869;0;4494141;0;151330;41079340;120709848;1228226;40608309;35808590;11200859;0;0;88845984;209555832;
1889;830051740;2019-12-31;2019;MILES;899591;13746;25081474;11663400;37658211;15963319;0;0;949700;0;16913019;54571230;690584;16808801;0;0;0;0;17499385;6830187;0;0;0;0;6830187;24329572;2000000;0;2447182;19330290;0;6464186;30241658;54571230;
1890;830051740;2019-12-31;2018;MILES;1756652;2041805;25118470;11108907;40025834;15652975;0;0;476679;0;16129654;56155488;3701382;17695538;0;247368;0;389681;22033969;6209531;0;0;0;0;6209531;28243500;2000000;0;2447182;17000620;0;6464186;27911988;56155488;
1891;860037740;2019-12-31;2019;MILES;437769;1529960;13410908;9045470;24424107;3090306;0;4350516;2626183;0;10067005;34491112;11790113;482048;0;152156;799904;3478093;16702314;0;0;26018;0;0;26018;16728332;855000;4438461;1789402;10679917;0;0;17762780;34491112;
1892;860037740;2019-12-31;2018;MILES;676228;1259261;12652910;9201062;23789461;2904417;0;4371908;2534577;0;9810902;33600363;13628634;272139;0;147557;511018;1698843;16258191;0;0;119644;0;0;119644;16377835;855000;4438461;1765593;10163474;0;0;17222528;33600363;
1893;811041320;2019-12-31;2019;MILES;14438;1027382;5440330;114301;6596451;0;0;0;1010072;0;1010072;7606523;97616;231376;0;0;5405;0;334397;109572;1961627;0;0;820689;2891888;3226285;200000;0;198378;3981860;0;0;4380238;7606523;
1894;811041320;2019-12-31;2018;MILES;27337;6963837;2996706;87157;10075037;0;0;0;3254072;0;3254072;13329109;165441;8288143;0;0;14054;0;8467638;162684;8386;0;0;314335;485405;8953043;200000;0;198378;3977688;0;0;4376066;13329109;
1895;900290906;2019-12-31;2019;MILES;232;1900782;70000;0;1971014;0;0;0;0;0;0;1971014;0;3862;0;0;784;0;4646;0;1314309;0;0;2042;1316351;1320997;100000;0;95085;454932;0;0;650017;1971014;
1896;900290906;2019-12-31;2018;MILES;3513;1905485;72803;0;1981801;0;464848;0;-464848;464848;464848;2446649;0;1791025;0;0;3535;0;1794560;0;0;0;0;8847;8847;1803407;100000;0;95085;448157;0;0;643242;2446649;
1897;800087795;2019-12-31;2019;MILES;52522069;25581054;217076953;149957370;445137446;192262915;209933;0;2704389;209933;195387170;640524616;0;301656490;15288143;4217864;2181124;0;323343621;0;0;0;0;1238030;1238030;324581651;1400000;0;-2684504;152636664;0;164590805;315942965;640524616;
1898;800087795;2019-12-31;2018;MILES;77019163;21903505;265146054;143506362;507575084;174318666;132883;0;15843498;132883;190427930;698003014;0;519339310;14414189;4998943;7432465;0;546184907;0;0;0;0;8569034;8569034;554753941;1352580;0;9279385;132617108;0;0;143249073;698003014;
1899;900279269;2019-12-31;2019;MILES;16796;0;0;0;16796;0;2547169;1127125;40142073;2547169;46363536;46380332;18168;1053966;0;0;0;5998;1078132;0;0;4250892;0;0;4250892;5329024;1990165;670000;3761845;34629298;0;0;41051308;46380332;
1900;900279269;2019-12-31;2018;MILES;9636;0;0;0;9636;0;1292641;1095375;42550239;1292641;46230896;46240532;18168;971333;0;0;0;25799;1015300;0;0;4257187;0;0;4257187;5272487;1990165;670000;3403720;34904160;0;0;40968045;46240532;
1901;860033740;2019-12-31;2019;MILES;8294542;23002408;32334099;29002466;92633515;57990895;0;8322780;0;0;66313675;158947190;72757756;41491588;0;351702;3892406;222184;118715636;0;0;0;0;2737331;2737331;121452967;6000000;0;3265049;28229174;0;0;37494223;158947190;
1902;860033740;2019-12-31;2018;MILES;3625970;9400650;33157444;26037496;72221560;56649314;0;8322780;0;0;64972094;137193654;55922056;41080999;0;364479;4382923;167037;101917494;0;0;0;0;1975726;1975726;103893220;6000000;0;3265049;24035385;0;0;33300434;137193654;
1903;800150223;2019-12-31;2019;MILES;8843453;3789310;38697485;52183234;103513482;1619345;0;0;0;0;1619345;105132827;27831420;11392384;0;637944;2768779;0;42630527;0;0;0;0;0;0;42630527;753380;12034220;45264290;4450410;0;0;62502300;105132827;
1904;800150223;2019-12-31;2018;MILES;3950207;2743420;47447939;64610665;118752231;746809;0;0;0;0;746809;119499040;41605309;13119595;0;585995;2584348;0;57895247;0;0;0;0;0;0;57895247;753380;12034220;52529704;-3713511;0;0;61603793;119499040;
1905;890906119;2019-12-31;2019;MILES;9549030;507042;21406547;22616266;54078885;98362674;87410;0;4634086;87410;103171580;157250465;14105167;22503800;0;2251802;2645628;1997925;43504322;9476277;0;3591766;0;2574927;15642970;59147292;22300905;20787511;23241251;31773506;0;0;98103173;157250465;
1906;890906119;2019-12-31;2018;MILES;1474138;1829795;28301282;26111277;57716492;93329961;363805;0;4881264;363805;98938835;156655327;19508540;22989684;0;1942877;1120466;439432;46000999;25694730;0;10665109;0;257581;36617420;82618419;22212942;12079126;18703031;21041809;0;0;74036908;156655327;
1907;900067444;2019-12-31;2019;MILES;3565261;4164295;10171488;12866524;30767568;18649303;0;0;452420;0;19101723;49869291;0;1316301;0;258429;2871566;7159076;11605372;0;0;246770;885537;0;1132307;12737679;112904;0;112904;-14174952;0;51080756;37131612;49869291;
1908;900067444;2019-12-31;2018;MILES;2184474;3400147;13446460;12391930;31423011;6148447;0;0;467828;0;6616275;38039286;3536838;955581;0;285668;567184;7894359;13239630;0;0;2845676;1234799;0;4080475;17320105;112904;0;112904;-17164829;0;37658202;20719181;38039286;
1909;830036006;2019-12-31;2019;MILES;5542082;801691;13334126;4230423;23908322;4197924;0;0;599189;0;4797113;28705435;0;6244742;217291;1010247;481188;1786346;9739814;100751;0;835097;0;0;935848;10675662;102550;0;51275;13946719;0;3929229;18029773;28705435;
1910;830036006;2019-12-31;2018;MILES;2858339;1002490;13275772;3568397;20704998;2921129;0;0;822989;0;3744118;24449116;649950;5399774;201158;805584;376615;1266341;8699422;0;0;963807;0;0;963807;9663229;102550;0;51275;11808158;0;2823904;14785887;24449116;
1911;890300225;2019-12-31;2019;MILES;26302445;5326601;73651507;101534512;206815065;39096841;191184;435343;23840527;191184;63755079;270570144;18001213;62407013;4579954;4609588;12379951;1725871;103703590;21178000;3636230;2892286;0;121111;27827627;131531217;29532340;62105;75849662;33594820;0;0;139038927;270570144;
1912;890300225;2019-12-31;2018;MILES;18288044;5191118;72994226;93694154;190167542;40158927;153873;1875647;-153873;153873;42188447;232355989;17161250;62476509;4850427;4582252;13202985;510558;102783981;1852211;7272727;3140773;0;122505;12388216;115172197;29532340;62105;59800024;27789323;0;0;117183792;232355989;
1913;811034230;2019-12-31;2019;MILES;278952;710128;1893862;9163809;12046751;443693;0;0;1215897;0;1659590;13706341;193774;4261385;0;81328;268932;0;4805419;3056646;0;0;0;0;3056646;7862065;1275620;12606908;14220;-8117064;0;64592;5844276;13706341;
1914;811034230;2019-12-31;2018;MILES;252145;633673;2080066;8213588;11179472;549662;0;108000;1362533;0;2020195;13199667;43553;3890018;0;66195;187276;0;4187042;3105491;0;0;0;0;3105491;7292533;1275620;12606908;14220;-8054206;0;64592;5907134;13199667;
1915;890116102;2019-12-31;2019;MILES;6163084;18288173;41778678;4700304;70930239;1312978;0;222201;2080211;0;3615390;74545629;1034711;15321953;0;1662792;1786714;9656016;29462186;19754327;0;1552109;0;0;21306436;50768622;948699;0;474348;12853509;0;9500451;23777007;74545629;
1916;890116102;2019-12-31;2018;MILES;11205740;13238655;43886109;4081130;72411634;4507156;0;549951;2024407;0;7081514;79493148;70397;14748741;0;1771791;3244304;10288507;30123740;25135510;0;1474047;0;0;26609557;56733297;948699;0;474348;11252510;0;10084294;22759851;79493148;
1917;800021137;2019-12-31;2019;MILES;777423;17180409;8857587;1753627;28569046;214247711;9149135;20611881;-4069777;9149135;249088085;277657131;7104713;27479855;0;0;0;128943;34713511;6222114;11850140;29532579;0;13464234;61069067;95782578;5207354;6719970;43638308;126412968;0;-104047;181874553;277657131;
1918;800021137;2019-12-31;2018;MILES;127090;15325900;9889333;1089627;26431950;221310436;8926501;20763054;-4198320;8926501;255728172;282160122;5824656;24286983;0;0;0;134639;30246278;5433333;14593658;30018485;0;12452914;62498390;92744668;5207354;6719970;39521433;138070744;0;-104047;189415454;282160122;
1919;800210144;2019-12-31;2019;MILES;731941;3959482;1645251;5892568;12229242;217396209;0;1783927;53224096;0;272404232;284633474;1340507;5143331;0;0;627725;11238510;18350073;480950;0;24125730;0;16165475;40772155;59122228;683466;5180322;20863961;31890849;0;166892648;225511246;284633474;
1920;800210144;2019-12-31;2018;MILES;689591;2058976;1742734;8518303;13009604;144096787;0;1759000;74660021;0;220515808;233525412;166994;3589455;0;0;620209;9914280;14290938;619082;0;19888877;0;10012543;30520502;44811440;683466;5180322;25298127;26906273;0;130645784;188713972;233525412;
1921;890908493;2019-12-31;2019;MILES;1298143;29544199;24334854;18266100;73443296;51722914;0;0;5296992;0;57019906;130463202;37815788;27555919;0;2079533;2684491;643692;70779423;14173528;3333489;5656836;0;0;23163853;93943276;2552000;0;3044774;16633975;0;14289177;36519926;130463202;
1922;890908493;2019-12-31;2018;MILES;1633033;3760707;21157859;12714339;39265938;39895380;0;0;1039932;0;40935312;80201250;7959698;26257131;0;1869575;2719042;393462;39198908;6216333;2425918;4438013;0;0;13080264;52279172;2552000;0;2341839;15627973;0;7400266;27922078;80201250;
1923;900454187;2019-12-31;2019;MILES;5879634;871509;4897548;0;11648691;8843;0;113873000;22468;0;113904311;125553002;947528;1957302;0;85203;1414796;143573;4548402;16150133;0;11268919;0;0;27419052;31967454;197320;11331600;36011181;46045447;0;0;93585548;125553002;
1924;900454187;2019-12-31;2018;MILES;2019662;674439;4886906;0;7581007;11358;0;110365000;41399;0;110417757;117998764;199840;3047957;0;71129;1168146;9376;4496448;17036609;0;10528425;0;102;27565136;32061584;197320;11331600;36011181;38397079;0;0;85937180;117998764;
1925;800026092;2019-12-31;2019;MILES;6993147;6226655;31968059;15703971;60891832;24898059;3770452;0;-3770452;3770452;28668511;89560343;0;16880444;0;1293284;2945584;0;21119312;0;0;0;0;0;0;21119312;663700;0;1811737;60073983;0;5891611;68441031;89560343;
1926;800026092;2019-12-31;2018;MILES;419689;3447288;29539253;11837653;45243883;22510277;193832;0;-193832;193832;22704109;67947992;41528;13334002;0;942706;455600;0;14773836;0;0;0;0;0;0;14773836;663700;0;1811737;44807108;0;5891611;53174156;67947992;
1927;890312630;2019-12-31;2019;MILES;3259663;380814;25068426;18091240;46800143;17555643;0;0;9266422;0;26822065;73622208;1200473;17035902;65014;550544;1991597;195108;21038638;666146;0;2387489;0;302938;3356573;24395211;1160000;8180556;580000;31969672;0;7336769;49226997;73622208;
1928;890312630;2019-12-31;2018;MILES;940953;236263;24343771;16822818;42343805;16491915;0;0;2374448;0;18866363;61210168;2502985;16904422;82001;498632;624643;68538;20681221;1017388;0;1825364;0;224920;3067672;23748893;1160000;8180556;580000;20282202;0;7258517;37461275;61210168;
1929;900455901;2019-12-31;2019;MILES;423778;304971;6488666;1539772;8757187;2644848;2301900;0;-2036173;2301900;5212475;13969662;119507;7048590;0;29447;737649;506756;8441949;196636;4522688;0;0;0;4719324;13161273;70872;0;35436;259389;0;442692;808389;13969662;
1930;900455901;2019-12-31;2018;MILES;379163;385668;3023120;1515102;5303053;2821669;2678560;0;-2494830;2678560;5683959;10987012;0;5252118;0;105458;228130;0;5585706;0;4510556;0;0;0;4510556;10096262;70872;0;35436;341750;0;442692;890750;10987012;
1931;900596020;2019-12-31;2019;MILES;94011;7974858;51261715;0;59330584;8098858;0;0;9929708;0;18028566;77359150;18084246;11603237;1657556;4840876;3017356;2005302;41208573;600000;0;1966409;0;4738806;7305215;48513788;651000;4968847;9635;23215880;0;0;28845362;77359150;
1932;900596020;2019-12-31;2018;MILES;164848;7612677;20665583;0;28443108;8430600;0;0;10919952;0;19350552;47793660;5571859;2717893;1662950;4194205;4294782;1195354;19637043;0;0;2422704;0;6446870;8869574;28506617;651000;4968847;13490;13653706;0;0;19287043;47793660;
1933;830094751;2019-12-31;2019;MILES;12125137;6933498;23745498;4820041;47624174;36922936;0;0;58036129;0;94959065;142583239;10434364;15923305;0;0;3388595;2999716;32745980;24511159;88090661;0;0;0;112601820;145347800;500000;5908000;955787;-10128348;0;0;-2764561;142583239;
1934;830094751;2019-12-31;2018;MILES;1613595;2397619;31430686;5502904;40944804;27583589;0;0;24860833;0;52444422;93389226;11101939;15215542;0;0;1870497;2562674;30750652;13701118;38785965;255741;0;0;52742824;83493476;500000;5908000;955787;2531963;0;0;9895750;93389226;
1935;830013774;2019-12-31;2019;MILES;8405107;0;125688762;9628733;143722602;3161626;0;0;14570003;0;17731629;161454231;0;80714374;0;0;12117260;0;92831634;0;0;0;0;3757780;3757780;96589414;23446949;0;16189678;25228190;0;0;64864817;161454231;
1936;830013774;2019-12-31;2018;MILES;16089167;0;96558876;3900051;116548094;753539;0;0;14306416;0;15059955;131608049;20720;62074251;0;0;13603615;0;75698586;0;0;0;0;0;0;75698586;23446949;0;16189678;16272836;0;0;55909463;131608049;
1937;901095420;2019-12-31;2019;MILES;1855;37023;143220304;0;143259182;37578660;0;0;250852926;0;288431586;431690768;0;50058408;0;0;121275;0;50179683;0;43093300;4991474;0;0;48084774;98264457;112601;325822798;-1806075;9296987;0;0;333426311;431690768;
1938;901095420;2019-12-31;2018;MILES;1013;141;5698906;0;5700060;38447175;0;0;237101334;0;275548509;281248569;5000000;28547495;0;0;978696;0;34526191;2500000;0;2512939;0;0;5012939;39539130;101855;242608486;-2347089;1346187;0;0;241709439;281248569;
1939;900360001;2019-12-31;2019;MILES;4844263;8804674;18605689;7708182;39962808;22976770;20241598;0;-2724237;20241598;60735729;100698537;6350621;12174272;403551;2689251;4695777;265710;26579182;14977483;0;426;0;0;14977909;41557091;18706819;30136590;0;10298037;0;0;59141446;100698537;
1940;900360001;2019-12-31;2018;MILES;215795;8485984;18204037;5046554;31952370;21685673;0;0;20334214;0;42019887;73972257;4469878;7559767;340704;2626343;677951;296078;15970721;2362576;0;22800;0;0;2385376;18356097;18706819;30136590;0;6772751;0;0;55616160;73972257;
1941;890301918;2019-12-31;2019;MILES;8048828;33176614;49236505;19242702;109704649;1091678;0;0;1500473;0;2592151;112296800;0;54904855;506105;3130657;808824;0;59350441;0;0;0;0;0;0;59350441;383186;0;32751157;15902788;0;3909228;52946359;112296800;
1942;890301918;2019-12-31;2018;MILES;17160710;23069974;41631367;17643970;99506021;1007088;0;0;2217300;0;3224388;102730409;0;53047776;62000;3118448;528482;0;56756706;0;0;0;0;0;0;56756706;3330706;0;32751157;9891840;0;0;45973703;102730409;
1943;900666078;2019-12-31;2019;MILES;2950987;6083014;27324477;19832216;56190694;55682781;0;0;3706296;0;59389077;115579771;3597544;21069285;0;454033;0;658097;25778959;43950857;0;82747;0;139512;44173116;69952075;17500000;25800000;0;2327696;0;0;45627696;115579771;
1944;900666078;2019-12-31;2018;MILES;2963856;7752562;24354269;19563749;54634436;31902811;0;0;5516681;0;37419492;92053928;9545369;22029435;0;388034;0;270055;32232893;16462566;0;0;0;93511;16556077;48788970;17500000;25800000;886102;-921144;0;0;43264958;92053928;
1945;811027681;2019-12-31;2019;MILES;844639;16677938;2517961;26706923;46747461;133649;0;0;4484428;0;4618077;51365538;5946014;6081378;0;0;267954;0;12295346;9631176;13593605;0;0;11758783;34983564;47278910;200000;0;71368;3815260;0;0;4086628;51365538;
1946;811027681;2019-12-31;2018;MILES;1275468;8648848;930136;17462172;28316624;160045;0;0;9079659;0;9239704;37556328;1156378;4616023;0;0;66196;0;5838597;5602115;11953812;0;0;10423419;27979346;33817943;200000;0;71368;3467017;0;0;3738385;37556328;
1947;900268605;2019-12-31;2019;MILES;12085;2033195;39661403;7273280;48979963;1617485;0;0;1051310;0;2668795;51648758;0;56795298;0;367745;440133;0;57603176;0;31122483;0;0;0;31122483;88725659;369587;0;625880;-38072368;0;0;-37076901;51648758;
1948;900268605;2019-12-31;2018;MILES;935065;3056696;10529322;6815875;21336958;2245714;0;0;1109941;0;3355655;24692613;0;22554893;685377;642520;355274;0;24238064;0;24066095;0;0;0;24066095;48304159;369587;0;625880;-24607013;0;0;-23611546;24692613;
1949;830061561;2019-12-31;2019;MILES;914384;255499;4466455;0;5636338;227442;0;0;41412;0;268854;5905192;0;4421344;0;191534;449928;50098;5112904;0;0;0;0;0;0;5112904;138109;0;24525;629654;0;0;792288;5905192;
1950;830061561;2019-12-31;2018;MILES;1282604;692760;6407909;0;8383273;293171;0;0;264263;0;557434;8940707;0;8236071;0;123209;546080;152774;9058134;0;0;0;0;0;0;9058134;138109;0;24525;-280061;0;0;-117427;8940707;
1951;900049519;2019-12-31;2019;MILES;1283666;13947;18723145;0;20020758;630103906;6634262;11350688;1135183;6634262;655858301;675879059;24543033;1895400;0;35876;2356435;1884250;30714994;118349101;13336667;49827297;0;10481727;191994792;222709786;365530;12750375;692104;56596432;0;382764832;453169273;675879059;
1952;900049519;2019-12-31;2018;MILES;6658803;663036;7119817;0;14441656;596247820;9571573;0;-1006932;9571573;614384034;628825690;21522586;6883399;0;31230;2069845;2169857;32676917;115746560;16909092;37115335;0;13958594;183729581;216406498;100000;0;692104;47331164;0;364295924;412419192;628825690;
1953;800021599;2019-12-31;2019;MILES;804097;12745030;6978920;1424365;21952412;30923736;0;0;799440;0;31723176;53675588;14844124;6494468;0;2083801;519494;88421;24030308;0;0;3261989;0;0;3261989;27292297;1810000;0;762316;4299614;0;19511361;26383291;53675588;
1954;800021599;2019-12-31;2018;MILES;892131;10288902;6355367;4387325;21923725;30767803;0;0;1299604;0;32067407;53991132;17489615;5027440;0;1849311;526774;131007;25024147;0;0;3316998;0;0;3316998;28341145;1810000;0;699863;4660688;0;18479436;25649987;53991132;
1955;800026212;2019-12-31;2019;MILES;819680;18915335;25749243;4081693;49565951;14191999;0;0;0;0;14191999;63757950;2944667;7715872;12400;1765209;1541752;172975;14152875;0;0;0;0;0;0;14152875;12762480;41260831;1459745;-13581084;0;7703103;49605075;63757950;
1956;800026212;2019-12-31;2018;MILES;1182534;16399847;23064032;4403317;45049730;16760702;0;0;0;0;16760702;61810432;4875537;3248800;73094;1838256;2243771;232799;12512257;0;0;0;0;0;0;12512257;12762480;41260831;1114562;-13542801;0;7703103;49298175;61810432;
1957;890501073;2019-12-31;2019;MILES;7202028;118815;6052754;11275317;24648914;18998491;0;217955;98541;0;19314987;43963901;0;3189872;245000;314911;638418;72000;4460201;0;0;2960950;0;155557;3116507;7576708;4422026;8435089;2585360;20944718;0;0;36387193;43963901;
1958;890501073;2019-12-31;2018;MILES;8751855;60296;2882024;9367880;21062055;20018253;0;0;166176;0;20184429;41246484;0;1890057;16025;241369;448222;0;2595673;0;0;3216716;0;0;3216716;5812389;4422026;8435089;2585360;19991620;0;0;35434095;41246484;
1959;900641706;2019-12-31;2019;MILES;2618025;29356951;69981677;0;101956653;74903462;170834147;0;-169418504;170834147;247153252;349109905;206703;13611920;0;13891036;6439400;751917;34900976;0;202888599;237975;0;0;203126574;238027550;6501237;21298743;2805391;80476984;0;0;111082355;349109905;
1960;900641706;2019-12-31;2018;MILES;2768059;24418302;74512116;0;101698477;35766903;91740242;0;-88794630;91740242;130452757;232151234;0;7909405;0;8537312;14791333;0;31238050;0;113050474;3521293;0;0;116571767;147809817;6501237;21298743;2805391;53736046;0;0;84341417;232151234;
1961;890305202;2019-12-31;2019;MILES;573773;0;1871736;2023137;4468646;167608;0;0;0;0;167608;4636254;267190;860444;0;36735;148075;22965;1335409;0;0;0;0;0;0;1335409;1000000;0;2009320;291525;0;0;3300845;4636254;
1962;890305202;2019-12-31;2018;MILES;913222;0;1855942;2204282;4973446;148581;0;0;0;0;148581;5122027;181220;1622612;0;53436;255439;0;2112707;0;0;0;0;0;0;2112707;1000000;0;1541191;468129;0;0;3009320;5122027;
1963;900524514;2019-12-31;2019;MILES;1872960;1487825;6399541;9749632;19509958;1935552;0;0;1433928;0;3369480;22879438;0;13544734;0;229838;289067;466695;14530334;0;2457922;0;0;252600;2710522;17240856;4587200;0;288343;763039;0;0;5638582;22879438;
1964;900524514;2019-12-31;2018;MILES;1165837;590974;4514063;5222160;11493034;1209604;0;0;571062;0;1780666;13273700;0;6589647;0;153977;123720;0;6867344;0;0;0;0;0;0;6867344;4587200;0;287683;1531473;0;0;6406356;13273700;
1965;901263414;2019-12-31;2019;MILES;8463;0;635647;0;644110;10052260;0;0;157458;0;10209718;10853828;0;2773886;0;0;0;0;2773886;0;0;16355;0;0;16355;2790241;8395923;0;0;-332336;0;0;8063587;10853828;
1966;901263414;2019-12-31;2018;MILES;0;0;0;0;0;0;0;0;0;0;0;0;0;0;0;0;0;0;0;0;0;0;0;0;0;0;0;0;0;0;0;0;0;0;
1967;830076125;2019-12-31;2019;MILES;19386871;0;41290470;23394772;84072113;7549489;1734995;908;29403081;1734995;40423468;124495581;0;22148580;1691163;3162415;4079179;17389929;48471266;0;0;3711979;0;0;3711979;52183245;17348916;0;9912770;45050650;0;0;72312336;124495581;
1968;830076125;2019-12-31;2018;MILES;25518789;244598;36959950;19644665;82368002;7482004;1238208;908;41693694;1238208;51653022;134021024;0;28155299;1738045;2521467;4492677;2114090;39021578;0;0;2534156;0;0;2534156;41555734;17348916;0;9912770;65203604;0;0;92465290;134021024;
1969;891700612;2019-12-31;2019;MILES;7782378;788335;4055685;1632458;14258856;362966378;0;56776317;12827515;0;432570210;446829066;7875609;10986270;0;887031;1808250;0;21557160;45825067;0;30107819;0;16956369;92889255;114446415;9644327;0;27232534;278340197;0;17165593;332382651;446829066;
1970;891700612;2019-12-31;2018;MILES;3963749;2118893;7451851;1159572;14694065;326151651;0;53774206;29239811;0;409165668;423859733;7401427;8953724;0;784474;1562934;0;18702559;24154191;0;31474295;0;17380088;73008574;91711133;9644327;0;32427624;273317514;0;16759135;332148600;423859733;
1971;900982140;2019-12-31;2019;MILES;206365;409283;1253520;5267146;7136314;194027;0;0;155334;0;349361;7485675;4056541;2401548;0;0;56771;0;6514860;74612;355465;0;0;0;430077;6944937;10000;0;0;530738;0;0;540738;7485675;
1972;900982140;2019-12-31;2018;MILES;37780;219746;454906;4850509;5562941;240081;0;0;490937;0;731018;6293959;4121390;536980;0;0;10198;1140390;5808958;134482;277000;0;0;329734;741216;6550174;10000;0;0;-266215;0;0;-256215;6293959;
1973;830087302;2019-12-31;2019;MILES;1814149;14014784;8099721;0;23928654;0;0;1833092;9264240;0;11097332;35025986;6200000;323315;0;21202;1165122;849585;8559224;0;0;0;0;0;0;8559224;600000;17553076;310231;8003455;0;0;26466762;35025986;
1974;830087302;2019-12-31;2018;MILES;3404590;9696317;3335842;0;16436749;0;0;2281998;9352630;0;11634628;28071377;3975000;1438188;0;23947;0;182000;5619135;0;0;0;0;0;0;5619135;600000;17553076;300000;3999166;0;0;22452242;28071377;
1975;900532635;2019-12-31;2019;MILES;153;334935;71361;3800000;4206449;0;0;0;0;0;0;4206449;0;2002065;0;0;152126;82021;2236212;0;0;0;0;0;0;2236212;50000;0;0;1920237;0;0;1970237;4206449;
1976;900532635;2019-12-31;2018;MILES;1025;376980;951659;17603710;18933374;0;0;0;0;0;0;18933374;0;11002305;0;0;65145;2234302;13301752;0;0;0;0;0;0;13301752;50000;0;0;5581622;0;0;5631622;18933374;
1977;891903333;2019-12-31;2019;MILES;2194525;17759532;86122830;140674438;246751325;27778120;0;304850;522799;0;28605769;275357094;213815126;10212713;937549;955538;259986;0;226180912;8800;0;0;0;103620;112420;226293332;9087485;90580473;11685369;-62289565;0;0;49063762;275357094;
1978;891903333;2019-12-31;2018;MILES;1048994;21872663;53652309;129148287;205722253;29597946;0;342241;1336365;0;31276552;236998805;169908424;13462438;1433354;847529;670535;0;186322280;7123;0;0;0;100779;107902;186430182;9087485;90580473;13845221;-62944556;0;0;50568623;236998805;
1979;900401535;2019-12-31;2019;MILES;317;377190;534666;29893268;30805441;0;0;0;0;0;0;30805441;1089811;15536305;0;0;68101;10366471;27060688;2542893;0;0;0;0;2542893;29603581;60000;105291;12589;1023980;0;0;1201860;30805441;
1980;900401535;2019-12-31;2018;MILES;258284;302771;2694434;35889281;39144770;0;0;0;0;0;0;39144770;5400211;5620649;0;0;12604;14425963;25459427;12600493;0;0;0;0;12600493;38059920;60000;105291;12589;906970;0;0;1084850;39144770;
1981;900660636;2019-12-31;2019;MILES;1203;7313;92851704;0;92860220;1023160;0;0;0;0;1023160;93883380;1264409;92351594;0;154790;553;0;93771346;0;0;0;0;0;0;93771346;100000;0;0;12034;0;0;112034;93883380;
1982;900660636;2019-12-31;2018;MILES;5206057;794;2743505;0;7950356;1158215;0;0;0;0;1158215;9108571;1648369;7216166;0;131713;1295;0;8997543;0;0;0;0;0;0;8997543;100000;0;0;11028;0;0;111028;9108571;
1983;800206930;2019-12-31;2019;MILES;532534;2045754;2425046;2650989;7654323;4354375;0;0;150583665;0;154938040;162592363;0;18872240;0;241127;0;0;19113367;0;103827503;0;0;8701523;112529026;131642393;400000;117011976;0;-86462006;0;0;30949970;162592363;
1984;800206930;2019-12-31;2018;MILES;1025515;1994810;14105685;2691027;19817037;1945758;0;0;89757425;0;91703183;111520220;0;3151243;0;48452;0;0;3199695;0;62407779;0;0;5205667;67613446;70813141;400000;117011976;0;-76704897;0;0;40707079;111520220;
1985;800173004;2019-12-31;2019;MILES;408442;790590;3687980;5011478;9898490;1141734;0;0;0;0;1141734;11040224;870461;3966027;372608;0;38647;2820486;8068229;0;0;0;0;0;0;8068229;380000;235613;190000;2166382;0;0;2971995;11040224;
1986;800173004;2019-12-31;2018;MILES;228936;1323761;4886749;1806539;8245985;606452;0;0;0;0;606452;8852437;1028759;4627447;89488;0;3828;927786;6677308;0;0;0;0;0;0;6677308;380000;235613;190000;1369516;0;0;2175129;8852437;
1987;830105621;2019-12-31;2019;MILES;985058;419375;3533821;613254;5551508;1281631;0;0;2042616;0;3324247;8875755;906426;1430233;51317;276706;624083;0;3288765;0;0;373084;0;0;373084;3661849;576600;0;288300;3529728;0;819278;5213906;8875755;
1988;830105621;2019-12-31;2018;MILES;629948;1195418;2880181;431910;5137457;2095572;0;0;1934410;0;4029982;9167439;611640;2273584;209;185301;405309;0;3476043;0;0;535184;0;0;535184;4011227;576600;0;288300;3472034;0;819278;5156212;9167439;
1989;900058810;2019-12-31;2019;MILES;596266;184664;12381563;4790282;17952775;8183915;0;0;92364;0;8276279;26229054;1959467;8378913;0;214392;318998;0;10871770;997593;5413590;849358;0;0;7260541;18132311;300000;0;150000;7646743;0;0;8096743;26229054;
1990;900058810;2019-12-31;2018;MILES;1762375;100827;10570324;3674333;16107859;7795426;9000;1509115;57788;9000;9380329;25488188;1905381;8762428;0;182605;325858;0;11176272;1326433;5778892;1137128;0;0;8242453;19418725;300000;0;150000;5619463;0;0;6069463;25488188;
1991;900471438;2019-12-31;2019;MILES;2945292;3936103;30937708;0;37819103;687509;8164300;27989357;-8164300;8164300;36841166;74660269;900325;61009219;0;157396;22;0;62066962;2100758;3191772;746103;0;74655;6113288;68180250;110000;0;0;6370019;0;0;6480019;74660269;
1992;900471438;2019-12-31;2018;MILES;2126343;3219631;1915850;0;7261824;755727;9150000;27989357;-6286499;9150000;40758585;48020409;4351262;24066200;0;176341;78;0;28593881;10152946;3274162;746103;0;295692;14468903;43062784;110000;0;0;4847625;0;0;4957625;48020409;
1993;890917909;2019-12-31;2019;MILES;0;414;0;0;414;0;0;0;30919861;0;30919861;30920275;0;0;0;0;0;0;0;0;412977;2576848;0;0;2989825;2989825;100;0;1264;16449392;0;11479694;27930450;30920275;
1994;890917909;2019-12-31;2018;MILES;0;416;0;0;416;0;0;0;26834785;0;26834785;26835201;0;0;0;0;0;0;0;0;409826;2168340;0;0;2578166;2578166;100;0;1264;15585531;0;8670140;24257035;26835201;
1995;830063747;2019-12-31;2019;MILES;3672549;1446201;5310595;0;10429345;10519047;46634;0;5210133;46634;15822448;26251793;100064;684794;0;877114;585100;1221;2248293;11485000;0;2881468;0;0;14366468;16614761;970000;0;2760907;5906125;0;0;9637032;26251793;
1996;830063747;2019-12-31;2018;MILES;2755469;1223464;8238252;0;12217185;11071569;95574;0;5522650;95574;16785367;29002552;500070;1103424;0;1214177;459447;0;3277118;12128936;0;2677165;0;0;14806101;18083219;970000;0;2760907;7188426;0;0;10919333;29002552;
1997;900963509;2019-12-31;2019;MILES;546582;0;593140;6829063;7968785;0;0;0;20279;0;20279;7989064;2000929;1970199;0;0;161514;3338458;7471100;0;0;0;0;0;0;7471100;100000;0;0;417964;0;0;517964;7989064;
1998;900963509;2019-12-31;2018;MILES;2317660;0;20589;19576238;21914487;0;0;0;12573;0;12573;21927060;4754366;2384558;0;0;0;14694392;21833316;0;0;0;0;0;0;21833316;100000;0;0;-6256;0;0;93744;21927060;
1999;860005264;2019-12-31;2019;MILES;901938;59690869;148897148;25689980;235179935;145545469;73451755;178310121;-68853929;73451755;401905171;637085106;59093526;170477097;0;8696005;42231362;86529281;367027271;97234613;1627952;25519795;0;3198331;127580691;494607962;6208805;21689245;64047441;37851436;0;12680217;142477144;637085106;
2000;860005264;2019-12-31;2018;MILES;522064;81995680;167070464;22680318;272268526;109195746;90091532;144123191;-89822394;90091532;343679607;615948133;20062315;160808230;0;5127342;18138331;68815646;272951864;123538815;721697;26450870;0;1131333;151842715;424794579;3048805;2689245;63195798;122219706;0;0;191153554;615948133;
2001;890300546;2019-03-31;2019;MILES;71951454;1351515;168317273;95385354;337005596;327276309;1669736;0;32625913;1669736;363241694;700247290;6679954;171615595;104573437;8934923;49467801;0;341271710;62176376;0;9393567;0;37278918;108848861;450120571;3796574;0;-5045017;251375162;0;0;250126719;700247290;
2002;890300546;2019-03-31;2018;MILES;67192189;1640103;130706207;96000445;295538944;260688200;1759534;0;4847749;1759534;269055017;564593961;606822;171162638;83920325;8032241;21747334;0;285469360;9607;0;8769334;0;37497917;46276858;331746218;3796574;0;-5253201;234304370;0;0;232847743;564593961;
2003;890300546;2019-06-30;2019;MILES;50971094;1291911;166495480;124658673;343417158;330242834;1166354;0;32767124;1166354;365342666;708759824;6462718;195391246;100352782;10370386;35606525;0;348183657;60777645;0;8760433;0;36753246;106291324;454474981;3796574;0;-5590649;256078918;0;0;254284843;708759824;
2004;890300546;2019-06-30;2018;MILES;71951454;1351515;168317273;95385354;337005596;327276309;1669736;0;32625913;1669736;363241694;700247290;6679954;171615595;104573437;8934923;49467801;0;341271710;62176376;0;9393567;0;37278918;108848861;450120571;3796574;0;-5045018;251375163;0;0;250126719;700247290;
2005;890300546;2019-09-30;2019;MILES;92330162;1678499;161617175;127758326;383384162;334827665;814452;0;31738443;814452;368195012;751579174;6069876;189716883;120101002;13568373;31131433;0;360587567;59338732;0;9095550;0;36472331;104906613;465494180;3796574;0;-4846709;287135129;0;0;286084994;751579174;
2006;890300546;2019-09-30;2018;MILES;50971094;1291911;166495480;124658673;343417158;330242834;1166354;0;32767124;1166354;365342666;708759824;6462718;195391246;100352782;10370386;35606525;0;348183657;60777645;0;8760433;0;36753246;106291324;454474981;3796574;0;-5590648;256078917;0;0;254284843;708759824;
2007;890300546;2019-12-31;2019;MILES;144241735;22165;133675571;118632449;396571920;346455495;544181;0;26457097;544181;374000954;770572874;8103224;217062162;110837058;9259389;18675583;0;363937416;57954048;0;9078242;0;39418776;106451066;470388482;3796574;0;-10895976;307283794;0;0;300184392;770572874;
2008;890300546;2019-12-31;2018;MILES;92330162;1678499;161617175;127758326;383384162;334827665;814452;0;31738443;814452;368195012;751579174;6069876;189716883;120101002;13568373;31131433;0;360587567;59338732;0;9095550;0;36472331;104906613;465494180;3796574;0;-4846709;287135129;0;0;286084994;751579174;
2009;900221483;2019-12-31;2019;MILES;7386;10763;2754746;114399;2887294;4487047;52266;0;4138950;52266;8730529;11617823;0;71;0;0;42059;3307;45437;0;421631;0;0;0;421631;467068;14618000;0;2065;-3469310;0;0;11150755;11617823;
2010;900221483;2019-12-31;2018;MILES;161138;0;6132929;114399;6408466;4499069;318960;0;3650106;318960;8787095;15195561;0;296140;0;2570;0;1669;300379;1120;3823136;0;0;0;3824256;4124635;14485000;0;2065;-3416139;0;0;11070926;15195561;
2011;900791211;2019-12-31;2019;MILES;14316838;369801;20084820;0;34771459;0;0;97176173;0;0;97176173;131947632;0;10584052;0;0;62007;0;10646059;82891790;6824926;1676528;0;0;91393244;102039303;2123125;18708125;0;802891;0;8274188;29908329;131947632;
2012;900791211;2019-12-31;2018;MILES;1835779;49747;61470;0;1946996;0;0;105254343;1780952;0;107035295;108982291;0;2836639;16034;0;199143;0;3051816;73455681;10359680;0;0;0;83815361;86867177;2123125;18708125;0;-6989543;0;8273407;22115114;108982291;
2013;830130106;2019-12-31;2019;MILES;3371111;20190403;61877867;9768888;95208269;66093415;0;0;0;0;66093415;161301684;12539260;36841232;0;0;8435645;0;57816137;7108249;0;3343527;0;0;10451776;68267913;51944117;5859;14599150;26484645;0;0;93033771;161301684;
2014;830130106;2019-12-31;2018;MILES;7026887;18583512;21698836;9440108;56749343;88720861;0;0;0;0;88720861;145470204;20114078;34019525;0;0;10833236;0;64966839;6574815;0;0;0;0;6574815;71541654;43495164;10405;10011633;20411348;0;0;73928550;145470204;
2015;900261429;2019-12-31;2019;MILES;2051181;5901618;14913202;9926299;32792300;1390235;0;0;2008918;0;3399153;36191453;9338711;15049714;7465985;240143;2166060;61548;34322161;0;0;0;0;110062;110062;34432223;29901;3415636;2844216;-4530523;0;0;1759230;36191453;
2016;900261429;2019-12-31;2018;MILES;1434996;8532153;24485283;16009566;50461998;1589386;0;0;2461977;0;4051363;54513361;30000000;10301219;7577539;390897;4621146;20480;52911281;0;0;0;0;110062;110062;53021343;29901;3415636;2844216;-4797735;0;0;1492018;54513361;
2017;860069804;2019-12-31;2019;MILES;2880473;531214903;382119305;611306476;1527521157;4376203252;64401657;0;488981971;64401657;4993988537;6521509694;535559;534382281;70728601;67209546;7091243;21434165;701381395;28562214;0;694083806;0;915507263;1638153283;2339534678;180357358;0;2015445545;767674461;0;1218497652;4181975016;6521509694;
2018;860069804;2019-12-31;2018;MILES;9734466;696306111;615819483;703993899;2025853959;4374473815;57146254;0;443022615;57146254;4931788938;6957642897;652148;967309064;93677444;79472648;194710675;0;1335821979;46148047;0;756104391;0;762000784;1564253222;2900075201;180357358;0;1944868728;1943493339;0;-11151729;4057567696;6957642897;
2019;900891350;2019-12-31;2019;MILES;15501419;3988317;1652826;162014925;183157487;0;0;0;0;0;0;183157487;58392795;123489283;0;0;0;0;181882078;4303;0;149986;0;0;154289;182036367;381492;1183431;2783500;-3227303;0;0;1121120;183157487;
2020;900891350;2019-12-31;2018;MILES;36627396;4505855;584611;78934245;120652107;0;0;0;254055;0;254055;120906162;88694795;31268232;0;0;0;0;119963027;4303;0;0;0;0;4303;119967330;381492;1183431;4712483;-5338574;0;0;938832;120906162;
2021;900078163;2019-12-31;2019;MILES;869840;1299086;7853758;5838606;15861290;4053229;0;0;3518795;0;7572024;23433314;649184;14334786;0;326843;550411;0;15861224;3477803;0;0;0;0;3477803;19339027;1848810;0;229227;1969386;0;46864;4094287;23433314;
2022;900078163;2019-12-31;2018;MILES;731491;1085584;6829805;5048322;13695202;4491547;0;0;106746;0;4598293;18293495;1339076;11707110;0;269486;339120;0;13654792;649636;0;0;0;0;649636;14304428;1848810;0;229227;1869844;0;41186;3989067;18293495;
2023;900413519;2019-12-31;2019;MILES;40908353;11359018;37498936;18565813;108332120;3409154;0;0;0;0;3409154;111741274;0;55905417;468604;0;0;9471891;65845912;1652925;0;4320269;0;49940;6023134;71869046;4903785;44044065;13206828;-22282450;0;0;39872228;111741274;
2024;900413519;2019-12-31;2018;MILES;39110799;2984178;34149626;25286082;101530685;1387791;0;0;0;0;1387791;102918476;117627;55193609;570554;0;0;5050268;60932058;2514589;0;4918999;0;844459;8278047;69210105;4903785;44044065;13225071;-28464550;0;0;33708371;102918476;
2025;900089005;2019-12-31;2019;MILES;56720203;15325590;20235154;10798166;103079113;200812623;0;0;103056967;0;303869590;406948703;104794;33736449;0;2307530;2412146;57638873;96199792;0;0;0;0;52294775;52294775;148494567;42755;0;90664874;-99643326;0;267389833;258454136;406948703;
2026;900089005;2019-12-31;2018;MILES;8274067;7866805;4536486;34535766;55213124;367130297;0;0;114829840;0;481960137;537173261;234197;54410568;0;583139;1281274;59070215;115579393;232316;0;3024055;0;24601333;27857704;143437097;42755;0;94056704;85618135;0;214018570;393736164;537173261;
2027;830089099;2019-12-31;2019;MILES;1585304;1135008;1970106;10109886;14800304;178161;0;5295918;0;0;5474079;20274383;0;3169643;0;0;0;0;3169643;0;3321993;0;0;0;3321993;6491636;3445000;0;853795;5823494;0;3660458;13782747;20274383;
2028;830089099;2019-12-31;2018;MILES;184773;1182;1168960;12650531;14005446;60294;0;5290115;0;0;5350409;19355855;0;97697;0;10320;0;1228446;1336463;788611;3698505;129611;0;0;4616727;5953190;3445000;0;853795;9103870;0;0;13402665;19355855;
2029;800041007;2019-12-31;2019;MILES;8268062;9957480;15348439;25781650;59355631;15154299;0;764138;153156;0;16071593;75427224;1211420;32130059;0;1730509;0;143407;35215395;0;0;289535;0;0;289535;35504930;2300300;0;3686523;33935471;0;0;39922294;75427224;
2030;800041007;2019-12-31;2018;MILES;5317175;5230296;12737306;13512077;36796854;11091233;0;764138;143344;0;11998715;48795569;0;12420748;0;1436078;22342;456595;14335763;0;0;108299;0;0;108299;14444062;2300300;0;3137051;28914156;0;0;34351507;48795569;
2031;830126302;2019-12-31;2019;MILES;180238668;259048240;359748545;156556713;955592166;3178647957;0;0;1428126737;0;4606774694;5562366860;89410376;1189523140;113800381;57467815;94732227;0;1544933939;140907558;0;0;0;695728034;836635592;2381569531;67475211;0;5009294082;-4664961622;0;2768989658;3180797329;5562366860;
2032;830126302;2019-12-31;2018;MILES;203655018;142715596;408917427;150176063;905464104;3068879158;36613820;0;522874634;36613820;3664981432;4570445536;37271012;1473249157;41561612;46235970;5668844;0;1603986595;66385748;0;0;0;617853453;684239201;2288225796;3294010;0;4964809959;-5747135601;0;3061251372;2282219740;4570445536;
2033;900308942;2019-12-31;2019;MILES;5352;44764;30553880;0;30603996;255322;0;0;0;0;255322;30859318;2254347;22688036;0;154627;2482;0;25099492;5260143;0;0;0;0;5260143;30359635;100000;0;0;399683;0;0;499683;30859318;
2034;900308942;2019-12-31;2018;MILES;7131;50639;31478182;0;31535952;297320;0;0;2294654;0;2591974;34127926;2342752;25929618;0;204620;5835;0;28482825;0;0;0;0;5143734;5143734;33626559;100000;0;0;401367;0;0;501367;34127926;
2035;890942513;2019-12-31;2019;MILES;286601;19327956;9058389;648235;29321181;1732319;0;0;112068591;0;113800910;143122091;2761156;3999834;0;0;88656;0;6849646;47486045;15354357;0;104990;3797137;66742529;73592175;2255876;2154412;826053;29291903;0;35001672;69529916;143122091;
2036;890942513;2019-12-31;2018;MILES;573180;44381282;5342980;1501159;51798601;1809874;0;0;59639214;0;61449088;113247689;1955412;5818247;0;0;97537;0;7871196;39175122;32017948;0;90708;191294;71475072;79346268;2255876;2154412;826053;27476826;0;1188254;33901421;113247689;
2037;830012820;2019-12-31;2019;MILES;645;0;571;0;1216;159378;0;0;8040;0;167418;168634;0;325050;0;5728;16203;0;346981;0;351629;0;140000;0;491629;838610;69000;0;379307;-1118283;0;0;-669976;168634;
2038;830012820;2019-12-31;2018;MILES;650;0;697002;1096417;1794069;6430193;0;0;681500;0;7111693;8905762;0;356963;0;7660;92482;22898;480003;0;1753378;813757;141286;0;2708421;3188424;69000;0;379307;5269031;0;0;5717338;8905762;
2039;806013504;2019-12-31;2019;MILES;0;13929;522970;0;536899;0;0;0;0;0;0;536899;0;497082;0;0;9040;0;506122;0;0;0;0;0;0;506122;50000;0;15886;-35109;0;0;30777;536899;
2040;806013504;2019-12-31;2018;MILES;0;13777;442755;0;456532;0;0;0;0;0;0;456532;0;362294;0;6985;8200;0;377479;0;0;0;0;0;0;377479;50000;0;15886;13167;0;0;79053;456532;
2041;900397305;2019-12-31;2019;MILES;2356566;41704;6472879;0;8871149;7425;0;0;63508;0;70933;8942082;0;6915329;0;0;175656;34953;7125938;0;0;52329;0;0;52329;7178267;1140000;0;25963;597852;0;0;1763815;8942082;
2042;900397305;2019-12-31;2018;MILES;1826973;68282;6793067;0;8688322;9858;0;0;161046;0;170904;8859226;0;7178048;0;0;145923;38275;7362246;0;0;120826;0;0;120826;7483072;1140000;0;2836;233318;0;0;1376154;8859226;
2043;830109723;2019-12-31;2019;MILES;74662420;0;46687071;0;121349491;4291024;0;0;19328568;0;23619592;144969083;13313225;88177554;116387;2153672;1264187;622861;105647886;0;0;0;0;0;0;105647886;439453;88279714;751502;-50149472;0;0;39321197;144969083;
2044;830109723;2019-12-31;2018;MILES;53790800;0;43981120;0;97771920;5281008;0;0;13053430;0;18334438;116106358;0;104814932;1736370;4505989;51872;454515;111563678;0;0;0;0;0;0;111563678;439453;68993960;188817;-65079550;0;0;4542680;116106358;
2045;900263639;2019-12-31;2019;MILES;0;338;0;0;338;0;0;7956912;0;0;7956912;7957250;0;848938;0;0;0;0;848938;0;0;696233;0;0;696233;1545171;2000;96194;0;6313885;0;0;6412079;7957250;
2046;900263639;2019-12-31;2018;MILES;0;0;0;0;0;0;0;7956912;0;0;7956912;7956912;0;816342;0;0;31;0;816373;0;0;695485;0;0;695485;1511858;2000;96194;0;6346860;0;0;6445054;7956912;
2047;900264196;2019-12-31;2019;MILES;0;402;0;0;402;0;0;6134848;0;0;6134848;6135250;0;66152;0;0;0;0;66152;0;0;596068;0;0;596068;662220;2000;96194;0;5374836;0;0;5473030;6135250;
2048;900264196;2019-12-31;2018;MILES;0;0;0;0;0;0;0;6134848;0;0;6134848;6134848;0;49304;0;0;332;0;49636;0;0;595829;0;0;595829;645465;2000;96194;0;5391189;0;0;5489383;6134848;
2049;860041391;2019-12-31;2019;MILES;82679;0;1304;0;83983;10689073;0;0;355982;0;11045055;11129038;0;10778;0;12480;6316;0;29574;0;734441;949335;0;0;1683776;1713350;500000;0;1186592;5430021;0;2299075;9415688;11129038;
2050;860041391;2019-12-31;2018;MILES;15691;128000;544113;0;687804;10695763;0;0;3668731;0;14364494;15052298;0;10320;0;8927;20298;10895;50440;0;524539;1280308;0;0;1804847;1855287;500000;0;1186592;9211344;0;2299075;13197011;15052298;
2051;860509804;2019-12-31;2019;MILES;5686323;1603442;15294084;0;22583849;1069724;7650522;0;-5588961;7650522;10781807;33365656;98262;12882060;1597776;2028029;1427807;2523096;20557030;0;0;0;0;3567971;3567971;24125001;500000;3758933;1214747;3766975;0;0;9240655;33365656;
2052;860509804;2019-12-31;2018;MILES;3638918;1410980;21001524;0;26051422;1359638;10581924;0;-10114704;10581924;12408782;38460204;54992;19840445;338967;1520169;1170205;1115419;24040197;98888;0;0;0;2487013;2585901;26626098;500000;3758933;1214747;6360426;0;0;11834106;38460204;
2053;900132203;2019-12-31;2019;MILES;700337;14379032;5287388;1559244;21926001;434361;0;0;131974;0;566335;22492336;0;3430302;1151926;1074424;351334;0;6007986;0;862675;0;0;0;862675;6870661;7168246;0;756330;7697099;0;0;15621675;22492336;
2054;900132203;2019-12-31;2018;MILES;746399;12601347;5079855;2934014;21361615;2392998;0;0;560032;0;2953030;24314645;0;3000771;1669257;713680;992602;0;6376310;0;971980;0;0;0;971980;7348290;7168246;0;756330;9041779;0;0;16966355;24314645;
2055;830514823;2019-12-31;2019;MILES;234995;0;2214228;0;2449223;600010;0;663252;0;0;1263262;3712485;0;235657;0;1065648;191401;19105;1511811;139499;0;0;0;0;139499;1651310;309500;0;1559;1436678;0;313438;2061175;3712485;
2056;830514823;2019-12-31;2018;MILES;1143463;110;1306522;0;2450095;472764;0;349814;2522;0;825100;3275195;35595;299873;0;1334675;73676;5754;1749573;50000;0;0;0;0;50000;1799573;309500;0;1559;1164563;0;0;1475622;3275195;
2057;900202710;2019-12-31;2019;MILES;10000;0;4784036;5325119;10119155;3901140;695833;0;-271506;695833;5021300;15140455;1333186;5345011;0;114514;1072984;61233;7926928;1350070;0;19625;0;1037214;2406909;10333837;1300000;0;584290;2922328;0;0;4806618;15140455;
2058;900202710;2019-12-31;2018;MILES;575786;0;3656523;6115964;10348273;4084651;146926;0;-133752;146926;4244751;14593024;1558032;4682787;0;137049;776960;0;7154828;1722837;0;165706;0;471970;2360513;9515341;1300000;0;584290;3193393;0;0;5077683;14593024;
2059;806014553;2019-12-31;2019;MILES;1518929;4571873;22579476;89916146;118586424;17915144;2943022;18584578;-2800512;2943022;39585254;158171678;52655974;9244107;0;0;587544;0;62487625;37293707;1836046;0;4819972;0;43949725;106437350;250000;27552838;125879;21052694;0;2752917;51734328;158171678;
2060;806014553;2019-12-31;2018;MILES;2128133;5226336;26297975;85671447;119323891;21586030;3340707;15320928;-3209392;3340707;40378980;159702871;48750121;11735085;0;0;890091;0;61375297;42041546;1758748;0;4678893;0;48479187;109854484;250000;27552838;125879;19167191;0;2752479;49848387;159702871;
2061;900579611;2019-12-31;2019;MILES;1152119;3624188;26706378;37647750;69130435;13330569;0;0;139209;0;13469778;82600213;5978140;58378731;0;0;4189128;3235;68549234;5756168;0;868541;0;0;6624709;75173943;3000000;266;0;4426004;0;0;7426270;82600213;
2062;900579611;2019-12-31;2018;MILES;3375527;6031842;26057638;34086260;69551267;9865186;0;0;339447;0;10204633;79755900;2924207;62292686;0;0;2124697;1388;67342978;6823150;0;774754;0;0;7597904;74940882;3000000;266;0;1814752;0;0;4815018;79755900;
2063;805019723;2019-12-31;2019;MILES;4981710;3409440;25283363;20634120;54308633;18333572;86125;0;751945;86125;19257767;73566400;13488026;21814678;0;335074;1434559;0;37072337;0;0;0;0;1438979;1438979;38511316;23000;0;30619665;4412419;0;0;35055084;73566400;
2064;805019723;2019-12-31;2018;MILES;6829679;1936257;18794204;14074768;41634908;13765554;128805;0;819853;128805;14843017;56477925;10403870;12700165;0;429110;736739;0;24269884;0;0;0;0;1509472;1509472;25779356;23000;0;24965326;5710243;0;0;30698569;56477925;
2065;800057965;2019-12-31;2019;MILES;2668702;13785034;30588821;998062;48040619;375846;0;0;1106301;0;1482147;49522766;13657757;20461200;603224;1070204;1595195;2272858;39660438;0;0;84126;0;0;84126;39744564;2994441;0;1879747;4904014;0;0;9778202;49522766;
2066;800057965;2019-12-31;2018;MILES;1051741;5776113;26160584;4331416;37319854;687431;0;0;404442;0;1091873;38411727;5000000;16058564;1523430;1067749;1696813;3485099;28831655;0;0;157079;0;0;157079;28988734;2994441;0;1818054;4610498;0;0;9422993;38411727;
2067;900493698;2019-12-31;2019;MILES;175961197;26536189;246663370;11049762;460210518;696864066;427606548;0;-415569927;427606548;1136507235;1596717753;3121451;262118019;0;0;189815971;5960677;461016118;0;0;25256624;0;38376875;63633499;524649617;6647000;125104924;68933865;871382347;0;0;1072068136;1596717753;
2068;900493698;2019-12-31;2018;MILES;340889767;168784915;153005010;12669768;675349460;578061393;260567341;0;-260294509;260567341;838901566;1514251026;0;269420974;0;0;190933715;29969646;490324335;0;0;48100554;0;12133124;60233678;550558013;6647000;125104924;11894776;820046313;0;0;963693013;1514251026;
2069;830014239;2019-12-31;2019;MILES;545203;719361;5686164;10864315;17815043;9763424;0;4392535;811627;0;14967586;32782629;2500000;469408;0;162406;0;0;3131814;0;0;2198467;28476;13037;2239980;5371794;1200000;0;12020071;14190764;0;0;27410835;32782629;
2070;830014239;2019-12-31;2018;MILES;3261224;210066;1730269;9650344;14851903;10115811;0;4392535;730563;0;15238909;30090812;0;260577;0;138282;24223;0;423082;0;0;2135982;0;2479;2138461;2561543;1200000;0;10977213;15352056;0;0;27529269;30090812;
2071;800253307;2019-12-31;2019;MILES;301326;2556257;7591661;10493676;20942920;634736;0;0;44444;0;679180;21622100;0;6812098;223558;0;111394;20487;7167537;0;0;12895;0;353006;365901;7533438;1185690;0;592845;12310127;0;0;14088662;21622100;
2072;800253307;2019-12-31;2018;MILES;391338;3819201;7908551;12022787;24141877;345720;0;0;44757;0;390477;24532354;0;10121782;229970;0;109098;15687;10476537;0;0;63190;0;0;63190;10539727;1185690;0;592845;12214092;0;0;13992627;24532354;
2073;830089018;2019-12-31;2019;MILES;0;11477934;8633112;0;20111046;0;0;0;0;0;0;20111046;0;10955372;0;0;1204219;67518;12227109;0;0;0;0;0;0;12227109;300000;0;402371;7181566;0;0;7883937;20111046;
2074;830089018;2019-12-31;2018;MILES;206;11250018;11107412;0;22357636;0;0;0;0;0;0;22357636;0;13351306;0;0;1268451;67506;14687263;0;0;0;0;0;0;14687263;300000;0;764185;6606188;0;0;7670373;22357636;
2075;800146425;2019-12-31;2019;MILES;12936926;12214725;21857652;34912134;81921437;267277435;0;11565993;3361578;0;282205006;364126443;23266179;20850093;0;2009681;7973426;1811590;55910969;57907569;0;26573814;0;3191265;87672648;143583617;60946500;0;42528151;106974345;0;10093830;220542826;364126443;
2076;800146425;2019-12-31;2018;MILES;2644680;11635798;21775068;59586408;95641954;209523930;0;9702323;115708;0;219341961;314983915;54547;51742705;0;2737401;8013089;824156;63371898;52132580;0;15114079;0;0;67246659;130618557;60946500;0;41465864;99984786;0;-18031792;184365358;314983915;
2077;890907406;2019-12-31;2019;MILES;1466379;2896695;24618661;13878057;42859792;60945857;0;0;690277;0;61636134;104495926;10460405;15823675;1660186;1031368;1207726;229881;30413241;18652882;0;3746955;0;125342;22525179;52938420;336000;1038320;3158930;4473414;0;42550842;51557506;104495926;
2078;890907406;2019-12-31;2018;MILES;1255149;3673823;22434944;14761897;42125813;61979509;0;0;504607;0;62484116;104609929;8828725;15839841;2015204;983259;1562790;284302;29514121;18724215;0;4446402;0;1544296;24714913;54229034;336000;1038320;3865238;2828591;0;42312746;50380895;104609929;
2079;860502105;2019-12-31;2019;MILES;1472483;2522793;130596;30673887;34799759;8584763;0;0;201798656;0;210383419;245183178;53202448;43823643;218588;1638282;127277;0;99010238;154600984;0;0;0;0;154600984;253611222;1867888;0;0;-10295932;0;0;-8428044;245183178;
2080;860502105;2019-12-31;2018;MILES;2046671;2466549;11264416;32445923;48223559;9298619;0;0;46366416;0;55665035;103888594;13311074;70530706;210543;1553653;113344;0;85719320;29978944;0;0;0;0;29978944;115698264;1866888;791914;1554914;-16023386;0;0;-11809670;103888594;
2081;800134939;2019-12-31;2019;MILES;2791450;28361;37256466;0;40076277;1063025;9724393;12545785;-9458026;9724393;23599570;63675847;21613150;3527558;246093;242631;459881;206825;26296138;19551705;0;820313;0;0;20372018;46668156;5468044;0;2042695;9182562;0;314390;17007691;63675847;
2082;800134939;2019-12-31;2018;MILES;2052946;41228;30334227;0;32428401;1054389;8475689;8614478;-8091501;8475689;18528744;50957145;16805901;1512153;216641;226012;338219;233433;19332359;16885368;0;893445;0;0;17778813;37111172;5468044;0;1748235;6324848;0;304846;13845973;50957145;
2083;860515770;2019-12-31;2019;MILES;3909983;8219576;69345410;45270933;126745902;379415875;1644143;0;4037531;1644143;386741692;513487594;17068563;52888765;0;0;0;0;69957328;84420977;0;90575689;0;2667887;177664553;247621881;1033309;0;3843018;-42533505;0;303522891;265865713;513487594;
2084;860515770;2019-12-31;2018;MILES;2209615;6660967;81182674;42177881;132231137;394104264;1504089;0;592702;1504089;397705144;529936281;12956870;61554358;0;0;0;0;74511228;95816637;0;89840714;0;2649152;188306503;262817731;1033309;0;1661837;-40488743;0;304912147;267118550;529936281;
2085;860527701;2019-12-31;2019;MILES;2161350;9071048;5005785;4035554;20273737;17693577;74199;0;1417924;74199;19259899;39533636;0;15013572;0;0;559954;0;15573526;24511;1772154;2944048;0;9996938;14737651;30311177;372397;0;4447390;1445076;0;2957596;9222459;39533636;
2086;860527701;2019-12-31;2018;MILES;1336386;9350281;4247740;1919698;16854105;8326472;83292;0;1298660;83292;9791716;26645821;0;9617549;0;0;236552;0;9854101;547437;4259814;2894588;0;6185;7708024;17562125;372397;0;3798550;1823822;0;3088927;9083696;26645821;
2087;900364933;2019-12-31;2019;MILES;262581;0;132548;0;395129;0;7051285;0;4196840;7051285;18299410;18694539;0;1284;0;0;204;0;1488;0;37777662;0;0;0;37777662;37779150;100000;31718134;0;-50902745;0;0;-19084611;18694539;
2088;900364933;2019-12-31;2018;MILES;7943;0;250233;0;258176;0;7280394;0;3967731;7280394;18528519;18786695;0;105098;0;0;6218;0;111316;0;38007573;0;0;0;38007573;38118889;100000;31718134;0;-51150328;0;0;-19332194;18786695;
2089;890900104;2019-12-31;2019;MILES;113175;611366;8585693;7842926;17153160;30184647;1045;0;15019;1045;30201756;47354916;0;3024799;6748;417951;857499;182119;4489116;0;0;3744829;0;3352520;7097349;11586465;2089188;9523622;6199220;17956421;0;0;35768451;47354916;
2090;890900104;2019-12-31;2018;MILES;95265;631957;8032647;7382706;16142575;31400390;0;0;44380;0;31444770;47587345;0;2665364;0;420411;937171;129063;4152009;0;0;4077955;0;3197947;7275902;11427911;2089188;9523622;5514587;19032037;0;0;36159434;47587345;
2091;900391415;2019-12-31;2019;MILES;5893;38240019;733276;0;38979188;0;0;0;6;0;6;38979194;0;4813565;0;0;0;0;4813565;0;0;2597115;0;0;2597115;7410680;362687;5941061;102901;25161865;0;0;31568514;38979194;
2092;900391415;2019-12-31;2018;MILES;5893;38240019;646076;0;38891988;0;0;0;6;0;6;38891994;0;7011426;0;0;0;0;7011426;0;0;2597115;0;0;2597115;9608541;362687;5941061;102901;22876804;0;0;29283453;38891994;
2093;800134807;2019-12-31;2019;MILES;247905;324706;912233;1801092;3285936;9763623;0;0;0;0;9763623;13049559;933249;736967;0;0;218122;137730;2026068;949278;0;915041;0;0;1864319;3890387;200000;425000;165699;127813;0;8240660;9159172;13049559;
2094;800134807;2019-12-31;2018;MILES;374241;299471;976519;2340591;3990822;6874680;0;0;35441;0;6910121;10900943;1199131;426832;36684;0;0;106920;1769567;633258;0;618172;210869;0;1462299;3231866;200000;425000;165699;1677770;0;5200608;7669077;10900943;
2095;900475736;2019-12-31;2019;MILES;9868035;465307;545849;0;10879191;23515246;174044;0;32555859;174044;56419193;67298384;3186447;1236088;0;0;246674;0;4669209;43785431;0;0;0;0;43785431;48454640;5767860;10028400;337654;2709830;0;0;18843744;67298384;
2096;900475736;2019-12-31;2018;MILES;18577974;149510;1409507;0;20136991;19708116;11354023;0;-11354023;11354023;31062139;51199130;0;2965813;0;0;218398;853;3185064;30995966;0;0;0;0;30995966;34181030;5767860;10028400;210734;1011106;0;0;17018100;51199130;
2097;890901866;2019-12-31;2019;MILES;278062;602549;16027082;17545861;34453554;3945560;0;0;1551716;0;5497276;39950830;12568268;6070233;0;4257;648093;409564;19700415;4315111;0;932174;0;296379;5543664;25244079;189975;0;2882868;11633908;0;0;14706751;39950830;
2098;890901866;2019-12-31;2018;MILES;881559;1540414;18393785;17557680;38373438;4536594;0;0;676205;0;5212799;43586237;10908837;7762533;387903;122696;1806537;575237;21563743;7268304;0;11722;0;0;7280026;28843769;189975;0;2882868;11669625;0;0;14742468;43586237;
2099;860013711;2019-12-31;2019;MILES;3272;452575;94329;98362;648538;1610090;0;24027210;5192972;0;30830272;31478810;0;213370;0;4319;3;0;217692;16787015;863395;908866;17736;0;18577012;18794704;21200000;0;0;-8515894;0;0;12684106;31478810;
2100;860013711;2019-12-31;2018;MILES;3480;504057;93959;103236;704732;1514328;0;22720162;5355040;0;29589530;30294262;0;353608;0;0;11421;0;365029;16570849;856188;174568;261645;0;17863250;18228279;21200000;0;0;-9134017;0;0;12065983;30294262;
2101;830079872;2019-12-31;2019;MILES;1203060;687023;4473123;0;6363206;489643;0;0;659800;0;1149443;7512649;1773000;115237;0;370066;59370;687205;3004878;0;0;29657;0;0;29657;3034535;44584;0;33605;3833624;0;566301;4478114;7512649;
2102;830079872;2019-12-31;2018;MILES;2213750;495641;4877196;0;7586587;323595;0;0;0;0;323595;7910182;1092202;1522971;0;583373;121057;0;3319603;0;0;52668;0;0;52668;3372271;44584;0;33605;3893421;0;566301;4537911;7910182;
2103;811040443;2019-12-31;2019;MILES;8731811;19816300;12265735;71493580;112307426;0;0;0;7227149;0;7227149;119534575;7638153;16052222;0;0;935993;0;24626368;30117457;12307267;0;0;42456571;84881295;109507663;250000;1450000;147436;8179476;0;0;10026912;119534575;
2104;811040443;2019-12-31;2018;MILES;7176222;20377521;15319994;93018074;135891811;0;18500729;0;-13916751;18500729;23084707;158976518;12291385;23558117;0;0;741116;0;36590618;49165538;7672850;0;0;58553107;115391495;151982113;250000;1450000;147436;5146969;0;0;6994405;158976518;
2105;900707908;2019-12-31;2019;MILES;390464;130734;1373319;0;1894517;3413840;8703316;0;-8614192;8703316;12206280;14100797;287139;373924;0;0;196957;2118319;2976339;0;8152986;19292;0;0;8172278;11148617;697725;1862217;0;392238;0;0;2952180;14100797;
2106;900707908;2019-12-31;2018;MILES;287337;80971;4039408;0;4407716;645600;0;0;249666;0;895266;5302982;1234828;350395;0;0;637791;640866;2863880;0;0;0;0;0;0;2863880;697725;1862217;0;-120840;0;0;2439102;5302982;
2107;900382405;2019-12-31;2019;MILES;1493813;417848;2680158;0;4591819;237093;0;0;447975;0;685068;5276887;0;638991;313857;258222;149064;586526;1946660;0;0;0;0;184730;184730;2131390;60000;0;1656245;1429252;0;0;3145497;5276887;
2108;900382405;2019-12-31;2018;MILES;2264853;639984;740959;0;3645796;334102;0;0;51883;0;385985;4031781;0;544719;333366;287985;126578;62505;1355153;0;0;9658;0;0;9658;1364811;60000;0;1256227;1350743;0;0;2666970;4031781;
2109;900662246;2019-12-31;2019;MILES;446;45698;245355;12104826;12396325;0;0;0;0;0;0;12396325;18856;12308683;0;0;351;0;12327890;0;0;0;0;0;0;12327890;100000;0;0;-31565;0;0;68435;12396325;
2110;900662246;2019-12-31;2018;MILES;21505;46544;283662;12096327;12448038;0;0;0;0;0;0;12448038;18856;12331196;0;26134;846;0;12377032;0;0;0;0;0;0;12377032;100000;0;0;-28994;0;0;71006;12448038;
2111;830023134;2019-12-31;2019;MILES;1900521;2012834;864275;477450;5255080;366081;0;0;1113640;0;1479721;6734801;1798641;342613;11502;567979;1236749;2037798;5995282;0;0;0;0;0;0;5995282;247670;8990;0;482859;0;0;739519;6734801;
2112;830023134;2019-12-31;2018;MILES;1036176;2329942;1594349;336121;5296588;472576;0;0;365061;0;837637;6134225;848880;582010;0;1285237;1770744;835433;5322304;0;0;0;0;80244;80244;5402548;247680;8990;0;475007;0;0;731677;6134225;
2113;900158401;2019-12-31;2019;MILES;1128183;301895;10175394;1277976;12883448;3427246;0;0;365235;0;3792481;16675929;699722;4429231;681951;0;0;304517;6115421;319614;0;0;0;0;319614;6435035;4727020;0;0;5513874;0;0;10240894;16675929;
2114;900158401;2019-12-31;2018;MILES;1149764;130825;7770790;837004;9888383;2039260;0;0;157137;0;2196397;12084780;1018878;2467623;288019;0;0;79762;3854282;0;0;0;0;0;0;3854282;4727020;0;0;3503478;0;0;8230498;12084780;
2115;900181619;2019-12-31;2019;MILES;955739;1288166;1256665;0;3500570;0;1658174;0;-938490;1658174;2377858;5878428;0;2612639;0;0;9238;0;2621877;0;2150009;0;0;45713;2195722;4817599;100000;0;50000;910829;0;0;1060829;5878428;
2116;900181619;2019-12-31;2018;MILES;928169;3434167;0;0;4362336;0;669829;0;49855;669829;1389513;5751849;0;4499297;0;0;177606;0;4676903;0;0;0;0;47732;47732;4724635;100000;0;50000;877214;0;0;1027214;5751849;
2117;891401711;2019-12-31;2019;MILES;1853367;11066513;15302889;31232642;59455411;71054929;555599;0;9173924;555599;81340051;140795462;15640467;24784659;0;1459929;2602609;9275989;53763653;21158304;0;2888780;0;5942627;29989711;83753364;29310000;0;2699322;1716926;0;23315850;57042098;140795462;
2118;891401711;2019-12-31;2018;MILES;1977588;16682396;5621428;26306112;50587524;61406555;766543;0;5773769;766543;68713410;119300934;13864767;15607351;0;1411626;1423657;3147016;35454417;28461931;0;2313542;0;0;30775473;66229890;29310000;0;2301217;1307937;0;20151890;53071044;119300934;
2119;800103903;2019-12-31;2019;MILES;2411692;8584433;32736542;27249017;70981684;50626234;0;0;5932061;0;56558295;127539979;7810710;42997505;330894;0;0;4912861;56051970;5175945;9463053;4248807;0;5054918;23942723;79994693;29991357;90203865;2952621;-92101965;0;16499408;47545286;127539979;
2120;800103903;2019-12-31;2018;MILES;1113557;9345298;33414720;24400132;68273707;34796884;0;0;609875;0;35406759;103680466;1160944;46774797;0;0;0;2106496;50042237;26125311;8325925;0;0;0;34451236;84493473;29809659;71603296;2952621;-85178583;0;0;19186993;103680466;
2121;830057903;2019-12-31;2019;MILES;175383;619775;4961021;0;5756179;718219;4278791;0;97799;4278791;9373600;15129779;13376;2710139;1082408;0;1227516;301642;5335081;0;25381652;2746055;0;0;28127707;33462788;2322920;0;2729855;-23385784;0;0;-18333009;15129779;
2122;830057903;2019-12-31;2018;MILES;961935;539920;4548093;0;6049948;552043;7433984;0;-2388599;7433984;13031412;19081360;65830;2650066;953663;0;896491;292828;4858878;0;28060101;2515929;0;0;30576030;35434908;2322920;0;3110971;-21787439;0;0;-16353548;19081360;
2123;830035702;2019-12-31;2019;MILES;20692288;29286025;64305424;21417344;135701081;48299197;8490677;0;564825;8490677;65845376;201546457;0;76078739;24317971;0;11311385;15339781;127047876;0;11090400;8734840;0;0;19825240;146873116;7208200;3002586;41672565;2789990;0;0;54673341;201546457;
2124;830035702;2019-12-31;2018;MILES;14076363;44173909;105429695;9810823;173490790;41050500;11493307;0;-4421263;11493307;59615851;233106641;0;94244537;41160839;0;15251798;14981534;165638708;0;13777924;998868;0;0;14776792;180415500;7208200;3002586;34700948;7779407;0;0;52691141;233106641;
2125;811021765;2019-12-31;2019;MILES;24499026;2339;43384083;35726123;103611571;3970912;311678;0;13846712;311678;18440980;122052551;346373;29045882;0;1824894;720875;7341849;39279873;1148733;0;0;0;91072;1239805;40519678;300001;90564834;343400;-9675362;0;0;81532873;122052551;
2126;811021765;2019-12-31;2018;MILES;21055009;0;60598663;33002445;114656117;4351480;222525;0;12014535;222525;16811065;131467182;44913;123873734;0;1370432;893536;9318715;135501330;0;0;0;0;0;0;135501330;300000;4778335;343400;-9455883;0;0;-4034148;131467182;
2127;900339129;2019-12-31;2019;MILES;80333;53076;223053;267920;624382;303269;0;0;5555;0;308824;933206;41000;17187;0;28144;43113;220;129664;283346;495695;0;255273;0;1034314;1163978;300000;0;7197;-537969;0;0;-230772;933206;
2128;900339129;2019-12-31;2018;MILES;78590;66635;254575;343151;742951;328541;0;0;4824;0;333365;1076316;67771;26916;0;26108;77759;35495;234049;267295;464211;0;323565;0;1055071;1289120;300000;0;0;-512804;0;0;-212804;1076316;
2129;900448902;2019-12-31;2019;MILES;169783;164365;36170869;0;36505017;3717;0;0;0;0;3717;36508734;17368781;125098;0;15743;1649320;166921;19325863;0;0;1873227;0;0;1873227;21199090;2030000;0;7167254;6112390;0;0;15309644;36508734;
2130;900448902;2019-12-31;2018;MILES;5;85211;23339807;173822;23598845;14867;0;0;103354;0;118221;23717066;10541341;94728;0;14904;1974978;249732;12875683;0;0;1644129;0;0;1644129;14519812;2030000;0;691692;6475562;0;0;9197254;23717066;
2131;890400372;2019-12-31;2019;MILES;4433502;2913694;17341742;31790783;56479721;55510354;0;0;1873893;0;57384247;113863968;37209054;7282921;526038;1392923;0;426542;46837478;6044423;0;4091604;0;357157;10493184;57330662;1412249;5514092;21480445;3556518;0;24570002;56533306;113863968;
2132;890400372;2019-12-31;2018;MILES;13432407;0;15321418;23229093;51982918;47972194;0;0;1978870;0;49951064;101933982;23082032;8902835;445329;1761032;386021;685217;35262466;6370402;0;4173191;0;451135;10994728;46257194;1412249;5514092;17330770;6849675;0;24570002;55676788;101933982;
2133;830084106;2019-12-31;2019;MILES;634090;50301708;4363140;0;55298938;248886;0;0;5079892;0;5328778;60627716;12376816;5007915;1104681;123127;1057165;0;19669704;26476223;0;0;0;0;26476223;46145927;195512;0;9207006;5079271;0;0;14481789;60627716;
2134;830084106;2019-12-31;2018;MILES;5420589;42774882;2939852;0;51135323;49990;0;0;5166282;0;5216272;56351595;12509963;5583023;815372;105505;738760;0;19752623;22920115;0;0;0;0;22920115;42672738;195512;0;7626507;5856838;0;0;13678857;56351595;
2135;900078003;2019-12-31;2019;MILES;3459527;11085354;67924511;32351945;114821337;110661249;0;0;3281544;0;113942793;228764130;0;69962722;50250;672607;1757203;2286117;74728899;110111904;0;566778;0;19455500;130134182;204863081;27699132;0;1029245;-4827328;0;0;23901049;228764130;
2136;900078003;2019-12-31;2018;MILES;8267216;6046761;39864201;34477342;88655520;65426618;0;0;2059991;0;67486609;156142129;0;55430103;930847;602011;818174;0;57781135;64995000;0;470477;0;1890000;67355477;125136612;27699132;0;1029245;2277140;0;0;31005517;156142129;
2137;900520112;2019-12-31;2019;MILES;886749;2608278;9227792;12116521;24839340;184568105;0;0;44857294;0;229425399;254264739;12862621;11589463;0;709183;1038971;1158421;27358659;67971058;0;0;0;98011;68069069;95427728;1500000;59766084;0;-36366843;0;133937770;158837011;254264739;
2138;900520112;2019-12-31;2018;MILES;4172063;2645172;12383663;18991175;38192073;178325048;0;0;35530631;0;213855679;252047752;15635625;16192734;0;686130;651615;1244370;34410474;72818783;0;0;0;0;72818783;107229257;1500000;56007373;0;-38102740;0;125413862;144818495;252047752;
2139;900484906;2019-12-31;2019;MILES;623996;2994332;7070306;6768206;17456840;165350365;0;0;19478540;0;184828905;202285745;12116049;12971869;0;1290599;0;1407387;27785904;61968840;0;0;0;2055911;64024751;91810655;5965269;120569127;0;-16059306;0;0;110475090;202285745;
2140;900484906;2019-12-31;2018;MILES;921748;3898537;19394212;5523879;29738376;170555779;0;0;17494874;0;188050653;217789029;8342819;19700561;0;1236325;28572;2919912;32228189;76486017;0;0;0;0;76486017;108714206;5965269;120569127;-2825276;-14634297;0;0;109074823;217789029;
2141;860003216;2019-12-31;2019;MILES;26805090;17127181;305519669;121942567;471394507;174816748;5736867;0;3192893;5736867;189483375;660877882;0;300358668;0;17847746;6933870;0;325140284;0;0;0;4593724;8758849;13352573;338492857;26923689;12836;206453147;77160521;0;11834832;322385025;660877882;
2142;860003216;2019-12-31;2018;MILES;24236907;8692135;234208807;95158255;362296104;165849896;6220561;0;1553089;6220561;179844107;542140211;7000000;197104279;0;16042853;5060434;0;225207566;0;0;0;0;6509897;6509897;231717463;26923689;12836;191238058;80413333;0;11834832;310422748;542140211;
2143;900425115;2019-12-31;2019;MILES;74301;859505;1956232;682378;3572416;1402214;72481;0;-43687;72481;1503489;5075905;359441;2316261;0;105200;6560;55863;2843325;1355051;4635060;108396;0;0;6098507;8941832;450000;157198;90137;-4563262;0;0;-3865927;5075905;
2144;900425115;2019-12-31;2018;MILES;15395;721754;4909402;4379270;10025821;1808986;23924;0;35425;23924;1892259;11918080;3140738;5230797;0;0;116006;170384;8657925;798294;100000;145915;0;0;1044209;9702134;450000;157198;90137;1518611;0;0;2215946;11918080;
2145;900380814;2019-12-31;2019;MILES;1067398;1781072;1150160;2299788;6298418;888207;0;0;2277660;0;3165867;9464285;663628;4867226;0;143430;0;324;5674608;370779;0;0;0;0;370779;6045387;1744329;5517464;0;-3842895;0;0;3418898;9464285;
2146;900380814;2019-12-31;2018;MILES;380517;1564713;1325305;4704994;7975529;1098731;0;0;515148;0;1613879;9589408;11331;3343107;0;178307;0;452713;3985458;0;0;0;0;0;0;3985458;1744329;5517464;0;-1657843;0;0;5603950;9589408;
2147;901121903;2019-12-31;2019;MILES;4030;492705;93853;0;590588;5407;0;0;50784407;0;50789814;51380402;0;3327237;0;28193;209513;0;3564943;0;0;0;0;0;0;3564943;1500000;0;0;-1600227;0;47915686;47815459;51380402;
2148;901121903;2019-12-31;2018;MILES;1517;426287;289947;0;717751;7365;0;0;49259845;0;49267210;49984961;0;1677377;0;26533;53088;0;1756998;0;0;0;0;0;0;1756998;1500000;0;0;-1187723;0;47915686;48227963;49984961;
2149;900365205;2019-12-31;2019;MILES;7319292;5917067;3734071;42170926;59141356;24613651;0;717855;58107301;0;83438807;142580163;22035527;14990005;0;1769212;3344950;176955;42316649;47999158;0;0;0;1497729;49496887;91813536;72075820;16962124;0;-38360554;0;89237;50766627;142580163;
2150;900365205;2019-12-31;2018;MILES;6490526;2937211;3079038;37807220;50313995;21218481;0;717855;13377286;0;35313622;85627617;8613703;17606398;0;1301427;1398923;98017;29018468;232680;0;0;0;1037770;1270450;30288918;72075820;16962124;0;-33788482;0;89237;55338699;85627617;
2151;900271428;2019-12-31;2019;MILES;372556;1666240;1526295;1398494;4963585;37401133;839765;0;-375581;839765;38705082;43668667;620913;13548915;0;0;709421;4807949;19687198;11739185;7945429;0;0;0;19684614;39371812;21600000;20000000;44138;-37347283;0;0;4296855;43668667;
2152;900271428;2019-12-31;2018;MILES;1102383;3404643;2146481;1809020;8462527;39903855;777201;0;-777201;777201;40681056;49143583;56619;31002996;0;0;1139325;4839121;37038061;13647207;7262485;310741;0;0;21220433;58258494;20600000;0;44138;-29759049;0;0;-9114911;49143583;
2153;900444531;2019-12-31;2019;MILES;3998201;1749755;49327531;17414412;72489899;37862259;0;0;109692;0;37971951;110461850;11950482;52391019;0;1047739;375446;0;65764686;14419416;0;0;0;0;14419416;80184102;415801;6514765;100000;23247182;0;0;30277748;110461850;
2154;900444531;2019-12-31;2018;MILES;3045608;2079584;38724154;23646028;67495374;41879911;0;0;32366;0;41912277;109407651;16200000;50475686;0;1011557;411755;0;68098998;14298900;0;0;0;0;14298900;82397898;415801;6514765;100000;19979187;0;0;27009753;109407651;
2155;890318329;2019-12-31;2019;MILES;11927582;6305202;10301093;23068404;51602281;8976489;153025;0;740521;153025;10023060;61625341;16042105;4500190;0;501038;439917;7282049;28765299;0;0;808452;0;0;808452;29573751;3012000;0;3129308;25910282;0;0;32051590;61625341;
2156;890318329;2019-12-31;2018;MILES;5903963;2950267;17583468;13933599;40371297;8658970;85368;0;822666;85368;9652372;50023669;11085409;3579179;0;344887;1546096;2126134;18681705;0;0;838756;0;0;838756;19520461;3012000;0;2904308;24586900;0;0;30503208;50023669;
2157;891411213;2019-12-31;2019;MILES;3896455;0;4866224;5706416;14469095;7302200;0;915867;1217447;0;9435514;23904609;5264382;2119703;147991;0;543481;568888;8644445;1393014;0;1238033;0;0;2631047;11275492;500000;1699681;260817;8544484;0;1624135;12629117;23904609;
2158;891411213;2019-12-31;2018;MILES;1425369;0;3860502;5586394;10872265;7976652;0;2255196;1329864;0;11561712;22433977;6247429;1995488;133070;0;364831;589572;9330390;1028857;0;1333541;0;0;2362398;11692788;500000;1699681;236192;8305316;0;0;10741189;22433977;
2159;900432394;2019-12-31;2019;MILES;5498804;878604;3184231;37700963;47262602;423589;0;0;1731777;0;2155366;49417968;8564670;1022369;0;120967;3657;0;9711663;0;7365883;0;0;15150823;22516706;32228369;5000000;0;12459647;-270048;0;0;17189599;49417968;
2160;900432394;2019-12-31;2018;MILES;2075572;368588;5344545;18756968;26545673;199705;0;0;1459512;0;1659217;28204890;38;55239;0;73234;99218;0;227729;0;5169245;0;0;5656012;10825257;11052986;5000000;0;12844625;-692721;0;0;17151904;28204890;
2161;900574532;2019-12-31;2019;MILES;61317;13765469;1769797;0;15596583;73769134;0;0;117953;0;73887087;89483670;0;629582;0;0;283121;939361;1852064;0;1778944;6366033;82595;994068;9221640;11073704;19396000;0;46659;4139867;0;54827440;78409966;89483670;
2162;900574532;2019-12-31;2018;MILES;40639;13496514;1378771;0;14915924;73812768;0;0;106927;0;73919695;88835619;0;1778944;0;0;82595;11169888;13031427;0;953199;6388095;51804;313874;7706972;20738399;16874000;0;46659;4025182;0;47151379;68097220;88835619;
2163;900733705;2019-12-31;2019;MILES;5201;0;746834;0;752035;239767;0;0;0;0;239767;991802;0;565777;0;0;0;0;565777;840618;0;0;0;0;840618;1406395;300000;0;36878;-751471;0;0;-414593;991802;
2164;900733705;2019-12-31;2018;MILES;6757;0;963454;19975;990186;239767;0;0;514402;0;754169;1744355;0;660018;0;0;0;0;660018;840618;0;0;0;0;840618;1500636;300000;0;36878;-93159;0;0;243719;1744355;
2165;830000853;2019-12-31;2019;MILES;27341231;681876;6221;0;28029328;3244551;0;0;0;0;3244551;31273879;0;243108;0;1250770;84992;0;1578870;0;0;903614;0;0;903614;2482484;20255849;0;5569978;2965568;0;0;28791395;31273879;
2166;830000853;2019-12-31;2018;MILES;32562713;835202;18410;0;33416325;3244551;0;0;0;0;3244551;36660876;0;234566;0;1210153;0;0;1444719;0;0;969982;0;0;969982;2414701;20255849;0;5569978;8420348;0;0;34246175;36660876;
2167;860013715;2019-12-31;2019;MILES;1137261;2996013;7209162;6861179;18203615;9793211;0;0;119691;0;9912902;28116517;56117;5343205;158547;184785;926446;2485083;9154183;4338541;5905340;0;0;0;10243881;19398064;600000;0;1600000;3393550;0;3124903;8718453;28116517;
2168;860013715;2019-12-31;2018;MILES;1014605;2571014;7535654;5064711;16185984;7603389;0;0;257871;0;7861260;24047244;33756;6425272;36137;124778;280101;34365;6934409;4387518;4913059;0;0;0;9300577;16234986;600000;0;1015981;2624657;0;3571620;7812258;24047244;
2169;900773646;2019-12-31;2019;MILES;3191;147760;25423418;0;25574369;0;0;0;0;0;0;25574369;3641205;20754130;0;20141;5729;0;24421205;0;0;0;0;0;0;24421205;100000;0;0;1053164;0;0;1153164;25574369;
2170;900773646;2019-12-31;2018;MILES;1142789;161183;8218532;0;9522504;0;0;0;10069;0;10069;9532573;5291479;3054181;0;15925;13529;0;8375114;0;0;0;0;0;0;8375114;100000;0;0;1057459;0;0;1157459;9532573;
2171;900221209;2019-12-31;2019;MILES;614275;946392;22347676;214812;24123155;30334899;0;0;1145322;0;31480221;55603376;2163464;49786858;0;0;118889;0;52069211;2251768;0;1030987;0;0;3282755;55351966;8966022;51151130;81876;-59947618;0;0;251410;55603376;
2172;900221209;2019-12-31;2018;MILES;1128321;895883;34426791;431404;36882399;31675448;17670431;0;-16180988;17670431;50835322;87717721;1103704;49084308;0;0;0;0;50188012;32725820;0;1276168;932056;0;34934044;85122056;8966022;51151130;81876;-57603363;0;0;2595665;87717721;
2173;830038753;2019-12-31;2019;MILES;912712;6430250;1727696;958493;10029151;8217969;0;0;205886;0;8423855;18453006;0;1930735;136021;583414;511252;36524;3197946;0;142801;704913;0;224333;1072047;4269993;2661667;0;2055776;9465570;0;0;14183013;18453006;
2174;830038753;2019-12-31;2018;MILES;839088;6348276;1229038;972353;9388755;7953603;0;0;116205;0;8069808;17458563;0;1444889;28525;620297;497917;40972;2632600;0;0;656024;0;248057;904081;3536681;2661667;0;1803914;9456301;0;0;13921882;17458563;
2175;804016124;2019-12-31;2019;MILES;202338;799608;2164943;621944;3788833;4417435;0;0;32007;0;4449442;8238275;0;1378634;0;114713;101847;138;1595332;0;0;373402;0;0;373402;1968734;1416720;1000000;1263703;1815949;0;773169;6269541;8238275;
2176;804016124;2019-12-31;2018;MILES;426896;778180;2205664;633833;4044573;4566512;0;0;61702;0;4628214;8672787;0;1096152;0;112892;149076;200206;1558326;0;0;488781;0;0;488781;2047107;1416720;1000000;1263703;2172477;0;772780;6625680;8672787;
2177;890940122;2019-12-31;2019;MILES;3113920;4723992;64935117;63472834;136245863;3845203;0;0;35388113;0;39233316;175479179;48949537;30014194;305433;0;3459659;476840;83205663;69974297;0;118391;0;0;70092688;153298351;1000;2399500;500;19779828;0;0;22180828;175479179;
2178;890940122;2019-12-31;2018;MILES;4971690;5680759;47297739;55949044;113899232;5574139;0;0;1642464;0;7216603;121115835;42806577;14068144;1756495;0;1617228;448194;60696638;26712406;0;433725;0;0;27146131;87842769;1000;2399500;500;30872066;0;0;33273066;121115835;
2179;900741460;2019-12-31;2019;MILES;28256843;2207601;2390160;0;32854604;110453;0;0;14474427;0;14584880;47439484;1218;2911166;0;0;2278385;309828;5500597;7752249;0;719583;0;0;8471832;13972429;1630000;8636069;32638564;-9437578;0;0;33467055;47439484;
2180;900741460;2019-12-31;2018;MILES;875604;806306;1784081;0;3465991;146791;0;75197394;1251125;0;76595310;80061301;0;3880622;0;63890;127700;33130352;37202564;7213449;0;3976035;0;0;11189484;48392048;211000;8636069;32638564;-9816380;0;0;31669253;80061301;
2181;900618552;2019-12-31;2019;MILES;245267;62399;590839;0;898505;0;0;0;0;0;0;898505;0;979;0;0;187273;0;188252;0;0;0;0;0;0;188252;20000;0;0;690253;0;0;710253;898505;
2182;900618552;2019-12-31;2018;MILES;626697;295382;324799;22628;1269506;16147;0;0;5023;0;21170;1290676;0;996647;0;84771;103078;0;1184496;0;0;0;0;0;0;1184496;20000;0;0;86180;0;0;106180;1290676;
2183;860034812;2019-12-31;2019;MILES;1101966;1662939;29395175;11541482;43701562;35598603;0;0;307539;0;35906142;79607704;3845000;27671447;0;1103562;1597342;32224;34249575;0;0;3266334;0;145858;3412192;37661767;1232500;0;16213575;24499862;0;0;41945937;79607704;
2184;860034812;2019-12-31;2018;MILES;3179690;2099661;28935470;10440341;44655162;23378953;0;0;523359;0;23902312;68557474;894805;24939262;0;901235;1606232;32412;28373946;0;0;3472720;0;199064;3671784;32045730;1232500;0;16532370;18746874;0;0;36511744;68557474;
2185;860042155;2019-12-31;2019;MILES;7713564;0;12559687;4827311;25100562;4727243;0;0;18248;0;4745491;29846053;0;6915537;0;0;1191624;191756;8298917;0;0;609407;0;0;609407;8908324;330000;0;165000;20442729;0;0;20937729;29846053;
2186;860042155;2019-12-31;2018;MILES;5904923;0;10004788;4221572;20131283;5809191;0;0;3113;0;5812304;25943587;0;7760199;0;0;797591;129169;8686959;0;0;1014143;0;0;1014143;9701102;330000;0;165000;15747485;0;0;16242485;25943587;
2187;800164590;2019-12-31;2019;MILES;8523817;2251061;19943610;11970987;42689475;26723491;0;0;30642;0;26754133;69443608;1319511;15851997;0;1048133;1888727;885346;20993714;2226000;0;52223;0;762554;3040777;24034491;28045688;0;8782307;8581122;0;0;45409117;69443608;
2188;800164590;2019-12-31;2018;MILES;6216598;2373826;16191645;17246493;42028562;24556379;0;0;21869;0;24578248;66606810;777127;22258198;0;802480;830986;843501;25512292;791494;0;435757;0;948162;2175413;27687705;28045688;0;3840153;7033264;0;0;38919105;66606810;
2189;900780646;2019-12-31;2019;MILES;379371;637866;7592790;20764598;29374625;1499065;17716510;0;-17716510;17716510;19215575;48590200;7150535;18424212;0;72448;6284;0;25653479;16684582;0;0;0;6094741;22779323;48432802;100000;0;0;57398;0;0;157398;48590200;
2190;900780646;2019-12-31;2018;MILES;310388;7219;10000000;19808619;30126226;1638450;0;0;0;0;1638450;31764676;2632439;18199822;0;30013;6534;0;20868808;6142357;0;0;0;4607678;10750035;31618843;100000;0;0;45833;0;0;145833;31764676;
2191;830062040;2019-12-31;2019;MILES;5178487;3255806;389996;0;8824289;27686;0;0;33944;0;61630;8885919;0;231115;0;0;134459;16291;381865;0;0;0;0;31250;31250;413115;6823592;0;728659;920553;0;0;8472804;8885919;
2192;830062040;2019-12-31;2018;MILES;4715416;3304147;304234;0;8323797;16285;0;0;7099;0;23384;8347181;0;289570;0;0;33836;309;323715;0;0;0;0;31250;31250;354965;6823592;0;640950;527674;0;0;7992216;8347181;
2193;800163827;2019-12-31;2019;MILES;2746624;3291278;11104668;0;17142570;1280478;0;0;437145;0;1717623;18860193;0;5193238;2734061;522974;485817;0;8936090;0;24011;0;0;147933;171944;9108034;3764596;3621936;0;2365627;0;0;9752159;18860193;
2194;800163827;2019-12-31;2018;MILES;349325;8411164;11458756;0;20219245;1235179;0;0;581089;0;1816268;22035513;3232;10275360;611935;592646;1356149;0;12839322;0;0;4647;0;152864;157511;12996833;3764596;29444868;0;-24170784;0;0;9038680;22035513;
2195;900518709;2019-12-31;2019;MILES;30370;103071;301890;0;435331;140000;0;0;11200000;0;11340000;11775331;482833;0;0;0;15511;0;498344;11169900;0;0;0;0;11169900;11668244;30000;0;18741;58346;0;0;107087;11775331;
2196;900518709;2019-12-31;2018;MILES;30369;65909;0;143897;240175;150000;0;0;11200000;0;11350000;11590175;324152;0;0;0;6079;0;330231;8924428;0;0;0;0;8924428;9254659;30000;0;18741;2286775;0;0;2335516;11590175;
2197;830011616;2019-12-31;2019;MILES;1918979;1662471;5003407;14769040;23353897;10815550;0;0;163349;0;10978899;34332796;13875528;5727158;0;0;0;0;19602686;54063;8101224;0;0;0;8155287;27757973;1789403;0;948339;3837081;0;0;6574823;34332796;
2198;830011616;2019-12-31;2018;MILES;2302090;0;4460204;12163700;18925994;3052118;0;0;22716;0;3074834;22000828;9979452;5008127;0;0;0;0;14987579;148720;0;4348;0;1500000;1653068;16640647;1789403;0;948339;2622439;0;0;5360181;22000828;
2199;900453688;2019-12-31;2019;MILES;68584132;54088976;43143194;8155179;173971481;30074244;0;0;360466752;0;390540996;564512477;1873977;19670573;12664269;6372958;0;1009488;41591265;338577573;149184908;2577760;0;0;490340241;531931506;10630000;34773220;11972347;-24794596;0;0;32580971;564512477;
2200;900453688;2019-12-31;2018;MILES;43408408;49158787;27150884;5737620;125455699;5070379;0;0;400587304;0;405657683;531113382;0;9281194;11438754;6771987;0;904286;28396221;325727518;154311713;0;0;0;480039231;508435452;10630000;34773220;13768243;-36493533;0;0;22677930;531113382;
2201;900854841;2019-12-31;2019;MILES;526466;143357;5652645;0;6322468;8133291;18270892;0;-3368710;18270892;41306365;47628833;6117349;2044410;0;0;275945;502;8438206;13227326;4378070;1385783;0;0;18991179;27429385;1256164;12119010;1777555;539788;0;4506931;20199448;47628833;
2202;900854841;2019-12-31;2018;MILES;446002;87228;6105756;0;6638986;17444678;0;0;13938522;0;31383200;38022186;6601898;2068769;4257;0;470703;1133;9146760;11485346;0;640864;0;0;12126210;21272970;1256164;12119010;272394;1505161;0;1596487;16749216;38022186;
2203;805026621;2019-12-31;2019;MILES;19123556;134934;10131585;21137484;50527559;909814;0;0;7348670;0;8258484;58786043;0;718188;0;182024;630010;199876;1730098;38396340;7696028;41888;16915501;4569404;67619161;69349259;6284530;0;1784479;-18632225;0;0;-10563216;58786043;
2204;805026621;2019-12-31;2018;MILES;29732893;97866;3241717;19978503;53050979;914480;0;0;6744466;0;7658946;60709925;0;773599;0;169748;932579;189202;2065128;38396340;7696028;41888;16915501;4612081;67661838;69726966;6284530;0;1784479;-17086050;0;0;-9017041;60709925;
2205;860516431;2019-12-31;2019;MILES;5796000;221543000;59407000;36956000;323702000;2885649000;240784000;0;-47209000;240784000;3320008000;3643710000;4439000;367597000;13377000;13410000;0;0;398823000;874000;479252000;118055000;0;118757000;716938000;1115761000;147000;0;44868000;390118000;0;2092816000;2527949000;3643710000;
2206;860516431;2019-12-31;2018;MILES;7821000;2826000;60486000;33492000;104625000;2767759000;131546000;0;312521000;131546000;3343372000;3447997000;198000;307386000;5699000;14740000;23525000;0;351548000;278000;13215000;126509000;0;124585000;264587000;616135000;147000;0;111540000;278263000;0;2441912000;2831862000;3447997000;
2207;900931305;2019-12-31;2019;MILES;2249236;8453618;79552763;38552814;128808431;55195973;21416817;0;-14073571;21416817;83956036;212764467;39976429;33361267;1951583;8799601;0;25217143;109306023;73659526;0;0;0;35247;73694773;183000796;15820000;19169442;-172414;-5053357;0;0;29763671;212764467;
2208;900931305;2019-12-31;2018;MILES;6085744;14661007;81051991;18311012;120109754;38756878;13904926;0;-8517848;13904926;58048882;178158636;12865661;30366626;2361354;8407917;121749;14714759;68838066;71494500;0;0;0;83174;71577674;140415740;15820000;19169442;-100346;2853800;0;0;37742896;178158636;
2209;817002584;2019-12-31;2019;MILES;1298536;51122;14573307;5183470;21106435;16686533;173376;0;21741480;173376;38774765;59881200;0;6725714;0;0;2109615;233112;9068441;0;0;2682988;0;0;2682988;11751429;2350000;0;1175086;41457586;0;3147099;48129771;59881200;
2210;817002584;2019-12-31;2018;MILES;1724985;48535;21047535;5365686;28186741;16818022;167188;0;10511961;167188;27664359;55851100;0;8953497;0;0;2320836;204251;11478584;0;0;2574121;0;0;2574121;14052705;2350000;0;1175086;35126210;0;3147099;41798395;55851100;
2211;900948906;2019-12-31;2019;MILES;415109;299435;10845;113688;839077;25928;0;0;5387;0;31315;870392;0;85162;0;30475;175257;31828;322722;0;4906741;0;0;0;4906741;5229463;19315;0;0;-4378386;0;0;-4359071;870392;
2212;900948906;2019-12-31;2018;MILES;38578;248434;36153;332229;655394;641051;0;0;210215;0;851266;1506660;0;78892;0;81464;136457;9238;306051;0;5108681;0;0;0;5108681;5414732;19315;0;0;-3927387;0;0;-3908072;1506660;
2213;800203210;2019-12-31;2019;MILES;305600;85512;7569833;0;7960945;4595372;586734;0;-576734;586734;5192106;13153051;1439791;345903;0;98936;266635;0;2151265;0;3675500;60103;0;0;3735603;5886868;950000;10578224;33095;-4295136;0;0;7266183;13153051;
2214;800203210;2019-12-31;2018;MILES;27670;166970;7123877;0;7318517;4497664;83960;0;1426040;83960;6091624;13410141;1772242;480401;0;86214;7911;0;2346768;0;4029453;236079;0;0;4265532;6612300;950000;10578224;33095;-4763478;0;0;6797841;13410141;
2215;900261909;2019-12-31;2019;MILES;5379;1004818;257918;102624;1370739;900724;0;0;0;0;900724;2271463;0;3433719;61349;0;0;331007;3826075;1044550;2364547;0;0;0;3409097;7235172;1110877;1466878;0;-7581767;0;40303;-4963709;2271463;
2216;900261909;2019-12-31;2018;MILES;416349;3932233;4188270;128743;8665595;2212734;0;0;51565;0;2264299;10929894;806979;6524864;91376;0;0;1372992;8796211;1528591;3661570;0;0;0;5190161;13986372;1110877;1466878;0;-5634233;0;0;-3056478;10929894;
2217;900060509;2019-12-31;2019;MILES;329623;662931;899456;175681;2067691;16206950;0;0;6064089;0;22271039;24338730;0;635838;0;29445;0;0;665283;195746;1941701;272117;0;149217;2558781;3224064;40971970;0;83311;-19940615;0;0;21114666;24338730;
2218;900060509;2019-12-31;2018;MILES;672080;1369426;1615638;731362;4388506;16164713;2528;0;14537265;2528;30707034;35095540;0;1439864;0;798164;283524;149219;2670771;1017243;2559696;208641;0;0;3785580;6456351;34731330;0;63520;-6155661;0;0;28639189;35095540;
2219;816006016;2019-12-31;2019;MILES;636930;2276666;9337097;2927982;15178675;28448535;0;0;3867429;0;32315964;47494639;12243;9112044;0;0;2713523;789013;12626823;14047292;11673490;4525998;0;0;30246780;42873603;2800000;0;124586;283062;0;1413388;4621036;47494639;
2220;816006016;2019-12-31;2018;MILES;330539;1920788;7189451;2939058;12379836;15957654;0;0;34668;0;15992322;28372158;0;8686142;0;0;2489388;326150;11501680;12388898;1585836;985778;0;0;14960512;26462192;2800000;0;124586;-2428008;0;1413388;1909966;28372158;
2221;901163681;2019-12-31;2019;MILES;585338;0;4835940;2132682;7553960;0;0;0;0;0;0;7553960;0;500720;0;15868;165115;31642;713345;0;6100473;0;0;0;6100473;6813818;150000;0;25279;443353;0;121510;740142;7553960;
2222;901163681;2019-12-31;2018;MILES;431032;0;1466097;3949776;5846905;0;0;0;0;0;0;5846905;0;1385469;0;6628;83831;0;1475928;0;3968188;0;0;0;3968188;5444116;150000;0;0;252789;0;0;402789;5846905;
2223;890317417;2019-12-31;2019;MILES;3023910;25565;9178953;16419766;28648194;8296536;0;0;681743;0;8978279;37626473;9440689;6622658;0;0;59012;372891;16495250;613252;3343911;1665705;0;0;5622868;22118118;400000;0;6018985;7980346;0;1109024;15508355;37626473;
2224;890317417;2019-12-31;2018;MILES;984370;32864;18609982;15730193;35357409;8544562;0;0;802334;0;9346896;44704305;6456651;11405299;0;0;477082;382657;18721689;1909976;2800885;1589024;0;0;6299885;25021574;400000;0;5747952;12425755;0;1109024;19682731;44704305;
2225;890321936;2019-12-31;2019;MILES;34055694;4249285;50451313;0;88756292;0;0;0;38028315;0;38028315;126784607;700149;3837167;164097;0;10947576;513058;16162047;0;0;3002113;0;0;3002113;19164160;2400000;0;4941308;90790823;0;9488316;107620447;126784607;
2226;890321936;2019-12-31;2018;MILES;23914780;2320364;3802637;0;30037781;135266;0;143376625;23020042;0;166531933;196569714;771899;7022331;279031;138108;356655;73252559;81820583;0;0;12927743;0;0;12927743;94748326;2400000;0;36642542;53290530;0;9488316;101821388;196569714;
2227;801003052;2019-12-31;2019;MILES;1157323;886662;927902;362101;3333988;23563807;143045;0;1191470;143045;25041367;28375355;0;5019459;0;973074;515793;0;6508326;0;0;686138;0;0;686138;7194464;7500000;14140000;3362191;-3821300;0;0;21180891;28375355;
2228;801003052;2019-12-31;2018;MILES;184879;1543624;1301709;321016;3351228;24855463;146658;0;1855115;146658;27003894;30355122;677176;2737845;0;1183208;539500;0;5137729;1944444;0;655843;0;0;2600287;7738016;7500000;14140000;3362191;-2385085;0;0;22617106;30355122;
2229;900327909;2019-12-31;2019;MILES;327033;662020;2965471;363513;4318037;28940270;1293996;0;15016272;1293996;46544534;50862571;242953;1531150;0;797215;0;25306;2596624;112294;6003396;440639;0;0;6556329;9152953;42222100;0;72395;-584877;0;0;41709618;50862571;
2230;900327909;2019-12-31;2018;MILES;2413567;753484;1216255;287062;4670368;28423772;2848346;0;14140784;2848346;48261248;52931616;0;1094254;0;720619;308889;25306;2149068;0;8746349;424625;0;0;9170974;11320042;42222100;0;12432;-622958;0;0;41611574;52931616;
2231;900850088;2019-12-31;2019;MILES;660061;309390;1757716;0;2727167;27803427;0;0;0;0;27803427;30530594;4978034;9744223;0;0;0;0;14722257;14647245;0;83496;0;111714;14842455;29564712;5000;0;0;960882;0;0;965882;30530594;
2232;900850088;2019-12-31;2018;MILES;874278;22751;1134934;0;2031963;28540088;0;0;196482;0;28736570;30768533;3106442;11102642;0;0;0;0;14209084;16658229;0;0;0;96249;16754478;30963562;5000;0;0;-200029;0;0;-195029;30768533;
2233;805015717;2019-12-31;2019;MILES;0;19642;4096955;0;4116597;484655;0;30730372;0;0;31215027;35331624;446376;1108289;0;0;0;10491;1565156;213734;0;0;0;0;213734;1778890;72900;4668058;300583;2083327;0;26427866;33552734;35331624;
2234;805015717;2019-12-31;2018;MILES;3866;11314;3635087;0;3650267;505905;0;29426075;0;0;29931980;33582247;391253;860609;0;0;23708;14032;1289602;386285;0;0;0;0;386285;1675887;72900;4668058;300583;1723089;0;25141730;31906360;33582247;
2235;900228137;2019-12-31;2019;MILES;610956;1501046;2119341;0;4231343;198291630;0;100411;0;0;198392041;202623384;0;201976;9875;0;801645;0;1013496;1394220;0;0;1262713;0;2656933;3670429;5500000;0;339356;55004;0;193058595;198952955;202623384;
2236;900228137;2019-12-31;2018;MILES;500;1650000;5019969;0;6670469;198387289;0;100412;0;0;198487701;205158170;0;779898;150000;60181;0;0;990079;1418351;0;0;1997576;0;3415927;4406006;5500000;0;339356;1854213;0;193058595;200752164;205158170;
2237;860022207;2019-12-31;2019;MILES;4621463;0;59051585;7369909;71042957;21331573;0;0;2669246;0;24000819;95043776;0;38089734;0;0;1694056;0;39783790;0;0;692149;0;55465;747614;40531404;1600000;0;9187312;43724969;0;91;54512372;95043776;
2238;860022207;2019-12-31;2018;MILES;17358948;0;47014670;11870307;76243925;20626598;0;0;3170334;0;23796932;100040857;0;41739454;0;0;4901563;0;46641017;0;0;1011243;0;55465;1066708;47707725;1600000;0;9187312;41545729;0;91;52333132;100040857;
2239;900053309;2019-12-31;2019;MILES;821461;1878467;2287119;0;4987047;68593;0;0;124108;0;192701;5179748;114300;238763;0;754570;535196;0;1642829;1495;0;0;0;19625;21120;1663949;1541360;0;253267;1721172;0;0;3515799;5179748;
2240;900053309;2019-12-31;2018;MILES;195769;2069595;2332805;0;4598169;37445;1204882;0;-1133784;1204882;1313425;5911594;551914;594444;0;814646;684811;0;2645815;210850;0;0;0;97493;308343;2954158;1541360;0;220240;1195836;0;0;2957436;5911594;
2241;830045126;2019-12-31;2019;MILES;430056;2251482;5504089;0;8185627;963127;0;0;1241192;0;2204319;10389946;0;618040;0;0;0;881864;1499904;0;0;0;0;0;0;1499904;5856994;0;0;3033048;0;0;8890042;10389946;
2242;830045126;2019-12-31;2018;MILES;307422;1827205;4263005;41018;6438650;1206811;0;0;0;0;1206811;7645461;347;607151;0;0;0;188701;796199;0;0;0;0;0;0;796199;5856994;0;0;992268;0;0;6849262;7645461;
2243;830116807;2019-12-31;2019;MILES;3467987;0;28624267;13379126;45471380;17125005;0;0;2406597;0;19531602;65002982;17139969;10185747;0;2200888;1151114;8319703;38997421;0;0;0;0;0;0;38997421;1200000;957211;664845;15035005;0;8148500;26005561;65002982;
2244;830116807;2019-12-31;2018;MILES;2496430;0;28483780;15345156;46325366;11708192;0;0;1230190;0;12938382;59263748;13050734;12759620;0;850728;2029626;6814989;35505697;0;0;0;0;0;0;35505697;1200000;957211;664845;12787495;0;8148500;23758051;59263748;
2245;890903711;2019-12-31;2019;MILES;604755;3459608;13659425;33494005;51217793;54035070;0;0;34595;0;54069665;105287458;63056;58897252;574100;1656842;0;1327056;62518306;325797;0;6910698;0;2585970;9822465;72340771;173062;11525610;27876861;-6628846;0;0;32946687;105287458;
2246;890903711;2019-12-31;2018;MILES;3100242;2823435;12030281;29356676;47310634;54939495;0;0;34595;0;54974090;102284724;0;45745060;464485;1413436;0;1235177;48858158;0;0;6864111;0;2481010;9345121;58203279;173062;11525610;28036009;4346764;0;0;44081445;102284724;
2247;860525814;2019-12-31;2019;MILES;8912522;10326444;11455011;22886971;53580948;55330010;18942577;0;-903724;18942577;92311440;145892388;1681548;63716859;0;0;2750771;2778468;70927646;13466667;0;5538603;0;0;19005270;89932916;5776103;2829467;894424;40642788;0;5816690;55959472;145892388;
2248;860525814;2019-12-31;2018;MILES;6111091;11887197;11466694;17787646;47252628;59945768;19174910;0;-1242333;19174910;97053255;144305883;1480852;62176023;0;0;3443075;3153430;70253380;13466667;0;5653707;0;0;19120374;89373754;5776103;2829467;894424;39615445;0;5816690;54932129;144305883;
2249;900243910;2019-12-31;2019;MILES;2138646;6174644;41689541;20231183;70234014;70072743;0;0;139184;0;70211927;140445941;74802373;81167979;0;0;0;0;155970352;0;0;0;0;1298294;1298294;157268646;38932811;0;-15890294;-39865222;0;0;-16822705;140445941;
2250;900243910;2019-12-31;2018;MILES;190960;5752708;22785237;8829229;37558134;44635526;0;0;40034;0;44675560;82233694;74293243;22538610;0;0;0;0;96831853;0;0;0;0;1752257;1752257;98584110;58729319;0;-21315028;-53764707;0;0;-16350416;82233694;
2251;900008839;2019-12-31;2019;MILES;3901873;1078698;6943821;0;11924392;26255;0;89190000;7455;0;89223710;101148102;2813663;767826;0;71520;1499005;106623;5258637;3533333;0;9271856;0;0;12805189;18063826;100000;0;14213431;68770845;0;0;83084276;101148102;
2252;900008839;2019-12-31;2018;MILES;1995445;931955;6898544;0;9825944;12591;0;86450000;8529;0;86471120;96297064;2812991;930392;0;65663;1575991;62466;5447503;0;0;9037821;0;4333333;13371154;18818657;100000;0;14213431;63164976;0;0;77478407;96297064;
2253;800153208;2019-12-31;2019;MILES;6250958;932048;3844236;0;11027242;68454;0;0;0;0;68454;11095696;3212;3382029;98498;0;253515;105032;3842286;0;0;0;0;0;0;3842286;1515610;0;757805;4979995;0;0;7253410;11095696;
2254;800153208;2019-12-31;2018;MILES;12204669;1001081;15956275;328199;29490224;154487;7906081;0;-7226425;7906081;8740224;38230448;182331;10719125;2093885;0;2469851;1954060;17419252;0;987765;0;0;0;987765;18407017;1515610;0;757805;17550016;0;0;19823431;38230448;
2255;900677748;2019-12-31;2019;MILES;37751658;50130057;147394403;143184136;378460254;361993863;0;0;22750570;0;384744433;763204687;1610416;527822341;0;7353910;0;23758543;560545210;0;0;2319991;0;15570495;17890486;578435696;169069521;0;11583976;4115494;0;0;184768991;763204687;
2256;900677748;2019-12-31;2018;MILES;11143639;56647525;126047682;140257196;334096042;272066616;0;0;513253;0;272579869;606675911;5048957;497214282;0;6522232;0;17353225;526138696;0;0;6684903;0;625386;7310289;533448985;75633231;0;11680053;-14086358;0;0;73226926;606675911;
2257;860049210;2019-12-31;2019;MILES;554271;3983652;18867367;8457990;31863280;168623;0;0;7335217;0;7503840;39367120;7030739;11166885;266198;645925;2006016;713754;21829517;0;0;0;0;6487970;6487970;28317487;450430;0;225215;10373988;0;0;11049633;39367120;
2258;860049210;2019-12-31;2018;MILES;689386;3107518;18635088;8417598;30849590;261864;0;0;266093;0;527957;31377547;6492718;10746702;100459;630876;1277746;0;19248501;0;0;0;0;0;0;19248501;450430;0;225215;11453401;0;0;12129046;31377547;
2259;900382335;2019-12-31;2019;MILES;383134;0;4672964;3216576;8272674;5529;0;0;3701;0;9230;8281904;0;5987647;0;0;0;0;5987647;0;0;0;0;0;0;5987647;312000;3406970;0;-1424713;0;0;2294257;8281904;
2260;900382335;2019-12-31;2018;MILES;157593;0;4019866;2530054;6707513;8293;0;0;3579;0;11872;6719385;0;4552789;0;0;0;0;4552789;0;0;0;0;0;0;4552789;312000;3406970;0;-1552374;0;0;2166596;6719385;
2261;816000920;2019-12-31;2019;MILES;749752;86508;87355;2506786;3430401;356138;0;1219973;8751048;0;10327159;13757560;2233851;571968;0;109296;34553;0;2949668;7422590;0;3169;0;0;7425759;10375427;500000;0;51027;1715378;0;1115728;3382133;13757560;
2262;816000920;2019-12-31;2018;MILES;694683;18939;185128;2089336;2988086;713860;0;191623;6718123;0;7623606;10611692;1298383;426158;0;86058;116013;0;1926612;5126441;0;6041;0;0;5132482;7059094;500000;0;51027;1540766;0;1460805;3552598;10611692;
2263;900319312;2019-12-31;2019;MILES;2391587;16600015;3682493;0;22674095;946119;0;2528450;0;0;3474569;26148664;0;1553;0;0;0;0;1553;0;0;29484;0;0;29484;31037;60100;21051202;1244343;3761982;0;0;26117627;26148664;
2264;900319312;2019-12-31;2018;MILES;2127013;12082697;406676;0;14616386;946119;0;4091363;0;0;5037482;19653868;0;13216;0;0;0;0;13216;0;0;29484;0;0;29484;42700;60100;21051202;-3582375;2082241;0;0;19611168;19653868;
2265;830104409;2019-12-31;2019;MILES;1247532;0;13693074;11555899;26496505;1132112;0;926454;38990;0;2097556;28594061;12203857;6003489;0;0;283832;1892677;20383855;0;0;80367;0;0;80367;20464222;900000;0;3016323;4194631;0;18885;8129839;28594061;
2266;830104409;2019-12-31;2018;MILES;648607;0;14409675;9100760;24159042;1328574;0;926454;145835;0;2400863;26559905;9463157;8673553;0;0;417087;493818;19047615;0;0;88954;0;0;88954;19136569;900000;0;2914840;3589611;0;18885;7423336;26559905;
2267;890201312;2019-12-31;2019;MILES;24784;0;75689;1472043;1572516;0;5715933;22620;-5228088;5715933;6226398;7798914;0;6015;0;0;176314;0;182329;0;119467;0;0;0;119467;301796;100000;0;7301471;95647;0;0;7497118;7798914;
2268;890201312;2019-12-31;2018;MILES;38960;0;67387;1471957;1578304;0;5623142;22620;-5135297;5623142;6133607;7711911;0;12507;0;0;101985;0;114492;0;32353;0;0;0;32353;146845;100000;0;7301471;163595;0;0;7565066;7711911;
2269;860030412;2019-12-31;2019;MILES;15114041;74577;46025277;0;61213895;1181027;6486624;0;-3104761;6486624;11049514;72263409;484671;3803810;0;0;540068;60744199;65572748;0;0;0;0;3129529;3129529;68702277;2650000;1092850;437194;-618912;0;0;3561132;72263409;
2270;860030412;2019-12-31;2018;MILES;16945636;84593;35153062;0;52183291;1090299;6915860;0;-3414672;6915860;11507347;63690638;860673;3004770;0;0;446748;50824833;55137024;0;0;0;0;3435888;3435888;58572912;2402332;1092850;2280534;-657990;0;0;5117726;63690638;
2271;900038011;2019-12-31;2019;MILES;1122564;1871164;2121440;11493702;16608870;1189344;0;0;6916724;0;8106068;24714938;0;14014212;0;0;70965;0;14085177;0;9565269;20637;0;0;9585906;23671083;59000;0;246924;737931;0;0;1043855;24714938;
2272;900038011;2019-12-31;2018;MILES;2548652;1871164;1426231;8386540;14232587;1222640;0;0;3394441;0;4617081;18849668;0;9001767;0;0;14121;0;9015888;0;8898629;69524;0;0;8968153;17984041;59000;0;246924;559703;0;0;865627;18849668;
2273;830041607;2019-12-31;2019;MILES;693326;656230;2708894;0;4058450;182709285;20257021;0;-20257021;20257021;202966306;207024756;0;1978508;0;0;691070;0;2669578;45496000;8242754;1263656;0;242558;55244968;57914546;130000;0;55000;148925210;0;0;149110210;207024756;
2274;830041607;2019-12-31;2018;MILES;861654;787463;961111;0;2610228;139630922;16022993;0;-16022993;16022993;155653915;158264143;0;431158;0;0;781647;0;1212805;47448000;2404233;4430674;0;849385;55132292;56345097;130000;0;55000;94197752;0;7536294;101919046;158264143;
2275;900533110;2019-12-31;2019;MILES;3742679;11251344;4946611;0;19940634;0;0;10125340;0;0;10125340;30065974;0;4116;0;0;14789;0;18905;0;0;0;0;0;0;18905;1000;0;1739677;28306392;0;0;30047069;30065974;
2276;900533110;2019-12-31;2018;MILES;2168067;12949474;2617248;0;17734789;0;0;6912263;0;0;6912263;24647052;0;36367;0;0;0;0;36367;0;0;0;0;0;0;36367;1000;0;-4242650;28852335;0;0;24610685;24647052;
2277;900806715;2019-12-31;2019;MILES;249944;13381899;3109502;7273985;24015330;862905;0;20435999;987374;0;22286278;46301608;26636715;6716957;0;0;1221817;0;34575489;0;0;416251;0;261;416512;34992001;11542000;0;0;-232393;0;0;11309607;46301608;
2278;900806715;2019-12-31;2018;MILES;535139;1860286;7319217;13057664;22772306;1053277;0;19167336;833947;0;21054560;43826866;8402651;24204272;0;0;472937;0;33079860;0;0;142053;0;70003;212056;33291916;11542000;0;0;-1007050;0;0;10534950;43826866;
2279;830069311;2019-12-31;2019;MILES;10526756;0;95624033;44900667;151051456;777747662;0;0;26365017;0;804112679;955164135;0;73081322;942885;0;5557487;0;79581694;0;0;49081711;0;0;49081711;128663405;21374654;0;1991910;419304186;0;383829980;826500730;955164135;
2280;830069311;2019-12-31;2018;MILES;4119280;123931;149281990;24446332;177971533;776118702;0;0;8076539;0;784195241;962166774;0;67675838;1271320;0;12825385;390464;82163007;0;0;48591615;0;0;48591615;130754622;21374654;0;14753230;336035180;0;459249088;831412152;962166774;
2281;900103513;2019-12-31;2019;MILES;3181668;300;3309050;2776707;9267725;1044174;0;0;26661;0;1070835;10338560;8207;3553;0;40417;79581;0;131758;0;5165044;47879;0;0;5212923;5344681;250830;4216900;68375;294552;0;163222;4993879;10338560;
2282;900103513;2019-12-31;2018;MILES;400261;98806;3242914;7676894;11418875;1070449;0;0;0;0;1070449;12489324;12254;998404;0;34343;99;0;1045100;0;6710834;44340;0;0;6755174;7800274;250830;4216900;68375;-10277;0;163222;4689050;12489324;
2283;900773249;2019-12-31;2019;MILES;13648;5639851;70468349;69434898;145556746;455267;15000000;0;-15000000;15000000;15455267;161012013;18455816;67634034;0;101048;52982;0;86243880;43063571;0;0;0;31014542;74078113;160321993;100000;0;0;590020;0;0;690020;161012013;
2284;900773249;2019-12-31;2018;MILES;2975;4813922;60411158;65381238;130609293;777096;15000000;0;-15000000;15000000;15777096;146386389;15555815;70367104;0;131023;25228;0;86079170;36296901;0;0;0;23849909;60146810;146225980;100000;0;0;60409;0;0;160409;146386389;
2285;830079015;2019-12-31;2019;MILES;635787;355000;36350710;14529389;51870886;7478642;0;6664516;94367;0;14237525;66108411;5808094;23001484;0;528221;1248017;0;30585816;0;14068016;1460964;0;0;15528980;46114796;3000000;1801466;1895106;13297043;0;0;19993615;66108411;
2286;830079015;2019-12-31;2018;MILES;868095;160000;14690706;13217003;28935804;2221646;0;7335002;63096;0;9619744;38555548;363145;11961382;0;537266;587136;0;13448929;0;4872103;598166;0;0;5470269;18919198;3000000;1801466;1895106;12558380;0;381398;19636350;38555548;
2287;900106364;2019-12-31;2019;MILES;6300415;23702773;27031556;0;57034744;8377135;27500;0;6649510;27500;15081645;72116389;2083554;15379344;100000;13129315;480591;0;31172804;0;0;0;0;4622058;4622058;35794862;7124238;22256754;4466521;1701580;0;772434;36321527;72116389;
2288;900106364;2019-12-31;2018;MILES;16500364;19271192;14618487;0;50390043;8984179;27500;0;7387795;27500;16426974;66817017;0;10073914;108235;12017919;816084;0;23016152;0;0;0;0;2317738;2317738;25333890;7124238;22256754;4466521;6863180;0;772434;41483127;66817017;
2289;890901672;2019-12-31;2019;MILES;47680672;48479480;97891083;181343190;375394425;215643238;1232393;70676701;27461464;1232393;316246189;691640614;16394857;87777825;0;0;22144939;42958308;169275929;202237143;0;12343987;0;34634663;249215793;418491722;24665162;13599560;22277417;208671314;0;3935439;273148892;691640614;
2290;890901672;2019-12-31;2018;MILES;61173218;22212883;83845460;210021327;377252888;231199475;892441;57761869;9827562;892441;300573788;677826676;91047050;98748856;0;0;22923125;11760798;224479829;163288104;0;9222428;0;13856371;186366903;410846732;24665162;13599560;29597417;199117805;0;0;266979944;677826676;
2291;830058081;2019-12-31;2019;MILES;4664586;2294766;37686692;0;44646044;2066942;0;0;5940927;0;8007869;52653913;0;28828666;8157507;1212764;2690144;1332991;42222072;0;0;0;0;2659000;2659000;44881072;14000;0;0;7758841;0;0;7772841;52653913;
2292;830058081;2019-12-31;2018;MILES;1345281;2660789;48254666;0;52260736;2814507;0;0;2394118;0;5208625;57469361;5740974;36490519;6969669;1068499;2462365;127967;52859993;0;0;0;0;0;0;52859993;14000;0;0;4595368;0;0;4609368;57469361;
2293;890105214;2019-12-31;2019;MILES;352341;180854;16434950;8902514;25870659;14508062;0;3546963;1565093;0;19620118;45490777;6328736;9993566;0;517191;1193943;69223;18102659;4858778;0;3054529;0;33378;7946685;26049344;6003316;0;1347720;12090397;0;0;19441433;45490777;
2294;890105214;2019-12-31;2018;MILES;791191;88946;12567232;7516099;20963468;13568953;0;3567976;1493174;0;18630103;39593571;5726761;8003001;0;402163;513295;105364;14750584;3306591;0;2515644;0;38132;5860367;20610951;6003316;0;1185263;11794041;0;0;18982620;39593571;
2295;830096047;2019-12-31;2019;MILES;4377181;7989939;14963772;24773287;52104179;3032077;1052422;8372732;-677767;1052422;12831886;64936065;6881994;15281460;0;0;2383135;450468;24997057;15982949;0;623129;0;0;16606078;41603135;880000;0;440000;21977514;0;35416;23332930;64936065;
2296;830096047;2019-12-31;2018;MILES;3739486;8202360;15556491;22591287;50089624;3119795;1054608;8372732;-124828;1054608;13476915;63566539;8936813;12075909;0;0;1192072;317845;22522639;20951370;0;342696;0;0;21294066;43816705;880000;0;141109;18693309;0;35416;19749834;63566539;
2297;900157516;2019-12-31;2019;MILES;27351;448;994413;0;1022212;96806;0;0;27579;0;124385;1146597;38063;120826;2133;5700;110791;64450;341963;0;0;0;0;32357;32357;374320;100000;0;580256;92021;0;0;772277;1146597;
2298;900157516;2019-12-31;2018;MILES;120507;1270;1154304;0;1276081;70923;0;0;20550;0;91473;1367554;285284;109236;4400;43011;124481;0;566412;0;0;0;0;0;0;566412;100000;0;580256;120886;0;0;801142;1367554;
2299;830005448;2019-12-31;2019;MILES;10121590;5915975;21604178;11633669;49275412;3840173;5947322;0;1172837;5947322;16907654;66183066;0;10423419;1222349;0;0;9762502;21408270;0;0;0;0;17405766;17405766;38814036;221220;0;114561;27033249;0;0;27369030;66183066;
2300;830005448;2019-12-31;2018;MILES;6985967;7412447;31074556;13341301;58814271;4509189;5501873;0;-2920519;5501873;12592416;71406687;6000000;17110489;1378606;0;0;8313750;32802845;0;0;0;0;19613043;19613043;52415888;221220;0;114561;18655018;0;0;18990799;71406687;
2301;900330636;2019-12-31;2019;MILES;185592;355103;0;0;540695;46988281;0;0;0;0;46988281;47528976;0;3665724;0;0;551607;0;4217331;0;8600718;4197431;0;0;12798149;17015480;1300231;2334479;100000;7365534;0;19413252;30513496;47528976;
2302;900330636;2019-12-31;2018;MILES;4288;265410;1289443;0;1559141;43179609;0;0;0;0;43179609;44738750;0;2182649;0;0;708941;1103485;3995075;0;8355725;4226072;0;0;12581797;16576872;180995;2334479;100000;5912455;0;19633949;28161878;44738750;
2303;891408135;2019-12-31;2019;MILES;298584;5186762;16157270;27459;21670075;9927429;0;0;0;0;9927429;31597504;0;1212641;0;0;719238;1638101;3569980;0;0;363636;0;0;363636;3933616;2816985;6825711;23050725;-5029533;0;0;27663888;31597504;
2304;891408135;2019-12-31;2018;MILES;63161;4131267;20810464;31223;25036115;9981342;0;0;0;0;9981342;35017457;1007587;1431344;0;0;720367;1863905;5023203;916667;0;656896;0;0;1573563;6596766;2816985;6825711;23750725;-4972730;0;0;28420691;35017457;
2305;890205512;2019-12-31;2019;MILES;131097;1444;1688710;1224292;3045543;25836709;0;0;14822854;0;40659563;43705106;4062516;998669;0;48127;283063;48233;5440608;0;7347123;200689;223411;0;7771223;13211831;6862346;0;908483;-1041751;0;23764197;30493275;43705106;
2306;890205512;2019-12-31;2018;MILES;52370;3941;1788525;1105119;2949955;26048722;0;0;14590622;0;40639344;43589299;4091787;413162;0;44278;233234;122558;4905019;0;7239956;49041;389882;0;7678879;12583898;6862346;0;908483;-529625;0;23764197;31005401;43589299;
2307;802000335;2019-12-31;2019;MILES;1578348;0;11035277;10202545;22816170;13800717;0;0;24435;0;13825152;36641322;0;8370829;0;0;1435175;209327;10015331;3766534;0;1354996;0;0;5121530;15136861;6750000;0;6933739;7820722;0;0;21504461;36641322;
2308;802000335;2019-12-31;2018;MILES;7066113;0;8853323;8884249;24803685;12565170;0;0;62711;0;12627881;37431566;0;9688811;0;0;1761955;192821;11643587;4754518;0;1471987;0;0;6226505;17870092;6750000;0;5266487;7544987;0;0;19561474;37431566;
2309;860002518;2019-12-31;2019;MILES;85386957;20440572;281509690;0;387337219;5251738;0;0;357204422;0;362456160;749793379;0;216587295;0;18655228;0;23928630;259171153;0;0;82683200;0;20719014;103402214;362573367;49609035;0;175897739;254957642;0;-93244404;387220012;749793379;
2310;860002518;2019-12-31;2018;MILES;102756828;5577177;291377755;0;399711760;5278592;0;0;355773908;0;361052500;760764260;0;211678335;0;17031008;0;43164788;271874131;0;0;80800331;0;14574154;95374485;367248616;49609035;0;179091698;258059315;0;-93244404;393515644;760764260;
2311;860002134;2019-12-31;2019;MILES;65183523;182178;235627079;98582635;399575415;130797104;85431807;0;-17374497;85431807;284286221;683861636;14166778;151039939;212045;12634026;2697483;2301938;183052209;0;0;0;0;26569037;26569037;209621246;130137150;110093025;96400206;104450847;0;33159162;474240390;683861636;
2312;860002134;2019-12-31;2018;MILES;36629911;42363263;283125375;90890478;453009027;129419831;70601204;0;-58842131;70601204;211780108;664789135;0;183606590;163000;11547527;2030007;0;197347124;0;0;0;0;2790468;2790468;200137592;130137150;110093025;79715186;117004438;0;27701744;464651543;664789135;
2313;890929647;2019-12-31;2019;MILES;10411103;4548527;22220248;22193944;59373822;20880245;341994;2620458;3582388;341994;27767079;87140901;6234051;15990580;58272;0;2037286;0;24320189;20624146;0;6938420;0;95003;27657569;51977758;7596000;7080000;913965;16869131;0;2704047;35163143;87140901;
2314;890929647;2019-12-31;2018;MILES;2760078;5026123;24820962;24744447;57351610;20625541;757260;2620458;3369528;757260;28130047;85481657;3356526;22383304;61060;0;1919092;0;27719982;17559738;0;7713592;0;81065;25354395;53074377;7596000;7080000;913965;14113268;0;2704047;32407280;85481657;
2315;830509877;2019-12-31;2019;MILES;11064441;32942;1234610;5399419;17731412;150710;0;0;1240944;0;1391654;19123066;0;225672;0;36956;118029;22581;403238;5618272;11941507;3784;3434260;135238;21133061;21536299;1600000;0;1514983;-5528216;0;0;-2413233;19123066;
2316;830509877;2019-12-31;2018;MILES;9345204;30176;1688769;7349182;18413331;187647;0;0;1241637;0;1429284;19842615;0;324681;0;39436;424327;107868;896312;5618272;11941508;3784;3434260;162232;21160056;22056368;1600000;0;1514983;-5328736;0;0;-2213753;19842615;
2317;860005062;2019-12-31;2019;MILES;2098780;504504;26268845;42189334;71061463;230338058;20780583;13897289;-18254218;20780583;267542295;338603758;0;38497300;24028;637674;430692;3624905;43214599;112362673;28320895;0;0;2145910;142829478;186044077;2907383;29630435;14100965;-49232741;0;155153639;152559681;338603758;
2318;860005062;2019-12-31;2018;MILES;1952386;511347;23522590;34450315;60436638;158735444;19593998;35817824;-15229294;19593998;218511970;278948608;0;30848549;270118;619306;332210;24356;32094539;127635265;27704914;0;0;1853762;157193941;189288480;2907383;29630435;14100965;-53409849;0;96431194;89660128;278948608;
2319;817000823;2019-12-31;2019;MILES;25205013;7072373;32288069;33437885;98003340;13694696;0;0;20816500;0;34511196;132514536;682602;15818972;1123590;0;747549;172110;18544823;0;0;1255586;0;74631;1330217;19875040;1218922;0;12806905;98613669;0;0;112639496;132514536;
2320;817000823;2019-12-31;2018;MILES;27102648;7796818;42340602;36174160;113414228;14364882;662288;0;20154212;662288;35843670;149257898;881385;30902714;1053963;0;791267;0;33629329;0;0;1520261;0;0;1520261;35149590;1218922;0;12806905;100082481;0;0;114108308;149257898;
2321;900295415;2019-12-31;2019;MILES;33282;217878;832562;119493;1203215;3570744;0;0;2506938;0;6077682;7280897;0;1329406;0;338058;0;73801;1741265;3768277;0;591112;0;0;4359389;6100654;126361;1047246;0;6636;0;0;1180243;7280897;
2322;900295415;2019-12-31;2018;MILES;52800;273207;825173;74703;1225883;3685625;0;0;2795895;0;6481520;7707403;0;1278795;0;313849;0;277100;1869744;2727312;0;673731;0;0;3401043;5270787;126361;1047246;0;1263009;0;0;2436616;7707403;
2323;800200598;2019-12-31;2019;MILES;24371199;66612085;87537650;158441328;336962262;1419877;3214233;0;289101840;3214233;296950183;633912445;151829446;44896137;4748526;1126627;0;0;202600736;38690927;42064045;0;0;241752091;322507063;525107799;18994446;102322;66510214;18487101;0;4710563;108804646;633912445;
2324;800200598;2019-12-31;2018;MILES;26076447;31709633;63300228;150309074;271395382;1885859;0;0;277687902;0;279573761;550969143;121219832;44847650;1931426;2946017;0;0;170944925;58552261;45428519;0;0;175550723;279531503;450476428;18994365;38717;64595375;12506225;0;4358033;100492715;550969143;
2325;890209514;2019-12-31;2019;MILES;81432;1945339;2587574;0;4614345;1253556;0;0;219346;0;1472902;6087247;13293;680104;0;27156;136491;0;857044;3503407;158440;57035;0;2371421;6090303;6947347;500000;0;38823;-1615390;0;216467;-860100;6087247;
2326;890209514;2019-12-31;2018;MILES;1852;2778410;5133243;0;7913505;1327590;0;0;222383;0;1549973;9463478;16188;294071;0;15153;91979;0;417391;2664566;4399996;60865;0;1610444;8735871;9153262;500000;0;38823;-445074;0;216467;310216;9463478;
2327;900345813;2019-12-31;2019;MILES;1748612;7340765;7323245;0;16412622;655748;650415;0;303632;650415;2260210;18672832;0;8088492;0;0;24655;99201;8212348;29872;0;0;0;0;29872;8242220;13709700;0;0;-3279088;0;0;10430612;18672832;
2328;900345813;2019-12-31;2018;MILES;5090990;5814519;5813627;0;16719136;602332;650415;0;557692;650415;2460854;19179990;0;10368696;0;0;0;5148874;15517570;127548;0;0;0;0;127548;15645118;74194001;0;193749;-70852878;0;0;3534872;19179990;
2329;900138413;2019-12-31;2019;MILES;6823;12972672;4089729;44004817;61074041;1854450;0;0;664;0;1855114;62929155;266161;1512272;0;0;0;273156;2051589;5013133;0;8296974;0;18732971;32043078;34094667;6300000;1950000;432340;20152148;0;0;28834488;62929155;
2330;900138413;2019-12-31;2018;MILES;7656675;13612166;3046899;39092517;63408257;1949142;0;0;664;0;1949806;65358063;1317199;8893491;0;0;135619;128150;10474459;8806731;0;8296975;0;9054910;26158616;36633075;6300000;1950000;424400;20050588;0;0;28724988;65358063;
2331;900403538;2019-12-31;2019;MILES;3870;19046;16363;0;39279;0;0;0;0;0;0;39279;0;6511821;0;0;0;0;6511821;0;0;0;0;0;0;6511821;12318800;0;0;-18791342;0;0;-6472542;39279;
2332;900403538;2019-12-31;2018;MILES;5671;19064;0;0;24735;0;0;0;0;0;0;24735;0;6496971;0;0;0;0;6496971;0;0;0;0;0;0;6496971;12318800;0;0;-18791036;0;0;-6472236;24735;
2333;900462228;2019-12-31;2019;MILES;1505519;12400062;4740793;0;18646374;1421902;0;0;10742049;0;12163951;30810325;4403059;6199884;0;0;1265842;0;11868785;10145308;0;0;0;0;10145308;22014093;20300640;1900000;0;-13404408;0;0;8796232;30810325;
2334;900462228;2019-12-31;2018;MILES;1870349;7913658;160473;0;9944480;1471685;0;0;4595231;0;6066916;16011396;2888994;2297496;0;0;378411;0;5564901;6566736;0;0;0;0;6566736;12131637;14550640;1900000;0;-12570881;0;0;3879759;16011396;
2335;860510628;2019-12-31;2019;MILES;3440760;622073;35988411;0;40051244;180000;0;0;550414;0;730414;40781658;0;3464641;0;19983;0;119011;3603635;0;134418;0;0;0;134418;3738053;410233;8618242;3201357;24813773;0;0;37043605;40781658;
2336;860510628;2019-12-31;2018;MILES;2892916;27576;44588786;0;47509278;180000;0;0;767316;0;947316;48456594;0;47337;0;17066;3691184;126935;3882522;0;148768;0;0;0;148768;4031290;410233;8618242;3201357;32195472;0;0;44425304;48456594;
2337;890402974;2019-12-31;2019;MILES;251450;1787774;8231877;5631850;15902951;50542324;0;0;839440;0;51381764;67284715;4666394;7914410;0;319957;512360;152381;13565502;13938207;4600;102;0;0;13942909;27508411;2055200;0;3978681;6458273;0;27284150;39776304;67284715;
2338;890402974;2019-12-31;2018;MILES;576446;1671545;8335607;6767434;17351032;38473927;0;0;839961;0;39313888;56664920;3651340;10501735;0;322787;100980;222880;14799722;13836485;4600;102;0;0;13841187;28640909;2055200;0;3978682;6993475;0;14996654;28024011;56664920;
2339;900411315;2019-12-31;2019;MILES;99800;10030884;169182052;0;179312736;1125225;0;0;9442535;0;10567760;189880496;0;118172090;64291073;163546;1969449;5462276;190058434;0;0;2056222;0;0;2056222;192114656;1300000;11063035;0;-14597195;0;0;-2234160;189880496;
2340;900411315;2019-12-31;2018;MILES;13698;1960852;21237646;0;23212196;83621;0;0;0;0;83621;23295817;0;24960747;0;237535;276750;0;25475032;0;0;0;0;0;0;25475032;1299000;11063035;0;-14541250;0;0;-2179215;23295817;
2341;900871523;2019-12-31;2019;MILES;8988;8030322;3685199;11444585;23169094;2989;0;0;8382167;0;8385156;31554250;26647193;1934775;0;0;5026;1032395;29619389;0;15778945;0;0;330271;16109216;45728605;9486475;2720115;0;-26380945;0;0;-14174355;31554250;
2342;900871523;2019-12-31;2018;MILES;251437;5767501;1658473;17314149;24991560;5286;0;0;7630927;0;7636213;32627773;13171593;1313935;0;0;23615;1877056;16386199;0;29481512;0;0;352161;29833673;46219872;9486475;2720115;0;-25798689;0;0;-13592099;32627773;
2343;900773269;2019-12-31;2019;MILES;671271;2150918;27108869;29976401;59907459;452638;15000000;0;-12780270;15000000;17672368;77579827;13512370;20633636;0;75993;10920;0;34232919;31528864;0;0;0;10985629;42514493;76747412;100000;0;0;732415;0;0;832415;77579827;
2344;900773269;2019-12-31;2018;MILES;426980;1870250;10257001;31513669;44067900;679728;15000000;0;-12780270;15000000;17899458;61967358;9821332;21381369;0;88729;834;0;31292264;22916440;0;0;0;7262565;30179005;61471269;100000;0;0;396089;0;0;496089;61967358;
2345;800117272;2019-12-31;2019;MILES;248551;47123;1486644;1403115;3185433;8388915;0;0;299;0;8389214;11574647;130627;1123526;0;237354;89741;265305;1846553;4787080;189641;415031;0;0;5391752;7238305;450000;0;127440;3758902;0;0;4336342;11574647;
2346;800117272;2019-12-31;2018;MILES;8672;176466;1149331;986024;2320493;8421066;0;0;308;0;8421374;10741867;277556;1006036;0;246111;152085;167057;1848845;3521810;541539;396295;0;148222;4607866;6456711;450000;0;127440;3707716;0;0;4285156;10741867;
2347;800162612;2019-12-31;2019;MILES;4856849;7867857;48604193;0;61328899;1360114;0;0;1003535;0;2363649;63692548;1387657;4135985;0;9885216;17682834;0;33091692;0;0;0;79;27369760;27369839;60461531;1150000;1000000;453228;627789;0;0;3231017;63692548;
2348;800162612;2019-12-31;2018;MILES;2686023;8332425;45967602;0;56986050;662100;0;0;2540435;0;3202535;60188585;1392291;5333276;0;8655398;11524173;0;26905138;0;0;0;980471;27754577;28735048;55640186;1150000;1000000;453228;1945171;0;0;4548399;60188585;
2349;800244045;2019-12-31;2019;MILES;261574;143830;4154910;0;4560314;0;0;7801492;1721065;0;9522557;14082871;0;5911;0;0;48301;0;54212;0;0;0;0;0;0;54212;1449442;0;868532;11710685;0;0;14028659;14082871;
2350;800244045;2019-12-31;2018;MILES;85331;138032;4222777;0;4446140;0;0;7368285;1947055;0;9315340;13761480;0;26658;0;0;8635;0;35293;0;0;0;0;0;0;35293;1449442;0;868532;11408213;0;0;13726187;13761480;
2351;900057522;2019-12-31;2019;MILES;9754;3141283;10402955;0;13553992;418731;0;0;292818;0;711549;14265541;406552;9936126;275755;29017;0;206199;10853649;212966;0;0;0;0;212966;11066615;250000;0;2249247;699679;0;0;3198926;14265541;
2352;900057522;2019-12-31;2018;MILES;573197;652304;7262504;1064505;9552510;120970;0;0;252208;0;373178;9925688;35852;4289634;630718;148241;179230;4849;5288524;0;0;0;0;0;0;5288524;250000;0;2249247;2137917;0;0;4637164;9925688;
2353;900442741;2019-12-31;2019;MILES;840065;477700;235199;23751;1576715;316102;0;26293511;1478;0;26611091;28187806;0;376155;0;57346;0;56661;490162;2408520;0;869444;0;0;3277964;3768126;1000000;0;0;-1812605;0;25232285;24419680;28187806;
2354;900442741;2019-12-31;2018;MILES;225622;391552;168027;19178;804379;491330;0;25902832;353165;0;26747327;27551706;7165146;312340;0;119794;0;46976;7644256;10587280;0;514956;0;0;11102236;18746492;568225;0;0;-6244887;0;14481876;8805214;27551706;
2355;800167919;2019-12-31;2019;MILES;4145084;2681313;58861900;45353214;111041511;16673320;0;0;2282968;0;18956288;129997799;66333518;16170265;44333;0;3164398;4464;85716978;425608;0;1959754;0;1121040;3506402;89223380;4022368;0;1111709;24430439;0;11209903;40774419;129997799;
2356;800167919;2019-12-31;2018;MILES;2033811;2737807;62282536;54639689;121693843;14602995;0;0;240728;0;14843723;136537566;72718394;19757762;44333;0;3299273;16394;95836156;2466666;0;1348634;0;0;3815300;99651456;4022368;0;940288;23173571;0;8749883;36886110;136537566;
2357;900284732;2019-12-31;2019;MILES;18981;1169087;24680770;0;25868838;830682;0;0;1130604;0;1961286;27830124;2524580;9622876;2370378;585395;916939;2000162;18020330;362350;0;0;0;0;362350;18382680;800000;0;3290001;5357443;0;0;9447444;27830124;
2358;900284732;2019-12-31;2018;MILES;467177;685480;15328552;0;16481209;294340;0;0;1052722;0;1347062;17828271;500000;4921170;3053003;209311;1225505;107470;10016459;0;0;0;0;0;0;10016459;800000;0;3290001;3721811;0;0;7811812;17828271;
2359;900118764;2019-12-31;2019;MILES;431294;187726;1615085;643020;2877125;170010;0;0;14909869;0;15079879;17957004;952497;370901;0;316970;78698;2924153;4643219;2093564;0;0;0;0;2093564;6736783;10930299;0;0;-27383010;0;27672932;11220221;17957004;
2360;900118764;2019-12-31;2018;MILES;965288;102922;1573487;321843;2963540;202983;0;0;18657894;0;18860877;21824417;1094765;360393;0;362082;41976;3574093;5433309;21328085;0;0;0;0;21328085;26761394;10930299;54668860;0;-70536144;0;8;-4936977;21824417;
2361;830007716;2019-12-31;2019;MILES;29871154;5709141;20029355;3809539;59419189;2660553;0;0;488157;0;3148710;62567899;0;35397550;4050625;1044686;1868736;439147;42800744;0;20939628;0;0;0;20939628;63740372;522367;0;484277;-71778956;0;69599839;-1172473;62567899;
2362;830007716;2019-12-31;2018;MILES;11428489;4185419;19372447;5334774;40321129;2787269;0;0;3628457;0;6415726;46736855;0;24556840;8121257;1372117;1112647;1042823;36205684;0;18760222;0;0;0;18760222;54965906;522367;0;484277;-52855086;0;43619391;-8229051;46736855;
2363;890306920;2019-12-31;2019;MILES;159065;1432120;170454;0;1761639;12605463;909454;0;-719817;909454;13704554;15466193;0;640800;0;168658;61260;0;870718;1408673;6670440;359655;0;0;8438768;9309486;8000;1617000;1000;1569671;0;2961036;6156707;15466193;
2364;890306920;2019-12-31;2018;MILES;125659;1844076;822320;0;2792055;12700819;2040426;0;-1877914;2040426;14903757;17695812;0;2403560;0;308177;24787;0;2736524;2477831;6095902;355545;0;0;8929278;11665802;8000;1617000;1000;1442974;0;2961036;6030010;17695812;
2365;900638916;2019-12-31;2019;MILES;993805;1569275;4082486;7481114;14126680;31987669;0;0;1087184;0;33074853;47201533;6566188;10522620;0;304464;0;181528;17574800;14043428;4528910;0;0;0;18572338;36147138;300177;14207387;0;-3453169;0;0;11054395;47201533;
2366;900638916;2019-12-31;2018;MILES;384949;684465;2683467;7304777;11057658;19636784;0;0;955233;0;20592017;31649675;1726518;10258977;0;313181;0;235658;12534334;1168422;6131450;0;0;0;7299872;19834206;300177;14207387;0;-2692095;0;0;11815469;31649675;
2367;830116746;2019-12-31;2019;MILES;935775;1663194;18606630;19570698;40776297;4665858;0;2775300;535547;0;7976705;48753002;7051817;12024708;0;199907;2692239;109184;22077855;0;0;1833521;0;1217758;3051279;25129134;1300000;0;669707;21654161;0;0;23623868;48753002;
2368;830116746;2019-12-31;2018;MILES;291130;340081;18100988;18280506;37012705;4760072;0;2775300;239837;0;7775209;44787914;7513810;12995354;0;187117;932745;774123;22403149;0;0;645439;0;775131;1420570;23823719;1300000;0;669707;18994488;0;0;20964195;44787914;
2369;800035290;2019-12-31;2019;MILES;1919960;11583361;16287965;19283361;49074647;131785294;387037;13939903;3188756;387037;149688027;198762674;19844338;29104291;700852;0;6823562;1924851;58397894;21537512;13646906;23177955;8658748;568681;67589802;125987696;2000000;0;12532605;-14811781;0;73054154;72774978;198762674;
2370;800035290;2019-12-31;2018;MILES;1522877;11653085;12211262;23027521;48414745;147015943;373879;2721889;2748756;373879;153234346;201649091;12108361;29049503;764235;0;5533778;1933359;49389236;25978653;15637686;25965319;7343116;425484;75350258;124739494;2000000;0;12532605;-9372843;0;71749835;76909597;201649091;
2371;900425918;2019-12-31;2019;MILES;1825204;0;34308299;13879351;50012854;1556621;0;0;866328;0;2422949;52435803;21144929;23175589;0;202624;218711;17400;44759253;0;0;0;0;0;0;44759253;12400000;0;0;-4723450;0;0;7676550;52435803;
2372;900425918;2019-12-31;2018;MILES;3136756;0;30180636;21631624;54949016;1170655;0;0;1341174;0;2511829;57460845;17947707;31522021;0;234447;619316;0;50323491;0;0;0;0;0;0;50323491;12400000;0;0;-5262646;0;0;7137354;57460845;
2373;900365405;2019-12-31;2019;MILES;1683670;5054750;18452910;14250361;39441691;9830611;0;0;1071295;0;10901906;50343597;13933793;33410937;192319;0;0;0;47537049;0;0;0;0;0;0;47537049;1815000;0;201234;790314;0;0;2806548;50343597;
2374;900365405;2019-12-31;2018;MILES;2281235;3970955;9813681;15364193;31430064;9561513;0;0;959786;0;10521299;41951363;13233706;24286680;100532;499215;1646608;0;39766741;261885;0;0;0;0;261885;40028626;1815000;0;201234;-93497;0;0;1922737;41951363;
2375;901093273;2019-12-31;2019;MILES;279104;12881;9769994;37493598;47555577;0;0;0;0;0;0;47555577;7839946;5742246;0;106241;2968;0;13691401;18293208;0;0;0;15371749;33664957;47356358;100000;0;0;99219;0;0;199219;47555577;
2376;901093273;2019-12-31;2018;MILES;360367;15325;3831420;25172225;29379337;0;0;0;0;0;0;29379337;4350137;2708689;0;67448;2674;0;7128948;10150321;0;0;0;11886133;22036454;29165402;100000;0;0;113935;0;0;213935;29379337;
2377;900251415;2019-12-31;2019;MILES;234171;8035282;120043673;27229713;155542839;177886934;0;0;5997319;0;183884253;339427092;3640293;120805644;566484;1766128;0;0;126778549;0;0;0;0;0;0;126778549;21704299;312274785;0;-121330541;0;0;212648543;339427092;
2378;900251415;2019-12-31;2018;MILES;4348060;3410666;90517038;28385008;126660772;170899766;0;0;7466048;0;178365814;305026586;46409;87148568;53561;1487014;0;0;88735552;0;0;0;0;0;0;88735552;21653299;312325785;0;-117688050;0;0;216291034;305026586;
2379;800179834;2019-12-31;2019;MILES;808201;0;3422265;3919730;8150196;3934222;24938745;0;-22438930;24938745;31372782;39522978;993757;3836740;0;0;1707222;480715;7018434;10991781;200000;285571;0;11910011;23387363;30405797;800000;0;1479747;4955456;0;1881978;9117181;39522978;
2380;800179834;2019-12-31;2018;MILES;734152;0;4102770;2833170;7670092;4480368;24935125;0;-22466369;24935125;31884249;39554341;993757;4264732;0;0;1591008;625629;7475126;10991781;200000;285571;0;11910011;23387363;30862489;800000;0;1479747;4530127;0;1881978;8691852;39554341;
2381;900061203;2019-12-31;2019;MILES;10153;4988;106112;0;121253;0;0;0;62338353;0;62338353;62459606;0;77000;0;0;1209;0;78209;0;2571886;5091557;0;0;7663443;7741652;75000;413619;16807296;37422039;0;0;54717954;62459606;
2382;900061203;2019-12-31;2018;MILES;10148;7371;117578;0;135097;0;0;0;53002753;0;53002753;53137850;0;77000;0;0;4585;0;81585;0;2571886;2010813;0;0;4582699;4664284;75000;413619;10552443;37432504;0;0;48473566;53137850;
2383;830117019;2019-12-31;2019;MILES;738963;488516;1898340;0;3125819;0;0;0;20275;0;20275;3146094;16238;192456;0;510630;351339;212037;1282700;0;0;0;0;0;0;1282700;400000;0;105878;1357516;0;0;1863394;3146094;
2384;830117019;2019-12-31;2018;MILES;692824;506880;1603647;0;2803351;0;0;0;24542;0;24542;2827893;19920;621129;0;399151;174252;261377;1475829;0;0;0;0;0;0;1475829;400000;0;105878;846186;0;0;1352064;2827893;
2385;900445516;2019-12-31;2019;MILES;667857;229374;2004002;0;2901233;0;0;0;0;0;0;2901233;0;101079;653199;32495;0;25968;812741;0;0;0;0;1242764;1242764;2055505;8871;0;-381351;-8064522;0;9282730;845728;2901233;
2386;900445516;2019-12-31;2018;MILES;2912406;319593;1083627;0;4315626;0;0;0;0;0;0;4315626;0;218879;855955;18745;0;83851;1177430;0;0;0;0;1127217;1127217;2304647;8871;0;-391456;-6889166;0;9282730;2010979;4315626;
2387;900961620;2019-12-31;2019;MILES;11937885;203599;17796655;10052576;39990715;544502;0;0;6498374;0;7042876;47033591;502574;7231661;0;311170;1797320;0;9842725;271124;24578550;0;0;0;24849674;34692399;17572500;0;0;-5231308;0;0;12341192;47033591;
2388;900961620;2019-12-31;2018;MILES;16800805;414205;11291958;12562974;41069942;654887;0;0;9121076;0;9775963;50845905;184152;8342486;0;704160;904473;0;10135271;0;24373125;0;0;0;24373125;34508396;17572500;0;0;-1234991;0;0;16337509;50845905;
2389;900180915;2019-12-31;2019;MILES;174179;1043146;1075086;696261;2988672;9724134;375952;0;30736826;375952;41212864;44201536;0;1011019;0;819265;0;80444;1910728;2422897;7905311;2093047;0;0;12421255;14331983;36363000;0;65174;-6558621;0;0;29869553;44201536;
2390;900180915;2019-12-31;2018;MILES;125764;979872;2639324;1006757;4751717;8933637;6572788;0;21627241;6572788;43706454;48458171;0;2088011;0;869026;266223;81293;3304553;2168036;12005565;2129560;0;0;16303161;19607714;33882000;0;43634;-5075177;0;0;28850457;48458171;
2391;900211120;2019-12-31;2019;MILES;1869902;1028401;2308999;0;5207302;0;6308495;0;-5643659;6308495;6973331;12180633;254294;3285139;0;13003;31750;17;3584203;343503;0;0;0;0;343503;3927706;3044104;26671324;0;-21462501;0;0;8252927;12180633;
2392;900211120;2019-12-31;2018;MILES;3304649;1656303;1516532;376308;6853792;6431419;0;0;1205663;0;7637082;14490874;0;5015860;0;451027;804771;600;6272258;0;0;0;0;0;0;6272258;3044104;26671324;0;-21496812;0;0;8218616;14490874;
2393;860017015;2019-12-31;2019;MILES;10362;256608;614478;604406;1485854;1377155;671226;0;-115109;671226;2604498;4090352;92758;746680;0;187982;972884;55839;2056143;0;302416;168005;0;615799;1086220;3142363;1335000;0;754532;-1141543;0;0;947989;4090352;
2394;860017015;2019-12-31;2018;MILES;142566;255466;1113634;1141361;2653027;1945950;979422;0;138097;979422;4042891;6695918;274644;1067082;0;236462;375187;168266;2121641;0;1057568;165173;0;622329;1845070;3966711;1335000;0;754532;639675;0;0;2729207;6695918;
2395;830047215;2019-12-31;2019;MILES;3915036;4497172;4932248;0;13344456;2417299;0;0;3955918;0;6373217;19717673;80478;2308463;0;882537;145856;4087651;7504985;0;0;511469;0;0;511469;8016454;466111;0;2774381;7198773;0;1261954;11701219;19717673;
2396;830047215;2019-12-31;2018;MILES;6001950;6853079;2646526;0;15501555;2567070;0;0;3515888;0;6082958;21584513;123532;2547165;0;1662415;1551429;3047311;8931852;0;0;221358;0;0;221358;9153210;466111;0;2774381;7928857;0;1261954;12431303;21584513;
2397;890942914;2019-12-31;2019;MILES;1688696;199282;11072226;2570910;15531114;1624861;0;0;310660;0;1935521;17466635;1481724;2650561;0;194602;586655;899745;5813287;1870277;0;431918;0;0;2302195;8115482;1050000;3683775;176867;4440511;0;0;9351153;17466635;
2398;890942914;2019-12-31;2018;MILES;915165;164580;10957777;2799301;14836823;4100601;0;0;239055;0;4339656;19176479;0;4918608;0;292323;836779;1233637;7281347;1651114;0;1016572;0;0;2667686;9949033;980000;2840400;176867;4666634;0;563545;9227446;19176479;
2399;800125313;2019-12-31;2019;MILES;363769;356580;24550514;3234501;28505364;10050812;0;2889906;197362;0;13138080;41643444;18179507;3854110;0;9628358;449891;0;32111866;0;0;331430;0;0;331430;32443296;2500000;0;758719;5300367;0;641062;9200148;41643444;
2400;800125313;2019-12-31;2018;MILES;1249975;238854;19515448;3214827;24219104;8252967;0;2701115;176769;0;11130851;35349955;14279687;3825950;0;8505480;601067;0;27212184;0;0;371708;0;171164;542872;27755056;2500000;0;549202;3889700;0;655997;7594899;35349955;
2401;860350922;2019-12-31;2019;MILES;9985661;3071150;6577202;8780127;28414140;11223833;0;0;486301;0;11710134;40124274;0;5120536;0;665305;1410866;8730957;15927664;0;0;283725;0;13105;296830;16224494;2669808;21058;14581334;6627580;0;0;23899780;40124274;
2402;860350922;2019-12-31;2018;MILES;2892350;4141577;10600007;11261540;28895474;9910354;0;0;123970;0;10034324;38929798;0;6079734;0;716182;3200011;5662040;15657967;0;0;688495;0;8607;697102;16355069;2669810;21057;9908813;9975049;0;0;22574729;38929798;
2403;830079716;2019-12-31;2019;MILES;5401158;1610524;0;9814451;16826133;4304666;0;0;133782;0;4438448;21264581;0;8644290;0;731058;753317;1602807;11731472;0;0;0;0;2183067;2183067;13914539;657500;0;458322;6234220;0;0;7350042;21264581;
2404;830079716;2019-12-31;2018;MILES;3794143;16547;0;8207761;12018451;292154;0;0;972051;0;1264205;13282656;0;3785059;0;958631;666286;43767;5453743;0;0;0;0;0;0;5453743;657500;0;458322;6713091;0;0;7828913;13282656;
2405;816008416;2019-12-31;2019;MILES;11;76538;214410;2724480;3015439;4536228;5807;0;30804;5807;4578646;7594085;0;158291;0;0;267155;653348;1078794;3930386;1071669;534479;262912;13354;5812800;6891594;925260;0;1720840;-1943609;0;0;702491;7594085;
2406;816008416;2019-12-31;2018;MILES;27193;206243;3711989;3784873;7730298;4166395;0;0;76406;0;4242801;11973099;1033504;1863931;0;0;289691;1334648;4521774;0;0;134249;0;2532989;2667238;7189012;925260;0;1700487;2158340;0;0;4784087;11973099;
2407;860533955;2019-12-31;2019;MILES;327499;2772483;3829602;17842875;24772459;56218179;0;0;147342;0;56365521;81137980;4479027;1235418;0;1476143;819352;2288862;10298802;19799915;0;0;0;732270;20532185;30830987;1539817;678249;622852;21794533;0;25671542;50306993;81137980;
2408;860533955;2019-12-31;2018;MILES;141951;2230903;11421852;16811773;30606479;43388051;0;0;2042292;0;45430343;76036822;7938504;2270524;0;1321653;620849;2262553;14414083;18152440;0;0;0;2557634;20710074;35124157;1539817;678249;622852;22116407;0;15955340;40912665;76036822;
2409;900728909;2019-12-31;2019;MILES;610473;174556;1442443;9927;2237399;18911977;0;0;0;0;18911977;21149376;0;10806118;0;767010;127232;28203;11728563;0;0;0;0;0;0;11728563;3119213;0;9759986;-3458386;0;0;9420813;21149376;
2410;900728909;2019-12-31;2018;MILES;885086;77977;4060477;4480246;9503786;19269256;0;0;0;0;19269256;28773042;0;16623262;0;693756;331367;104889;17753274;0;0;0;0;0;0;17753274;3119213;0;9759986;-1859431;0;0;11019768;28773042;
2411;900883717;2019-12-31;2019;MILES;18889438;12825339;343317144;0;375031921;5132881;0;0;1134681;0;6267562;381299483;0;30264240;185780;159826;5650887;0;36260733;3813082;306330531;0;825658;0;310969271;347230004;6612829;33746529;2047812;-8337691;0;0;34069479;381299483;
2412;900883717;2019-12-31;2018;MILES;3035553;20308388;171618765;0;194962706;452920;0;0;691946;0;1144866;196107572;0;14783991;197648;94393;332626;0;15408658;0;163500715;0;563512;0;164064227;179472885;3239911;20733747;-592321;-6746650;0;0;16634687;196107572;
2413;900720625;2019-12-31;2019;MILES;5106241;5884975;31666043;10333968;52991227;114775522;0;0;0;0;114775522;167766749;5212887;49578766;0;0;1136564;0;55928217;0;0;0;0;47755509;47755509;103683726;19635;0;9818;16671221;0;47382349;64083023;167766749;
2414;900720625;2019-12-31;2018;MILES;3229024;7770071;28125945;8047093;47172133;115858556;0;0;204747;0;116063303;163235436;14161350;44941912;0;0;1369047;0;60472309;0;0;0;0;38028673;38028673;98500982;19635;0;9818;7814736;0;56890265;64734454;163235436;
2415;900304632;2019-12-31;2019;MILES;823005;3187361;16260769;0;20271135;4726685;4120734;0;15192685;4120734;28160838;48431973;2133807;12996524;0;0;659314;627069;16416714;509069;3721208;0;0;16740923;20971200;37387914;1819480;5700782;807;3522990;0;0;11044059;48431973;
2416;900304632;2019-12-31;2018;MILES;429896;3815345;9277852;0;13523093;4092894;4710088;0;-4141587;4710088;9371483;22894576;4572153;6486936;0;0;1907488;0;12966577;818648;5748632;0;0;250734;6818014;19784591;1819480;5700782;807;-4411084;0;0;3109985;22894576;
2417;900253413;2019-12-31;2019;MILES;5960019;4915138;14660228;9514977;35050362;737854;0;0;5192343;0;5930197;40980559;26802030;13450984;10976190;1668782;0;0;52897986;0;0;0;0;235763;235763;53133749;24954349;0;0;-37107539;0;0;-12153190;40980559;
2418;900253413;2019-12-31;2018;MILES;13601063;4091386;24104660;11726657;53523766;956718;0;0;12987489;0;13944207;67467973;26100000;13192425;3411281;2451820;1947338;0;47102864;0;0;1848927;0;202693;2051620;49154484;24954349;0;0;-6640860;0;0;18313489;67467973;
2419;811010574;2019-12-31;2019;MILES;1283481;1713693;7449641;19373629;29820444;7992982;0;0;15443148;0;23436130;53256574;16844473;3636747;0;371676;322143;2903685;24078724;0;0;996236;13511125;0;14507361;38586085;640000;0;643003;7421499;0;5965987;14670489;53256574;
2420;811010574;2019-12-31;2018;MILES;838364;1648019;6802622;14570557;23859562;6105211;0;0;15443148;0;21548359;45407921;13295506;1818500;0;332588;1182084;0;16628678;0;0;985579;13943148;0;14928727;31557405;640000;0;643003;6601526;0;5965987;13850516;45407921;
2421;801004045;2019-12-31;2019;MILES;8587323;47779146;10860550;15721134;82948153;78559795;0;0;2756870;0;81316665;164264818;53915141;36967284;162416;2604134;381968;3552703;97583646;36019535;0;4765525;0;16045442;56830502;154414148;3137400;15488784;-16250972;7475458;0;0;9850670;164264818;
2422;801004045;2019-12-31;2018;MILES;4722369;25204909;5806706;15670196;51404180;65563717;0;0;768081;0;66331798;117735978;19312267;39365993;1703342;2470597;0;399598;63251797;24885898;0;3398698;0;107504;28392100;91643897;3137400;15488784;3021161;4444736;0;0;26092081;117735978;
2423;890206735;2019-12-31;2019;MILES;399568;1213097;10488694;5847741;17949100;10827474;0;0;428683;0;11256157;29205257;6807938;4097644;41938;89328;97832;318666;11453346;5300000;0;0;0;10474297;15774297;27227643;3893117;934548;514279;-3364330;0;0;1977614;29205257;
2424;890206735;2019-12-31;2018;MILES;460589;573250;10694825;5699781;17428445;474366;0;160000;118220;0;752586;18181031;4323168;2905464;37291;105477;262122;629173;8262695;9166667;0;9431;0;0;9176098;17438793;2433198;194467;729391;-2614818;0;0;742238;18181031;
2425;900761942;2019-12-31;2019;MILES;87100;0;143320;5534088;5764508;0;0;0;0;0;0;5764508;260392;289554;0;28243;53843;0;632032;0;0;0;0;4111017;4111017;4743049;510000;0;0;511459;0;0;1021459;5764508;
2426;900761942;2019-12-31;2018;MILES;21222;0;40196;5766665;5828083;0;0;0;0;0;0;5828083;409047;1018921;0;61275;40512;0;1529755;0;0;0;0;3384661;3384661;4914416;510000;0;0;403667;0;0;913667;5828083;
2427;890308729;2019-12-31;2019;MILES;235802;3064114;1179631;2985890;7465437;5686234;0;5134997;62902;0;10884133;18349570;810359;771000;833389;123204;2670318;529745;5738015;4671045;0;0;0;900000;5571045;11309060;4537692;0;49592;2453226;0;0;7040510;18349570;
2428;890308729;2019-12-31;2018;MILES;18781;1445568;1365395;2853234;5682978;11014984;0;5134997;67185;0;16217166;21900144;294420;956294;311206;122179;4118722;817771;6620592;499999;0;0;0;900000;1399999;8020591;4537692;0;49592;595391;0;8696878;13879553;21900144;
2429;900236520;2019-12-31;2019;MILES;3229970;9381540;2705790;12472000;27789300;33297210;0;0;105565710;0;138862920;166652220;7111874;23921661;106190;2134560;1279780;0;34554065;106800890;0;0;0;0;106800890;141354955;15501990;139640560;0;-129845285;0;0;25297265;166652220;
2430;900236520;2019-12-31;2018;MILES;16711319;4605893;1824015;8472891;31614118;22910816;0;0;15478983;0;38389799;70003917;1284444;14356175;693830;1540826;1045879;0;18921154;20816500;0;0;0;0;20816500;39737654;13066494;117721064;0;-100521295;0;0;30266263;70003917;
2431;811041784;2019-12-31;2019;MILES;217564;877956;15696430;25078673;41870623;8072890;0;0;537726;0;8610616;50481239;9256060;6382104;0;477557;355158;0;16470879;3268272;0;1151512;0;0;4419784;20890663;1033677;20145948;171821;8239130;0;0;29590576;50481239;
2432;811041784;2019-12-31;2018;MILES;1651303;0;18084531;23617127;43352961;6422965;0;0;458649;0;6881614;50234575;13185422;5062304;0;426850;271172;14880;18960628;2355544;0;1072436;0;0;3427980;22388608;1033677;20145948;171821;6494521;0;0;27845967;50234575;
2433;805025631;2019-12-31;2019;MILES;1190361;1536206;16471828;15803223;35001618;13847863;0;0;184540;0;14032403;49034021;11432140;9394307;0;1888428;822752;481650;24019277;5596191;0;311473;0;0;5907664;29926941;1100000;2200000;550000;13699084;0;1557996;19107080;49034021;
2434;805025631;2019-12-31;2018;MILES;1420400;986790;16254019;17864666;36525875;20196312;0;0;337698;0;20534010;57059885;12871767;11338114;0;1825984;876292;437951;27350108;8897632;2409404;509332;0;0;11816368;39166476;1100000;2200000;550000;7844773;0;6198636;17893409;57059885;
2435;900946218;2019-12-31;2019;MILES;230713;0;632;0;231345;1632211;0;0;133608272;0;135240483;135471828;118800;18502;0;0;16489;0;153791;517811;132938716;0;0;1000599;134457126;134610917;165000;0;0;695911;0;0;860911;135471828;
2436;900946218;2019-12-31;2018;MILES;224392;0;1155;0;225547;31687969;0;0;103629152;0;135317121;135542668;117601;0;0;0;13547;0;131148;560290;138948385;0;0;1000599;140509274;140640422;165000;0;0;-5262754;0;0;-5097754;135542668;
2437;800021596;2019-12-31;2019;MILES;954698;2739659;1432720;0;5127077;69408693;0;0;22619596;0;92028289;97155366;179901;330205;0;61765;834679;0;1406550;0;0;6190408;0;0;6190408;7596958;3010000;0;10041254;1776954;0;74730200;89558408;97155366;
2438;800021596;2019-12-31;2018;MILES;1286013;1663825;1308044;0;4257882;68744328;0;0;23328363;0;92072691;96330573;94687;121397;0;42883;716875;0;975842;0;0;8516605;0;0;8516605;9492447;3010000;0;4774219;6340752;0;72713155;86838126;96330573;
2439;811045326;2019-12-31;2019;MILES;438439;667826;3600204;4496692;9203161;2352137;0;0;1130958;0;3483095;12686256;0;10573556;0;48397;63685;81013;10766651;0;0;582685;0;92366;675051;11441702;450495;3524789;50000;-2780730;0;0;1244554;12686256;
2440;811045326;2019-12-31;2018;MILES;221815;434362;3527990;4043705;8227872;352632;0;0;671020;0;1023652;9251524;0;8103033;0;75589;78675;24159;8281456;0;0;16268;0;105000;121268;8402724;450495;3524789;50000;-3176484;0;0;848800;9251524;
2441;900059028;2019-12-31;2019;MILES;356899;11289;314619;0;682807;98412839;56000;0;1332932;56000;99857771;100540578;355512;112326;0;0;4412;0;472250;12915114;56000;9395140;0;651420;23017674;23489924;94744190;0;3002512;-27517719;0;6821671;77050654;100540578;
2442;900059028;2019-12-31;2018;MILES;142487;545;169624;0;312656;99911129;128000;0;1529878;128000;101697007;102009663;3875512;96936;0;0;0;0;3972448;13270626;139569;10969599;0;493220;24873014;28845462;91224190;0;3002512;-27884172;0;6821671;73164201;102009663;
2443;805029321;2019-12-31;2019;MILES;2885368;1107776;551989;12949924;17495057;42439635;0;0;956233;0;43395868;60890925;3147868;11324285;0;1134504;583936;70099;16260692;21671454;3644805;983128;0;0;26299387;42560079;400000;0;209099;9825358;0;7896389;18330846;60890925;
2444;805029321;2019-12-31;2018;MILES;3930886;327452;656974;11002216;15917528;24235300;0;0;1476130;0;25711430;41628958;1717550;16104898;0;817917;159082;69060;18868507;5319168;0;1166322;0;0;6485490;25353997;400000;0;209099;8687513;0;6978349;16274961;41628958;
2445;802009120;2019-12-31;2019;MILES;17051;2274837;48781962;0;51073850;404802;499372;0;2716774;499372;4120320;55194170;17235211;49305559;0;0;3140812;0;69681582;0;0;3303092;0;0;3303092;72984674;52480;11562319;1516441;-30921744;0;0;-17790504;55194170;
2446;802009120;2019-12-31;2018;MILES;54698;1666295;37576785;114505;39412283;855985;482862;0;4183527;482862;6005236;45417519;15625763;37665075;0;0;2242164;0;55533002;0;0;4021467;0;0;4021467;59554469;52480;11562319;1516441;-27268190;0;0;-14136950;45417519;
2447;900187423;2019-12-31;2019;MILES;929169;49036;0;0;978205;58711;10624393;0;69792514;10624393;91100011;92078216;0;7015242;0;0;35239;0;7050481;0;0;19375;0;0;19375;7069856;117413;1841;1230142;79045587;0;4613377;85008360;92078216;
2448;900187423;2019-12-31;2018;MILES;2236906;0;0;0;2236906;84918;10929800;0;76636224;10929800;98580742;100817648;0;6918677;0;0;1238720;0;8157397;0;0;62618;0;0;62618;8220015;117413;1841;1230142;86634860;0;4613377;92597633;100817648;
2449;900366754;2019-12-31;2019;MILES;469202;157344;0;0;626546;0;0;0;5925571;0;5925571;6552117;0;0;0;0;153727;131;153858;0;0;0;0;0;0;153858;24280100;0;0;-18199550;0;317709;6398259;6552117;
2450;900366754;2019-12-31;2018;MILES;1061;91922;0;0;92983;0;0;0;12704974;0;12704974;12797957;0;0;0;0;272902;0;272902;0;0;0;0;0;0;272902;24280100;0;0;-11755047;0;2;12525055;12797957;
2451;900464187;2019-12-31;2019;MILES;4526055;2284506;22279607;748087;29838255;5397907;3913148;0;18589301;3913148;31813504;61651759;10481623;12815861;1504784;0;0;10139004;34941272;22218410;200255;0;0;2067814;24486479;59427751;3302753;32786550;21645486;-55510781;0;0;2224008;61651759;
2452;900464187;2019-12-31;2018;MILES;3428154;3649835;6648040;1316171;15042200;3910634;9036939;0;31979775;9036939;53964287;69006487;10622772;7598924;0;0;0;5983014;24204710;13714672;187248;0;0;17771331;31673251;55877961;3302753;32786550;21663224;-44624001;0;0;13128526;69006487;
2453;805015721;2019-12-31;2019;MILES;403;18627;2011786;0;2030816;346546;0;30713662;0;0;31060208;33091024;230836;1322058;0;0;1265;11042;1565201;150000;0;0;0;0;150000;1715201;34722;3735591;287092;1559679;0;25758739;31375823;33091024;
2454;805015721;2019-12-31;2018;MILES;402;10891;1470081;0;1481374;1429682;0;29403761;0;0;30833443;32314817;270889;1053398;0;0;21217;9426;1354930;1132709;0;0;0;0;1132709;2487639;34722;3735591;287092;1302775;0;24466998;29827178;32314817;
2455;805015722;2019-12-31;2019;MILES;100;21733;1844949;0;1866782;1741428;0;30517089;0;0;32258517;34125299;229696;1632953;0;0;1266;6018;1869933;150000;0;0;0;0;150000;2019933;24530;994159;291132;2811563;0;27983982;32105366;34125299;
2456;805015722;2019-12-31;2018;MILES;6413;16031;936242;0;958686;2500967;0;29198210;0;0;31699177;32657863;191608;1554290;0;0;22357;8571;1776826;560982;0;0;0;0;560982;2337808;24530;994159;291132;2326971;0;26683263;30320055;32657863;
2457;800122420;2019-12-31;2019;MILES;322605;3839806;12505604;20144694;36812709;18306143;2653800;0;3534616;2653800;27148359;63961068;14053602;14985738;0;0;5510903;5101;34555344;5789972;0;4949420;0;0;10739392;45294736;1497300;0;1497300;15671732;0;0;18666332;63961068;
2458;800122420;2019-12-31;2018;MILES;898391;1799823;10006040;19842861;32547115;16556192;2960442;0;4604827;2960442;27081903;59629018;10160;12164229;0;0;6183555;2153;18360097;19334659;0;5899981;0;0;25234640;43594737;1497300;0;1497300;13039681;0;0;16034281;59629018;
2459;900068328;2019-12-31;2019;MILES;122556;539227;2430274;2270204;5362261;8317802;1295953;0;-405463;1295953;10504245;15866506;1437283;3454446;0;470320;279828;5054;5646931;148411;136631;1977379;0;0;2262421;7909352;250000;0;126317;7580837;0;0;7957154;15866506;
2460;900068328;2019-12-31;2018;MILES;374076;6796;4202191;787052;5370115;8762333;864133;0;-304016;864133;10186583;15556698;88863;2801769;0;463997;413614;0;3768243;1563114;600264;1738391;0;0;3901769;7670012;250000;0;126317;7510369;0;0;7886686;15556698;
2461;800080917;2019-12-31;2019;MILES;2832904;0;28859004;18688498;50380406;33158245;0;1384000;1747060;0;36289305;86669711;11269719;15578291;0;0;1289634;0;28137644;20235228;0;509408;0;0;20744636;48882280;10000000;0;13484696;3283925;0;11018810;37787431;86669711;
2462;800080917;2019-12-31;2018;MILES;10558498;0;22271413;19346947;52176858;31300972;0;1384000;1385561;0;34070533;86247391;13312496;16107978;0;0;1597016;0;31017490;20388367;0;509408;0;0;20897775;51915265;10000000;0;9764396;3548920;0;11018810;34332126;86247391;
2463;860508936;2019-12-31;2019;MILES;193791;2425522;6892042;5749330;15260685;3419357;0;0;46096;0;3465453;18726138;3639012;4515239;0;227018;391062;1928268;10700599;0;0;0;0;0;0;10700599;5000000;0;525510;2500029;0;0;8025539;18726138;
2464;860508936;2019-12-31;2018;MILES;835623;2614699;5155595;6170484;14776401;3270549;0;0;16700;0;3287249;18063650;2173777;3276730;0;221419;635888;2569271;8877085;0;0;0;0;0;0;8877085;5000000;0;525510;3661055;0;0;9186565;18063650;
2465;900317732;2019-12-31;2019;MILES;1090201;17121903;3864981;13594939;35672024;27845877;0;0;11574;0;27857451;63529475;0;44543275;0;0;144076;0;44687351;0;0;232591;0;0;232591;44919942;1520000;0;401093;7377909;0;9310531;18609533;63529475;
2466;900317732;2019-12-31;2018;MILES;91421;224262;29950395;13359972;43626050;27211443;0;0;11574;0;27223017;70849067;27130451;7024632;0;0;14363;0;34169446;19668125;0;232591;0;0;19900716;54070162;1520000;0;318583;5629791;0;9310531;16778905;70849067;
2467;860050420;2019-12-31;2019;MILES;9079667;11455460;42367471;0;62902598;15546409;0;0;33838878;0;49385287;112287885;1422569;3309387;0;0;12037569;20202404;36971929;5173616;0;477051;0;30201211;35851878;72823807;2984865;20905657;2060895;13512661;0;0;39464078;112287885;
2468;860050420;2019-12-31;2018;MILES;18626486;8944457;25036505;0;52607448;17029643;0;0;4379876;0;21409519;74016967;2657900;4517776;0;0;11139564;16611838;34927078;5910304;0;763885;0;1015376;7689565;42616643;2984865;20905657;1458570;6051232;0;0;31400324;74016967;
2469;890926985;2019-12-31;2019;MILES;4554;891283;2907582;1172178;4975597;25778487;0;3979207;2808054;0;32565748;37541345;26989447;5156043;0;655306;0;1176488;33977284;588487;0;0;0;1173283;1761770;35739054;1105106;10766472;1351039;-29017594;0;17597268;1802291;37541345;
2470;890926985;2019-12-31;2018;MILES;123849;706185;2571373;1745177;5146584;18147964;101591;2945269;1847683;101591;23144098;28290682;18435737;5173666;0;482259;0;414016;24505678;0;0;0;0;4738184;4738184;29243862;1105106;10766472;1351039;-26284012;0;12108215;-953180;28290682;
2471;901000833;2019-12-31;2019;MILES;11916587;6878837;5895666;34472669;59163759;1465615;0;0;8915849;0;10381464;69545223;12548057;66807485;0;0;0;1660164;81015706;5704192;0;0;0;0;5704192;86719898;3600000;0;0;-20774675;0;0;-17174675;69545223;
2472;901000833;2019-12-31;2018;MILES;12864133;3466068;6002976;36293961;58627138;0;0;0;6210452;0;6210452;64837590;13247180;54720176;0;0;0;963387;68930743;5143977;0;0;0;0;5143977;74074720;3600000;0;0;-12837130;0;0;-9237130;64837590;
2473;890903736;2019-12-31;2019;MILES;1761161;170776;31199633;0;33131570;189233880;31096281;0;-30652675;31096281;220773767;253905337;2302627;18955617;0;115029;0;0;21373273;40569137;0;17524187;0;0;58093324;79466597;146353;11590837;62706647;43903247;0;56091656;174438740;253905337;
2474;890903736;2019-12-31;2018;MILES;1635545;588687;27920732;0;30144964;189865306;37126602;0;-36629272;37126602;227489238;257634202;1829920;24281280;0;115641;226249;0;26453090;43003118;0;17395896;0;0;60399014;86852104;146353;11590837;57263301;45689951;0;56091656;170782098;257634202;
2475;890307682;2019-12-31;2019;MILES;1807067;38065;7450261;1826371;11121764;14204595;0;0;449263;0;14653858;25775622;1992025;1207665;0;0;708430;120525;4028645;2362628;1335612;2537397;0;0;6235637;10264282;5792000;0;420930;9298410;0;0;15511340;25775622;
2476;890307682;2019-12-31;2018;MILES;937012;55694;7492742;2932099;11417547;14573699;0;0;465791;0;15039490;26457037;1017757;2411476;0;0;631570;62442;4123245;4009499;1334183;2439102;0;0;7782784;11906029;5792000;0;324897;8434111;0;0;14551008;26457037;
2477;901170221;2019-12-31;2019;MILES;3137291;174037;1287588;35855935;40454851;0;0;0;17740456;0;17740456;58195307;632980;21961216;0;0;460976;0;23055172;16989820;0;0;0;18065200;35055020;58110192;10000;0;0;75115;0;0;85115;58195307;
2478;901170221;2019-12-31;2018;MILES;4359811;125472;736991;11120613;16342887;0;10000;0;-10000;10000;10000;16352887;0;5837309;0;0;53172;0;5890481;2600000;0;0;0;7843332;10443332;16333813;10000;0;0;9074;0;0;19074;16352887;
2479;900157541;2019-12-31;2019;MILES;803438;1013961;1556734;0;3374133;273117;0;0;855076;0;1128193;4502326;33586;877409;0;116878;31459;182297;1241629;0;0;658;0;813523;814181;2055810;450006;252469;225003;1519038;0;0;2446516;4502326;
2480;900157541;2019-12-31;2018;MILES;241415;1176386;3320688;0;4738489;222909;0;0;13454;0;236363;4974852;21331;976756;0;100663;224361;500532;1823643;0;0;0;0;0;0;1823643;450006;252469;225003;2223731;0;0;3151209;4974852;
2481;800138850;2019-12-31;2019;MILES;22886357;14307204;4499007;0;41692568;0;0;0;38803150;0;38803150;80495718;0;9319498;0;0;1467287;0;10786785;0;0;0;0;0;0;10786785;561440;0;236536681;-611663066;0;444273878;69708933;80495718;
2482;800138850;2019-12-31;2018;MILES;26180061;9373774;1562024;0;37115859;0;0;0;174094709;0;174094709;211210568;0;25955861;27900260;0;3065957;0;56922078;0;0;0;0;0;0;56922078;561440;0;236240366;-567921299;0;485407983;154288490;211210568;
2483;890207543;2019-12-31;2019;MILES;9635005;16519002;20093695;10680782;56928484;10155293;0;0;3369541;0;13524834;70453318;2417371;9611732;210466;1117952;1114612;6077870;20550003;2812325;0;743612;0;10692749;14248686;34798689;1000000;0;500000;33787995;0;366634;35654629;70453318;
2484;890207543;2019-12-31;2018;MILES;5946956;4342712;30905048;12879108;54073824;11068108;0;0;6982285;0;18050393;72124217;2744680;12367243;93885;1110812;625318;11226867;28168805;5214012;0;2575631;0;8244464;16034107;44202912;1000000;0;500000;26054671;0;366634;27921305;72124217;
2485;900342832;2019-12-31;2019;MILES;2795033;9318331;4079362;0;16192726;5725709;0;3427951;130000;0;9283660;25476386;0;631061;426110;643200;1244473;0;2944844;0;0;1809304;0;0;1809304;4754148;2500000;0;9864872;1342371;0;7014995;20722238;25476386;
2486;900342832;2019-12-31;2018;MILES;1851916;9319797;2576515;0;13748228;5970639;0;3427951;130000;0;9528590;23276818;0;260719;14719;602053;943626;0;1821117;0;0;2013053;0;62782;2075835;3896952;2500000;0;9286450;578422;0;7014994;19379866;23276818;
2487;900458019;2019-12-31;2019;MILES;357970;1966324;2480801;3139812;7944907;1336275;0;0;123766;0;1460041;9404948;150000;1235352;1056581;98718;187393;804535;3532579;7244408;527958;0;0;0;7772366;11304945;171024;0;0;-2071021;0;0;-1899997;9404948;
2488;900458019;2019-12-31;2018;MILES;176075;1789664;1301073;2181495;5448307;1700134;0;0;138206;0;1838340;7286647;0;459212;94418;157555;104956;297219;1113360;5377424;624839;0;0;0;6002263;7115623;3205926;0;0;-3034902;0;0;171024;7286647;
2489;900087333;2019-12-31;2019;MILES;8098;0;81896;0;89994;19207695;0;0;8;0;19207703;19297697;300000;128861;0;7298;63378;627;500164;0;138031;1404608;1517912;0;3060551;3560715;4000000;0;745510;839447;0;10152025;15736982;19297697;
2490;900087333;2019-12-31;2018;MILES;33194;0;64020;0;97214;19215778;0;0;8;0;19215786;19313000;300000;120635;0;7879;58224;0;486738;0;0;1404928;1748608;0;3153536;3640274;4000000;0;745510;775191;0;10152025;15672726;19313000;
2491;805015720;2019-12-31;2019;MILES;25;18602;2274671;0;2293298;262777;0;30854912;0;0;31117689;33410987;351308;1487234;0;0;1266;36957;1876765;399891;0;0;0;0;399891;2276656;75673;5819285;283337;1140085;0;23815951;31134331;33410987;
2492;805015720;2019-12-31;2018;MILES;27804;9807;1971619;0;2009230;304613;0;29549525;0;0;29854138;31863368;369407;1144031;0;0;23128;43433;1579999;463459;0;0;0;0;463459;2043458;75673;5819285;283337;1112891;0;22528724;29819910;31863368;
2493;805015719;2019-12-31;2019;MILES;100;20939;2726508;0;2747547;2048708;0;30517089;0;0;32565797;35313344;339134;2394831;0;0;1265;2319;2737549;295238;0;0;0;0;295238;3032787;24550;1163069;298407;2994532;0;27799999;32280557;35313344;
2494;805015719;2019-12-31;2018;MILES;1423;12977;2226356;0;2240756;1935402;0;29198210;0;0;31133612;33374368;250315;2179231;0;0;25850;2580;2457976;330180;0;0;0;0;330180;2788156;24550;1163069;298407;2600906;0;26499280;30586212;33374368;
2495;860002127;2019-12-31;2019;MILES;4969963;28270297;65085500;23020497;121346257;761381;630283;0;18879172;630283;20901119;142247376;2274283;30560242;0;6698077;4540719;4681632;48754953;0;0;1066309;0;31534478;32600787;81355740;56954393;408669286;8988910;-413720953;0;0;60891636;142247376;
2496;860002127;2019-12-31;2018;MILES;13857579;17711434;64949412;39130934;135649359;223264;675983;0;15725785;675983;17301015;152950374;319084;48742592;0;6375255;4819516;3941263;64197710;0;0;728210;0;28758815;29487025;93684735;56954393;408669286;12284484;-418642524;0;0;59265639;152950374;
2497;900108018;2019-12-31;2019;MILES;42082;227947;218946;0;488975;54269200;292928850;0;4114219;292928850;644241119;644730094;0;2249394;0;0;23007512;3149420;28406326;0;55160;34933983;0;16850375;51839518;80245844;88160;0;114048184;357541919;0;92805987;564484250;644730094;
2498;900108018;2019-12-31;2018;MILES;494256;433553;0;0;927809;619684;340810419;0;-43402536;340810419;638837986;639765795;0;843154;0;0;6946797;1665100;9455051;0;120408495;40906441;0;14396205;175711141;185166192;88160;0;120640837;240290803;0;93579803;454599603;639765795;
2499;805015744;2019-12-31;2019;MILES;30660;383426;4674983;6909691;11998760;14951804;0;0;11489;0;14963293;26962053;5711680;4505348;0;0;427033;1023678;11667739;4983331;0;0;0;0;4983331;16651070;6279500;0;203881;166991;0;3660611;10310983;26962053;
2500;805015744;2019-12-31;2018;MILES;91648;429330;5638694;6138749;12298421;12869911;0;0;11489;0;12881400;25179821;4364823;5768982;0;0;589659;1058843;11782307;5088650;0;0;0;0;5088650;16870957;6279500;0;203745;395033;0;1430586;8308864;25179821;
2501;800145723;2019-12-31;2019;MILES;1675107;1058150;736491;16359;3486107;166558;0;0;101887;0;268445;3754552;0;206818;94008;131392;58072;1491166;1981456;0;0;11183;0;97152;108335;2089791;160000;0;80000;1099280;0;325481;1664761;3754552;
2502;800145723;2019-12-31;2018;MILES;1549903;1494403;1269234;8081;4321621;183306;0;0;14520;0;197826;4519447;0;408673;0;108280;46919;2825134;3389006;0;0;35372;0;0;35372;3424378;160000;0;80000;529588;0;325481;1095069;4519447;
2503;805015921;2019-12-31;2019;MILES;3656719;12264618;3850360;2744893;22516590;171956;0;0;2710;0;174666;22691256;0;14911715;0;0;0;269790;15181505;0;0;1731909;0;191953;1923862;17105367;467463;0;27286;2261363;0;2829777;5585889;22691256;
2504;805015921;2019-12-31;2018;MILES;6654134;7557110;859942;2899556;17970742;97608;0;0;0;0;97608;18068350;0;13126576;0;0;0;225728;13352304;0;0;0;0;189812;189812;13542116;467463;0;27286;1201708;0;2829777;4526234;18068350;
2505;900180326;2019-12-31;2019;MILES;111051;3699971;367049;0;4178071;0;0;287520510;1352712;0;288873222;293051293;1419756;3451814;0;0;183965;3513278;8568813;6531;3991970;27714172;0;0;31712673;40281486;192800;20807488;96400;231673119;0;0;252769807;293051293;
2506;900180326;2019-12-31;2018;MILES;19616679;5477533;28423211;0;53517423;0;0;271419913;57773;0;271477686;324995109;207381;50353652;0;0;26581;4167769;54755383;1671750;3991970;19076341;0;0;24740061;79495444;192800;20807488;96400;224402977;0;0;245499665;324995109;
2507;800042522;2019-12-31;2019;MILES;1939839;38913;5262473;14500837;21742062;5262503;0;0;737732;0;6000235;27742297;45000;4246994;0;818843;1598630;0;6709467;10641059;0;614669;0;888955;12144683;18854150;4420000;0;150093;1926178;0;2391876;8888147;27742297;
2508;800042522;2019-12-31;2018;MILES;2079184;13975;4077519;17455359;23626037;6370047;0;0;808873;0;7178920;30804957;45000;7376124;0;769782;1070790;0;9261696;10140850;0;798596;0;1136492;12075938;21337634;4420000;0;150093;2505354;0;2391876;9467323;30804957;
2509;900528072;2019-12-31;2019;MILES;885115;0;4653;0;889768;831746;0;393804;177247731;0;178473281;179363049;0;1470310;0;10110;99860;0;1580280;0;0;7573;0;0;7573;1587853;677766;0;146600586;9240333;0;21256511;177775196;179363049;
2510;900528072;2019-12-31;2018;MILES;1260564;0;4473;0;1265037;831746;0;393804;151076087;0;152301637;153566674;0;1474108;0;9557;87585;0;1571250;0;0;9290;0;0;9290;1580540;677766;0;134903917;-4852060;0;21256511;151986134;153566674;
2511;900989024;2019-12-31;2019;MILES;503431;631610;233177;0;1368218;45070;0;0;66132;0;111202;1479420;19086;27598;0;0;154408;0;201092;0;485084;164;0;0;485248;686340;500000;0;0;293080;0;0;793080;1479420;
2512;900989024;2019-12-31;2018;MILES;361058;318403;429667;0;1109128;45070;0;0;60000;0;105070;1214198;0;23014;0;0;104195;10502;137711;0;459948;11401;0;0;471349;609060;500000;0;0;105138;0;0;605138;1214198;
2513;900629719;2019-12-31;2019;MILES;655624;724231;1160381;458873;2999109;16306843;3566280;0;-555152;3566280;22884251;25883360;0;722130;0;740482;30772;40;1493424;97279;27076;0;0;0;124355;1617779;23300943;0;123214;841424;0;0;24265581;25883360;
2514;900629719;2019-12-31;2018;MILES;1110534;608261;825507;358121;2902423;15693346;3825218;0;-375833;3825218;22967949;25870372;0;231543;0;747277;235306;7;1214133;0;512321;559;0;0;512880;1727013;23300943;0;82975;759441;0;0;24143359;25870372;
2515;900478418;2019-12-31;2019;MILES;168122;151664;2120528;0;2440314;471042;0;0;809594;0;1280636;3720950;9228;1201736;0;0;484986;223049;1918999;0;0;0;0;0;0;1918999;30180;0;0;1771771;0;0;1801951;3720950;
2516;900478418;2019-12-31;2018;MILES;279025;128102;1089366;0;1496493;0;0;0;736084;0;736084;2232577;0;500757;0;0;213472;114330;828559;0;0;0;0;0;0;828559;30180;0;0;1373838;0;0;1404018;2232577;
2517;900156826;2019-12-31;2019;MILES;4065861;3792673;25964879;17727706;51551119;3474630;0;0;3689120;0;7163750;58714869;0;20809108;0;1368827;677706;1959163;24814804;0;0;231959;0;1861180;2093139;26907943;4300000;26275999;779633;451294;0;0;31806926;58714869;
2518;900156826;2019-12-31;2018;MILES;5587136;3788932;25688907;14804335;49869310;4288159;0;0;21126;0;4309285;54178595;0;19590278;36087;1316886;745037;0;21688288;0;0;223094;0;0;223094;21911382;4300000;26275999;199027;1492187;0;0;32267213;54178595;
2519;900727537;2019-12-31;2019;MILES;49891;950701;891207;588628;2480427;4577312;221577;0;23706985;221577;28727451;31207878;0;850975;0;583920;0;0;1434895;3377140;4585323;72719;0;3652604;11687786;13122681;17520242;0;44089;520866;0;0;18085197;31207878;
2520;900727537;2019-12-31;2018;MILES;237989;624843;2226628;643385;3732845;4404535;1973331;0;21949083;1973331;30300280;34033125;0;761078;0;584148;261866;0;1607092;3249750;7477540;92338;0;3652604;14472232;16079324;17520242;0;4372;429187;0;0;17953801;34033125;
2521;830017927;2019-12-31;2019;MILES;728335;0;15793258;30818444;47340037;1733474;0;16461872;6899784;0;25095130;72435167;23109204;4320667;0;146315;244089;0;27820275;5150000;0;2719444;0;10058819;17928263;45748538;1159000;0;240467;12242124;0;13045038;26686629;72435167;
2522;830017927;2019-12-31;2018;MILES;610401;0;7388418;23087571;31086390;2031334;0;21837872;6753020;0;30622226;61708616;15891787;2418815;0;113100;77705;0;18501407;5033019;0;2743345;0;9896445;17672809;36174216;1159000;0;240467;11089895;0;13045038;25534400;61708616;
2523;890905360;2019-12-31;2019;MILES;74427214;25617121;106421671;184952150;391418156;5199394;0;0;13880528;0;19079922;410498078;45038313;2997067;0;0;9687269;501285;58223934;6222585;0;182274;0;0;6404859;64628793;720000;0;274233608;70915677;0;0;345869285;410498078;
2524;890905360;2019-12-31;2018;MILES;80558147;400787;93227084;155026910;329212928;6115511;0;0;565316;0;6680827;335893755;16195045;2623183;0;0;14009676;373747;33201651;6222585;0;0;0;0;6222585;39424236;720000;0;229135701;66613818;0;0;296469519;335893755;
2525;830042322;2019-12-31;2019;MILES;1276;604309;3170116;248811;4024512;12671728;0;0;2064734;0;14736462;18760974;2129387;1376718;0;0;162172;0;3668277;0;0;1023351;0;0;1023351;4691628;240000;0;3754498;10074848;0;0;14069346;18760974;
2526;830042322;2019-12-31;2018;MILES;60818;672922;2028135;177907;2939782;12435279;0;0;1770223;0;14205502;17145284;1174879;1200272;0;0;169489;0;2544640;0;0;1023351;0;0;1023351;3567991;240000;0;3073925;10263368;0;0;13577293;17145284;
2527;901191622;2019-12-31;2019;MILES;366664;1603158;41386413;33452207;76808442;2681319;3776;0;33577944;3776;36266815;113075257;0;2758565;1256150;2834291;2981101;54519231;64349338;0;0;0;0;782076;782076;65131414;4582165;45541389;-118970;-2060741;0;0;47943843;113075257;
2528;901191622;2019-12-31;2018;MILES;445799;1980518;5250368;1351441;9028126;555089;10642;0;34874097;10642;35450470;44478596;0;2691805;809749;2785531;739776;1090077;8116938;5022431;0;0;0;223079;5245510;13362448;2890878;28730762;911920;-1417412;0;0;31116148;44478596;
2529;815001922;2019-12-31;2019;MILES;261494;0;1222879;0;1484373;34177709;0;0;21926;0;34199635;35684008;0;61045;111335;60739;320960;0;554079;0;334862;3079106;0;0;3413968;3968047;87000;0;53598;6120232;0;25455131;31715961;35684008;
2530;815001922;2019-12-31;2018;MILES;254698;0;775084;0;1029782;34271758;0;0;11713;0;34283471;35313253;0;67405;19662;53562;223936;0;364565;0;427701;3079106;0;0;3506807;3871372;87000;0;53598;5846149;0;25455134;31441881;35313253;
2531;832003882;2019-12-31;2019;MILES;1063084;257668;10756413;3274908;15352073;13535474;0;0;276916;0;13812390;29164463;1200000;5061491;47000;572384;654217;164482;7699574;0;0;287704;0;0;287704;7987278;5400000;0;6896022;5595318;0;3285845;21177185;29164463;
2532;832003882;2019-12-31;2018;MILES;3789054;55311;9883867;2100005;15828237;13491596;0;0;257199;0;13748795;29577032;0;3535786;0;583000;1201476;64213;5384475;0;393712;0;0;0;393712;5778187;5400000;0;9258116;5854884;0;3285845;23798845;29577032;
2533;800199453;2019-12-31;2019;MILES;226882;9007;10681983;0;10917872;2060563;200211;0;229361;200211;2690346;13608218;311386;242423;24527;5191877;574646;398520;6743379;0;0;0;0;1203812;1203812;7947191;36980;959378;3543250;1121419;0;0;5661027;13608218;
2534;800199453;2019-12-31;2018;MILES;241908;0;10587068;0;10828976;1427302;150895;0;104219;150895;1833311;12662287;1740197;253444;0;4617115;679835;230091;7520682;0;0;0;0;243200;243200;7763882;36980;959378;3301222;600825;0;0;4898405;12662287;
2535;890903329;2019-12-31;2019;MILES;1415881;8653;18449771;179882;20054187;18335221;0;37827294;20483430;0;76645945;96700132;7047106;4704170;0;0;513627;0;12264903;9008519;0;3603739;0;7532038;20144296;32409199;800000;0;1715663;20269282;0;41505988;64290933;96700132;
2536;890903329;2019-12-31;2018;MILES;1231174;566;11511734;197443;12940917;55853407;0;9709497;22366159;0;87929063;100869980;5522072;4065475;0;0;1004034;0;10591581;9171896;0;7834982;0;7744477;24751355;35342936;800000;0;1715663;48671464;0;14339917;65527044;100869980;
2537;900571023;2019-12-31;2019;MILES;258;17293036;53726;0;17347020;0;0;0;80478072;0;80478072;97825092;3585352;321;0;0;95422;0;3681095;10687500;0;0;0;2948908;13636408;17317503;500000;84465000;-1564915;-2892496;0;0;80507589;97825092;
2538;900571023;2019-12-31;2018;MILES;319;16830551;41823;0;16872693;0;0;0;40646748;0;40646748;57519441;1075490;265;0;0;32421;0;1108176;10666059;0;0;0;1337238;12003297;13111473;500000;84465000;-30877289;-9679743;0;0;44407968;57519441;
2539;900028123;2019-12-31;2019;MILES;1239340;0;10349555;20998428;32587323;53610;0;0;0;0;53610;32640933;5234764;4564241;0;0;1414307;5312788;16526100;824122;0;11206;0;5037802;5873130;22399230;5500000;0;3119716;1621987;0;0;10241703;32640933;
2540;900028123;2019-12-31;2018;MILES;512885;0;2318451;66144354;68975690;65142;0;0;0;0;65142;69040832;249457;1998728;0;0;733201;3812829;6794215;25033889;0;8174;0;27061359;52103422;58897637;5500000;0;2969236;1673959;0;0;10143195;69040832;
2541;830055758;2019-12-31;2019;MILES;393538;7561112;9287787;5470546;22712983;2152214;2118727;0;-1912488;2118727;4477180;27190163;130276;5647865;0;177764;694430;579843;7230178;300579;0;112408;0;4500000;4912987;12143165;1200000;0;600000;13246998;0;0;15046998;27190163;
2542;830055758;2019-12-31;2018;MILES;2195392;6065322;13108828;5456350;26825892;1807862;2859238;0;-2663482;2859238;4862856;31688748;101818;8856847;0;222903;1777155;502831;11461554;457215;0;114271;0;0;571486;12033040;1200000;0;600000;17855708;0;0;19655708;31688748;
2543;900159718;2019-12-31;2019;MILES;713075;2483377;10143087;8248018;21587557;5048302;5942626;0;-3885847;5942626;13047707;34635264;5225719;925116;0;34135;291197;1502737;7978904;1351730;0;333363;0;3859362;5544455;13523359;17152000;0;3056473;-2096833;0;3000265;21111905;34635264;
2544;900159718;2019-12-31;2018;MILES;558647;2420765;22048600;14573061;39601073;7185212;0;0;2216556;0;9401768;49002841;1625787;14507914;0;94633;401899;4741360;21371593;2743732;0;13142;0;4341288;7098162;28469755;17152000;0;2500719;-2288982;0;3169349;20533086;49002841;
2545;900839518;2019-12-31;2019;MILES;1097928;0;6639688;7457406;15195022;4077195;0;0;0;0;4077195;19272217;15229311;3828195;0;3298;9855;0;19070659;0;0;0;0;0;0;19070659;50000;0;0;86058;0;65500;201558;19272217;
2546;900839518;2019-12-31;2018;MILES;50765;0;283297;1011600;1345662;4077195;0;0;0;0;4077195;5422857;1789283;3518074;0;0;578;0;5307935;0;0;0;0;0;0;5307935;50000;0;0;-578;0;65500;114922;5422857;
2547;900385141;2019-12-31;2019;MILES;1086;2137;51452;0;54675;4958844;0;0;0;0;4958844;5013519;0;23803;0;0;0;0;23803;0;3124307;120939;0;0;3245246;3269049;200;488108;0;-83111;0;1339273;1744470;5013519;
2548;900385141;2019-12-31;2018;MILES;1086;11956;63758;0;76800;4958844;0;0;0;0;4958844;5035644;0;15545;0;0;0;0;15545;0;3124307;120939;0;0;3245246;3260791;200;488108;0;-52728;0;1339273;1774853;5035644;
2549;900459781;2019-12-31;2019;MILES;167066;22193397;3881560;1599945;27841968;132688;9056972;0;-9056972;9056972;9189660;37031628;7367984;10757833;0;21880;0;0;18147697;17191964;0;0;0;1159163;18351127;36498824;110000;0;616445;-193641;0;0;532804;37031628;
2550;900459781;2019-12-31;2018;MILES;420205;21184458;5379245;1054445;28038353;151058;6366892;0;-6366892;6366892;6517950;34556303;3976123;11139888;0;19776;5292;0;15141079;14301207;0;0;0;4698128;18999335;34140414;110000;0;616445;-310556;0;0;415889;34556303;
2551;900306527;2019-12-31;2019;MILES;429816;916479;7793720;6485385;15625400;2453992;0;0;269776;0;2723768;18349168;2700000;4294437;0;314763;1520469;0;8829669;0;0;7382;0;0;7382;8837051;5208000;0;0;4304117;0;0;9512117;18349168;
2552;900306527;2019-12-31;2018;MILES;441988;659234;6402968;5450039;12954229;2583193;0;0;309119;0;2892312;15846541;2700216;4130023;109446;265726;1025889;31290;8262590;0;0;0;0;0;0;8262590;5208000;0;0;2375951;0;0;7583951;15846541;
2553;800215218;2019-12-31;2019;MILES;16569;805213;5747267;27702;6596751;32902;16055719;0;-15678831;16055719;16465509;23062260;159170;695366;0;74437;304776;0;1233749;636682;0;0;0;0;636682;1870431;675000;0;337500;17002613;0;3176716;21191829;23062260;
2554;800215218;2019-12-31;2018;MILES;17398;519730;5343635;53910;5934673;17678;14928121;0;-14547662;14928121;15326258;21260931;163574;900424;0;71638;593727;0;1729363;654298;0;0;0;0;654298;2383661;675000;0;337500;14688054;0;3176716;18877270;21260931;
2555;800159527;2019-12-31;2019;MILES;4684094;1718241;11929417;0;18331752;628375;0;0;7140907;0;7769282;26101034;173001;7166237;0;4467473;1692843;0;13499554;0;0;0;0;2671742;2671742;16171296;1050000;2204545;525000;6150193;0;0;9929738;26101034;
2556;800159527;2019-12-31;2018;MILES;3283419;2635367;9566439;0;15485225;603968;0;0;9081298;0;9685266;25170491;275395;6653630;0;3729039;1693302;0;12351366;164151;0;34199;0;4098399;4296749;16648115;1050000;2204545;525000;4742831;0;0;8522376;25170491;
2557;800041723;2019-12-31;2019;MILES;13572925;9380755;46972512;20347232;90273424;47547929;0;0;7655215;0;55203144;145476568;1179407;58936140;118013;1022721;988317;0;62244598;63861404;0;2523208;0;1550000;67934612;130179210;1873298;15764265;8002872;-10343077;0;0;15297358;145476568;
2558;800041723;2019-12-31;2018;MILES;23320732;23177165;17899502;30737016;95134415;42232103;0;0;6527034;0;48759137;143893552;7767348;76569330;1510863;1016104;649139;0;87512784;32759714;0;1679348;0;1550000;35989062;123501846;1873298;15764265;8002872;-5248729;0;0;20391706;143893552;
2559;900478733;2019-12-31;2019;MILES;51936;2281369;2476574;9778;4819657;14582;291769;0;-167278;291769;430842;5250499;0;440148;0;2250003;0;29698;2719849;0;0;0;0;414971;414971;3134820;100000;0;1928588;87475;0;-384;2115679;5250499;
2560;900478733;2019-12-31;2018;MILES;39155;2869801;1775171;112369;4796496;7541;248634;0;-61050;248634;443759;5240255;0;330162;0;2239381;0;18944;2588487;0;0;0;0;625280;625280;3213767;100000;0;1895417;31266;0;-195;2026488;5240255;
2561;830000687;2019-12-31;2019;MILES;24434065;41312;7993054;10662478;43130909;6980794;0;0;575960;0;7556754;50687663;4680;8206951;0;475325;887470;625731;10200157;0;333285;763037;0;0;1096322;11296479;5001296;0;25874445;6894537;0;1620906;39391184;50687663;
2562;830000687;2019-12-31;2018;MILES;20006722;27163;8065820;9928438;38028143;6759292;0;0;0;0;6759292;44787435;5203;6400742;0;460005;1940247;318004;9124201;0;0;531577;0;0;531577;9655778;5001296;0;21701889;6809568;0;1618904;35131657;44787435;
2563;900868271;2019-12-31;2019;MILES;18888031;27642919;418903;33852296;80802149;80547107;0;0;1987005;0;82534112;163336261;25536910;21604192;627650;0;7625010;880104;56273866;45754139;38857335;0;0;0;84611474;140885340;7819994;17819406;94601;-3283080;0;0;22450921;163336261;
2564;900868271;2019-12-31;2018;MILES;20953985;3260864;187292;28026407;52428548;21525131;0;0;1181611;0;22706742;75135290;0;45601466;1419439;1693395;2920356;828152;52462808;0;0;0;0;0;0;52462808;7819994;17819406;0;-2966918;0;0;22672482;75135290;
2565;800045720;2019-12-31;2019;MILES;6639;174884;22595;823719;1027837;215797;519930;0;-309964;519930;945693;1973530;17657;247756;0;67762;786;473652;807613;0;248440;84080;0;150000;482520;1290133;807155;0;0;-123758;0;0;683397;1973530;
2566;800045720;2019-12-31;2018;MILES;5359;102979;1251962;386574;1746874;366584;0;0;210406;0;576990;2323864;36632;404427;0;86824;1878;8526;538287;7511;222902;122047;0;150000;502460;1040747;807155;0;0;475962;0;0;1283117;2323864;
2567;900470939;2019-12-31;2019;MILES;7333673;14133102;1413909;4920533;27801217;21190800;127459890;0;-127459890;127459890;148650690;176451907;700316;13533370;475387;915413;16658969;34299463;66582918;0;0;0;0;0;0;66582918;20745677;408104;49354678;39360530;0;0;109868989;176451907;
2568;900470939;2019-12-31;2018;MILES;3421741;7220670;35324383;47807733;93774527;29074898;0;0;33440760;0;62515658;156290185;5643712;61530908;0;3341798;11701099;0;82217517;2728086;0;0;0;3002446;5730532;87948049;20724240;222462;29992637;17402797;0;0;68342136;156290185;
2569;900483231;2019-12-31;2019;MILES;5915;695641;2938924;49931;3690411;42873;0;0;14653;0;57526;3747937;103541;1223299;0;1734762;14811;15528;3091941;0;0;0;0;106850;106850;3198791;200000;0;217233;131913;0;0;549146;3747937;
2570;900483231;2019-12-31;2018;MILES;5487;740739;3691341;0;4437567;19102;0;0;20080;0;39182;4476749;598523;1220227;0;2030813;15715;0;3865278;0;0;0;0;102509;102509;3967787;200000;0;175421;133541;0;0;508962;4476749;
2571;900089420;2019-12-31;2019;MILES;3150283;621800;7577963;11836605;23186651;383333;0;0;973911;0;1357244;24543895;7782139;3258878;0;114316;822158;40294;12017785;0;0;78284;0;0;78284;12096069;2016670;1657939;1009687;7763530;0;0;12447826;24543895;
2572;900089420;2019-12-31;2018;MILES;2850100;657155;7487986;9358992;20354233;152458;0;0;1183862;0;1336320;21690553;8087303;1052703;0;153138;969599;142378;10405121;0;0;149193;0;0;149193;10554314;2016670;1657939;957703;6503927;0;0;11136239;21690553;
2573;900278934;2019-12-31;2019;MILES;547657;339166;2144650;11702137;14733610;0;0;0;0;0;0;14733610;0;5805298;0;0;215990;4819109;10840397;0;3067581;0;0;0;3067581;13907978;50000;0;624903;150729;0;0;825632;14733610;
2574;900278934;2019-12-31;2018;MILES;627348;252185;4050264;30269938;35199735;0;0;0;0;0;0;35199735;9214313;1968868;0;0;100688;22375110;33658979;0;865853;0;0;0;865853;34524832;50000;0;706133;-81230;0;0;674903;35199735;
2575;830114921;2019-12-31;2019;MILES;395504414;213999189;171707729;21377960;802589292;1320497673;0;0;994475599;0;2314973272;3117562564;813018102;43217579;559137;0;0;520966;857315784;1897118995;4134304;0;0;55177194;1956430493;2813746277;46400001;875722871;24201829;-642508414;0;0;303816287;3117562564;
2576;830114921;2019-12-31;2018;MILES;377997374;151596894;131235634;35741089;696570991;897848113;0;0;690389120;0;1588237233;2284808224;356581667;222521192;432098;0;0;1064747;580599704;1375396773;0;0;0;56000550;1431397323;2011997027;46400001;872119253;24201829;-669909886;0;0;272811197;2284808224;
2577;900326523;2019-12-31;2019;MILES;9134979;2853477;76899080;62218485;151106021;43569834;0;0;6286544;0;49856378;200962399;60547612;12415040;0;1117815;1505430;1962151;77548048;18736418;0;3509080;0;4604330;26849828;104397876;29056781;49262491;891599;53802;0;17299850;96564523;200962399;
2578;900326523;2019-12-31;2018;MILES;13801312;8584914;58513360;93686582;174586168;43365494;0;0;0;0;43365494;217951662;102510460;25715248;0;1139487;969307;0;130334502;26011749;0;2129213;0;0;28140962;158475464;29056781;49262491;585639;-19428713;0;0;59476198;217951662;
2579;900301745;2019-12-31;2019;MILES;819675;1596733;969462;6131050;9516920;6262628;4007309;7194231;-3205721;4007309;18265756;27782676;8060366;2243979;0;0;337084;1425037;12066466;0;376209;831989;62742;0;1270940;13337406;1500000;0;227964;10487765;0;2229541;14445270;27782676;
2580;900301745;2019-12-31;2018;MILES;203552;1259878;1920642;842597;4226669;9554875;1793962;6007700;-1730882;1793962;17419617;21646286;1701918;954369;0;0;438906;1073218;4168411;66560;11128;1251730;452760;0;1782178;5950589;1500000;0;227964;10842392;0;3125341;15695697;21646286;
2581;900225341;2019-12-31;2019;MILES;343420;4049334;21604357;51937;26049048;3493477;0;0;3822960;0;7316437;33365485;325967;14522945;0;0;262587;1163303;16274802;1995901;0;0;0;0;1995901;18270703;1000000;0;12289552;1805230;0;0;15094782;33365485;
2582;900225341;2019-12-31;2018;MILES;2734863;5043569;16013627;41594;23833653;4017702;0;0;2774369;0;6792071;30625724;0;13126321;0;0;479981;27637;13633939;0;0;0;0;0;0;13633939;1000000;0;12289552;3702233;0;0;16991785;30625724;
2583;900199343;2019-12-31;2019;MILES;18531536;0;110843749;60533030;189908315;13720462;19999707;0;-17739093;19999707;35980783;225889098;0;42087631;0;0;2058730;2552051;46698412;0;0;154897;0;943792;1098689;47797101;35614045;39998607;9545781;30577179;0;62356385;178091997;225889098;
2584;900199343;2019-12-31;2018;MILES;21603861;0;107211205;56374615;185189681;12225239;324596;0;2078882;324596;14953313;200142994;0;37148645;0;0;8411497;2233320;47793462;0;0;0;0;0;0;47793462;35614045;39998607;5354721;7075578;0;64306581;152349532;200142994;
2585;900680595;2019-12-31;2019;MILES;245631;160844;56803877;5768536;62978888;1101836;0;0;0;0;1101836;64080724;1650842;57426243;0;85577;51605;0;59214267;3851964;0;0;0;528368;4380332;63594599;100000;0;0;386125;0;0;486125;64080724;
2586;900680595;2019-12-31;2018;MILES;19372;248283;15990102;4125810;20383567;1168237;0;0;7088;0;1175325;21558892;3552801;7757697;0;120106;151638;0;11582242;8289868;0;0;0;1289179;9579047;21161289;100000;0;0;297603;0;0;397603;21558892;
2587;860523122;2019-12-31;2019;MILES;3249967;0;14022169;28086344;45358480;10360570;6878488;0;-3372557;6878488;20744989;66103469;16729696;3913336;0;784097;1262355;17359804;40049288;12191268;0;274190;0;3640884;16106342;56155630;4000000;0;0;5947839;0;0;9947839;66103469;
2588;860523122;2019-12-31;2018;MILES;625479;2312826;8195027;13331684;24465016;8681918;4383370;0;661928;4383370;18110586;42575602;10046054;2527257;0;482938;616424;8057128;21729801;6412015;0;275612;0;5103500;11791127;33520928;4000000;0;0;5054674;0;0;9054674;42575602;
2589;800051319;2019-12-31;2019;MILES;4770580;551000;11592540;18953550;35867670;15320805;0;1150000;6136543;0;22607348;58475018;604812;2223084;0;757134;825620;1224291;5634941;2494193;9301700;6683244;0;0;18479137;24114078;5719500;12364275;1387117;1150823;0;13739225;34360940;58475018;
2590;800051319;2019-12-31;2018;MILES;489385;345179;13669717;14319777;28824058;14507148;0;0;3152800;0;17659948;46484006;563295;13413197;0;637191;652717;0;15266400;110389;24504;5226268;0;0;5361161;20627561;5659500;6424275;1387117;194755;0;12190798;25856445;46484006;
2591;890935900;2019-12-31;2019;MILES;1300507;2195618;8522102;775894;12794121;4531112;0;0;353752;0;4884864;17678985;0;3994710;0;574816;1242700;0;5812226;1126140;143125;588475;0;0;1857740;7669966;40180;0;27925;9151068;0;789846;10009019;17678985;
2592;890935900;2019-12-31;2018;MILES;767840;2107834;8626174;839527;12341375;4816523;0;13198;165785;0;4995506;17336881;65536;4176153;0;533867;1034720;0;5810276;1126140;2067081;564341;0;0;3757562;9567838;40180;0;27925;6911092;0;789846;7769043;17336881;
2593;900184722;2019-12-31;2019;MILES;834984;2033307;17997229;20702800;41568320;219398633;1529893;0;8529183;1529893;230987602;272555922;0;9189728;0;491231;32574;7443674;17157207;79280909;11668923;0;0;485759;91435591;108592798;84137734;0;612316;79213074;0;0;163963124;272555922;
2594;900184722;2019-12-31;2018;MILES;280618;357721;11037008;22180789;33856136;225129533;2206830;0;5591025;2206830;235134218;268990354;2304903;11186893;107752;542954;875377;11052731;26070610;78145234;326804;0;0;0;78472038;104542648;84110630;0;612316;79724760;0;0;164447706;268990354;
2595;800219028;2019-12-31;2019;MILES;431975;320614;4658020;6349277;11759886;10246286;138188;1558565;357642;138188;12438869;24198755;791665;3304071;6257;0;839982;0;4941975;5161724;0;467366;0;0;5629090;10571065;1036260;0;518130;9971330;0;2101970;13627690;24198755;
2596;800219028;2019-12-31;2018;MILES;1075620;536660;3615487;4191954;9419721;10386062;83303;1558565;1839142;83303;13950375;23370096;1674509;2392245;0;0;950362;0;5017116;5708353;0;473449;0;0;6181802;11198918;1036260;0;518130;8514818;0;2101970;12171178;23370096;
2597;800080027;2019-12-31;2019;MILES;7887960;4538313;39897132;16384041;68707446;70530267;0;5547081;18750245;0;94827593;163535039;25719400;17855260;167591;0;5027045;315708;49085004;22904212;15388739;11706539;0;2900670;52900160;101985164;1306939;14168919;2524527;34356650;0;9192840;61549875;163535039;
2598;800080027;2019-12-31;2018;MILES;5153294;2381140;29053180;11250070;47837684;58862300;0;5547081;26051690;0;90461071;138298755;18915551;15388676;91067;0;3424191;196209;38015694;20900142;8706812;9028624;0;2799470;41435048;79450742;1306939;14168919;2524527;31664363;0;9183265;58848013;138298755;
2599;900362218;2019-12-31;2019;MILES;3461574;5123365;12419116;0;21004055;5411098;0;0;195706;0;5606804;26610859;2241157;6416985;94300;0;4082569;0;12835011;0;0;0;0;0;0;12835011;25000;0;12500;3650205;0;10088143;13775848;26610859;
2600;900362218;2019-12-31;2018;MILES;2678908;3476778;10840287;0;16995973;6885801;0;0;760379;0;7646180;24642153;2469499;9372399;139800;0;1867438;0;13849136;0;0;2943;0;0;2943;13852079;25000;0;12500;664431;0;10088143;10790074;24642153;
2601;830117718;2019-12-31;2019;MILES;724;58231;822640;0;881595;10648323;0;552064;6177896;0;17378283;18259878;0;94312;0;8361;787782;0;890455;1137623;7276183;0;0;0;8413806;9304261;1029230;7463006;2776411;-3158685;0;845655;8955617;18259878;
2602;830117718;2019-12-31;2018;MILES;724;58231;438257;0;497212;11570692;0;596249;11373635;0;23540576;24037788;0;195645;0;34960;710995;0;941600;1030006;12720182;0;0;0;13750188;14691788;1029230;7463006;2776411;-2768302;0;845655;9346000;24037788;
2603;900104023;2019-12-31;2019;MILES;393806;418627;453854;145128;1411415;45919093;0;0;30658209;0;76577302;77988717;264292;2266041;0;407853;0;0;2938186;16550604;0;4298359;0;0;20848963;23787149;4203956;17302368;871060;-6296297;0;38120481;54201568;77988717;
2604;900104023;2019-12-31;2018;MILES;3643;207605;420773;0;632021;45992383;0;0;30543407;0;76535790;77167811;540762;1684993;0;334344;488;0;2560587;16555508;0;0;0;0;16555508;19116095;3945239;15559991;871060;-4742157;0;42417583;58051716;77167811;
2605;900963642;2019-12-31;2019;MILES;908017;3634065;10785357;5615619;20943058;17472492;0;0;6858014;0;24330506;45273564;1815177;23101914;0;1005118;0;0;25922209;0;0;0;0;0;0;25922209;300000;25945547;0;-6894192;0;0;19351355;45273564;
2606;900963642;2019-12-31;2018;MILES;2999304;1998822;7902989;6769625;19670740;11756448;0;0;8256033;0;20012481;39683221;89009;15266323;0;1254892;0;0;16610224;0;0;0;0;0;0;16610224;300000;25945547;0;-3172550;0;0;23072997;39683221;
2607;900455728;2019-12-31;2019;MILES;2099245;4982760;1245497;0;8327502;569550;190116;0;-29375;190116;920407;9247909;0;3375824;0;70125;339050;636834;4421833;0;0;0;0;279187;279187;4701020;653069;3873656;0;20164;0;0;4546889;9247909;
2608;900455728;2019-12-31;2018;MILES;1504128;4224191;1571498;0;7299817;360182;98549;0;8980;98549;566260;7866077;0;2583493;0;231020;365548;465851;3645912;0;0;0;0;508612;508612;4154524;653069;3873656;0;-815172;0;0;3711553;7866077;
2609;900675223;2019-12-31;2019;MILES;32012458;0;2107446;0;34119904;492282;6698576;0;-4171963;6698576;9717471;43837375;32434068;2102337;0;99750;654920;0;35291075;10484832;0;0;0;0;10484832;45775907;1052642;0;0;-3239535;0;248361;-1938532;43837375;
2610;900675223;2019-12-31;2018;MILES;24301633;0;1632439;0;25934072;72062;4843803;0;-4800475;4843803;4959193;30893265;25211910;363226;0;42928;3989;0;25622053;7382120;0;0;0;0;7382120;33004173;1052642;0;0;-3411911;0;248361;-2110908;30893265;
2611;900829318;2019-12-31;2019;MILES;2159682;1242367;13941108;2330924;19674081;2582957;0;0;472414;0;3055371;22729452;2537;9113173;1209186;316200;620711;403117;11664924;0;0;0;0;0;0;11664924;3500000;0;256540;7307988;0;0;11064528;22729452;
2612;900829318;2019-12-31;2018;MILES;1534187;1391838;16704107;848458;20478590;2367852;0;0;341017;0;2708869;23187459;21849;11395306;1745574;336637;740861;440215;14680442;0;0;0;0;0;0;14680442;3500000;0;256540;4750477;0;0;8507017;23187459;
2613;800173424;2019-12-31;2019;MILES;737542;6551799;598041;4145650;12033032;5357843;16202847;0;-14400669;16202847;23362868;35395900;655172;140234;0;180849;203495;76163;1255913;0;28000879;95578;0;0;28096457;29352370;540000;0;270000;2660101;0;2573429;6043530;35395900;
2614;800173424;2019-12-31;2018;MILES;3435001;6100502;16009358;4444574;29989435;5606293;0;0;1859175;0;7465468;37454903;804314;30138079;0;187321;53521;81046;31264281;0;0;0;0;0;0;31264281;540000;0;270000;3063470;0;2317152;6190622;37454903;
2615;805011222;2019-12-31;2019;MILES;100932810;20822368;208964698;12205103;342924979;3183204;0;0;13191024;0;16374228;359299207;0;141220470;10986890;577762;8466852;69874905;231126879;59413647;0;0;0;907944;60321591;291448470;630250;0;331565;-88436508;0;155325430;67850737;359299207;
2616;805011222;2019-12-31;2018;MILES;117749459;10306919;96565323;8578471;233200172;4405304;0;0;0;0;4405304;237605476;0;70798621;4850619;361274;48573;63213406;139272493;59257962;0;0;0;0;59257962;198530455;630250;0;331565;-117212224;0;155325430;39075021;237605476;
2617;900912034;2019-12-31;2019;MILES;2496654;7265477;41896576;0;51658707;2490315;1907779;0;3099820;1907779;9405693;61064400;29214040;6356795;0;0;553394;15954060;52078289;1607669;0;0;0;1455996;3063665;55141954;4002000;0;0;-24703367;0;26623813;5922446;61064400;
2618;900912034;2019-12-31;2018;MILES;3960950;6465931;36912617;0;47339498;3086648;1740846;0;-797055;1740846;5771285;53110783;66609;21945959;0;0;0;10254542;32267110;0;0;0;0;2070163;2070163;34337273;4002000;0;0;-11988805;0;26760315;18773510;53110783;
2619;900419436;2019-12-31;2019;MILES;10856;19134;171414;0;201404;3236998;0;0;3231963;0;6468961;6670365;63333;171153;0;0;30624;114621;379731;1466667;137677;167297;0;0;1771641;2151372;2000000;2274257;9033;235703;0;0;4518993;6670365;
2620;900419436;2019-12-31;2018;MILES;2361;22360;30532;0;55253;3261924;6722;0;2858501;6722;6133869;6189122;311673;45067;0;0;3118;115467;475325;1234098;3035500;161059;0;0;4430657;4905982;400000;800000;9033;74107;0;0;1283140;6189122;
2621;900237820;2019-12-31;2019;MILES;611685;1127701;192128;0;1931514;391154;581226;0;-385185;581226;1168421;3099935;0;291382;0;74647;0;268685;634714;0;0;0;0;0;0;634714;1525000;0;38254;901967;0;0;2465221;3099935;
2622;900237820;2019-12-31;2018;MILES;132813;1399125;430279;0;1962217;264819;400626;0;-51270;400626;1014801;2977018;0;30759;0;77324;0;299181;407264;0;0;0;0;0;0;407264;1525000;0;37262;1007492;0;0;2569754;2977018;
2623;830039329;2019-12-31;2019;MILES;585557;7164324;42479437;50982;50280300;35970194;0;0;1915277;0;37885471;88165771;17787258;7846109;0;7483609;3566598;392861;37076435;12526364;0;5482944;0;3143254;21152562;58228997;4697119;212965;16353006;7666079;0;1007605;29936774;88165771;
2624;830039329;2019-12-31;2018;MILES;2997289;3426322;26740953;55775;33220339;32344319;0;0;2951217;0;35295536;68515875;6708873;5386265;0;8292326;3392680;331501;24111645;0;0;6728969;0;459600;7188569;31300214;4697119;212965;13609701;16656579;0;2039297;37215661;68515875;
2625;900007650;2019-12-31;2019;MILES;46460983;0;30140166;19147982;95749131;23651752;0;0;12159079;0;35810831;131559962;697008;20757168;772783;2461822;2013289;0;26702070;1234775;0;0;0;0;1234775;27936845;350001;55490245;175000;44524722;0;3083149;103623117;131559962;
2626;900007650;2019-12-31;2018;MILES;28308531;0;37201928;23775483;89285942;23373700;0;0;12636172;0;36009872;125295814;0;26802705;310887;2085226;1096119;0;30294937;0;0;0;0;0;0;30294937;350001;55490245;175000;35902482;0;3083149;95000877;125295814;
2627;890913319;2019-12-31;2019;MILES;1101273;838529;5036668;0;6976470;3015373;0;0;21668877;0;24684250;31660720;4780067;405622;0;345883;264193;4722180;10517945;18607797;0;0;0;0;18607797;29125742;1599905;0;931098;3975;0;0;2534978;31660720;
2628;890913319;2019-12-31;2018;MILES;327136;615777;8064259;0;9007172;1629189;0;0;836975;0;2466164;11473336;1788157;391736;0;283845;468043;4935265;7867046;29596;0;70430;0;0;100026;7967072;1599905;0;904484;1001875;0;0;3506264;11473336;
2629;900844719;2019-12-31;2019;MILES;199233;3455888;0;0;3655121;22684;0;0;0;0;22684;3677805;0;0;0;75310;726614;0;801924;4268;1364123;0;0;0;1368391;2170315;500000;0;0;1007490;0;0;1507490;3677805;
2630;900844719;2019-12-31;2018;MILES;384347;13722215;1680311;12612078;28398951;6640;0;0;0;0;6640;28405591;0;0;0;72057;262241;0;334298;13255897;2089369;0;0;12288030;27633296;27967594;500000;0;0;-62003;0;0;437997;28405591;
2631;900882422;2019-12-31;2019;MILES;75453630;48042357;16168932;146528146;286193065;641274496;0;0;19373033;0;660647529;946840594;269542237;665796187;0;12879822;0;29133107;977351353;343492370;0;0;0;0;343492370;1320843723;632000;150014966;0;-524650095;0;0;-374003129;946840594;
2632;900882422;2019-12-31;2018;MILES;62697536;32955842;4549763;126376729;226579870;507160559;0;0;0;0;507160559;733740429;159242720;418992989;0;8676506;0;13482938;600395153;299919803;0;0;0;0;299919803;900314956;630800;88916600;0;-256121927;0;0;-166574527;733740429;
2633;830067620;2019-12-31;2019;MILES;1291801;1286849;136302;0;2714952;0;0;0;3191794;0;3191794;5906746;0;111895;0;0;29951;0;141846;0;0;0;0;0;0;141846;4413443;0;436395;915062;0;0;5764900;5906746;
2634;830067620;2019-12-31;2018;MILES;1122270;1152502;1383555;0;3658327;0;0;0;548;0;548;3658875;0;48082;0;0;54230;1502;103814;0;0;0;0;0;0;103814;2308043;0;436395;810623;0;0;3555061;3658875;
2635;830047819;2019-12-31;2019;MILES;46966276;137303;79178428;15926076;142208083;42727294;166;0;2268039;166;44995665;187203748;63871305;0;28436278;8102009;6408862;0;106818454;0;0;0;0;50616475;50616475;157434929;50000;0;25000;29693819;0;0;29768819;187203748;
2636;830047819;2019-12-31;2018;MILES;61235200;63978;56751135;0;118050313;13965111;0;0;1818464;0;15783575;133833888;0;55470499;13071979;5046513;163857;8762719;82515567;0;2426040;0;0;28882117;31308157;113823724;50000;0;25000;19935164;0;0;20010164;133833888;
2637;830037540;2019-12-31;2019;MILES;3329008;5219136;54680570;0;63228714;26738257;0;0;48891475;0;75629732;138858446;17317822;7863949;0;0;492221;6536044;32210036;0;18387155;0;0;43725388;62112543;94322579;10397879;3897522;3734535;26505931;0;0;44535867;138858446;
2638;830037540;2019-12-31;2018;MILES;454730;4316377;42721102;0;47492209;11619852;0;0;359813;0;11979665;59471874;11809191;4955195;0;0;327752;0;17092138;0;8857770;0;0;0;8857770;25949908;10397879;3897522;3485155;15741410;0;0;33521966;59471874;
2639;900387221;2019-12-31;2019;MILES;793309;627444;247055;0;1667808;784446;0;0;11838;0;796284;2464092;26909;358079;0;0;37105;621835;1043928;897308;0;0;0;0;897308;1941236;100000;0;50000;372856;0;0;522856;2464092;
2640;900387221;2019-12-31;2018;MILES;708743;10121;422229;0;1141093;530068;0;0;10300;0;540368;1681461;14916;258446;0;0;7144;388343;668849;543612;0;0;0;0;543612;1212461;100000;0;25275;343725;0;0;469000;1681461;
2641;830049139;2019-12-31;2019;MILES;604198;236450;16757790;0;17598438;0;0;91464846;9177952;0;100642798;118241236;3588663;186534;0;0;148601;0;3923798;8000000;0;29268751;0;0;37268751;41192549;1020085;14713363;510043;60805196;0;0;77048687;118241236;
2642;830049139;2019-12-31;2018;MILES;178506;158978;10312937;0;10650421;0;0;88183848;12316555;0;100500403;111150824;2800601;492375;0;0;387444;0;3680420;8000000;0;27601427;0;0;35601427;39281847;1010085;10244313;763313;59851266;0;0;71868977;111150824;
2643;900007122;2019-12-31;2019;MILES;1656835;10766;22904652;18951794;43524047;1844560;0;8000000;465465;0;10310025;53834072;10001628;20113796;0;0;0;0;30115424;6768119;0;0;0;0;6768119;36883543;7620000;2650451;717027;5749256;0;213795;16950529;53834072;
2644;900007122;2019-12-31;2018;MILES;1135638;56036;26007457;17989228;45188359;1953662;0;8000000;426139;0;10379801;55568160;11837659;18275368;0;561285;818993;165226;31658531;6750000;0;418550;0;0;7168550;38827081;7620000;2650451;595038;5661795;0;213795;16741079;55568160;
2645;900387930;2019-12-31;2019;MILES;10666;68811;1607730;0;1687207;0;0;8208465;8185984;0;16394449;18081656;0;11453;0;0;25275;52744;89472;0;0;4572106;0;0;4572106;4661578;2612000;0;539529;10152007;0;116542;13420078;18081656;
2646;900387930;2019-12-31;2018;MILES;23203;17947;1237432;0;1278582;0;0;8394144;7819743;0;16213887;17492469;0;11581;0;0;30355;171290;213226;0;0;4527626;0;0;4527626;4740852;2612000;0;41563;9981512;0;116542;12751617;17492469;
2647;890926122;2019-12-31;2019;MILES;62630;9662072;4965338;3059823;17749863;32516164;0;0;0;0;32516164;50266027;6887216;12351351;0;710986;0;244795;20194348;2789587;280545;2581543;0;0;5651675;25846023;1309000;301;200589;7744494;0;15165620;24420004;50266027;
2648;890926122;2019-12-31;2018;MILES;401793;7391041;5776860;2774795;16344489;32138350;0;3306987;0;0;35445337;51789826;6217228;11063330;0;745519;247866;79678;18353621;4500000;0;2599347;324657;0;7424004;25777625;700000;453301;66257;9627023;0;15165620;26012201;51789826;
2649;830512518;2019-12-31;2019;MILES;8627314;0;11782282;12179373;32588969;8288986;0;1057298;1106717;0;10453001;43041970;0;35129526;0;24309;317089;2532146;38003070;923136;0;0;0;0;923136;38926206;600000;0;326633;3189131;0;0;4115764;43041970;
2650;830512518;2019-12-31;2018;MILES;3039386;0;11557946;13456846;28054178;8535235;0;1057298;1678132;0;11270665;39324843;0;34216001;0;348592;35595;744266;35344454;923136;0;0;0;0;923136;36267590;600000;0;326633;2130620;0;0;3057253;39324843;
2651;900591195;2019-12-31;2019;MILES;23048660;8863812;29709938;0;61622410;13083499;255522382;0;-251200246;255522382;272928017;334550427;72727134;29518699;0;791269;0;3630791;106667893;142925137;0;0;0;0;142925137;249593030;5441170;73660200;1800355;4055672;0;0;84957397;334550427;
2652;900591195;2019-12-31;2018;MILES;11609564;1657104;20842148;0;34108816;663553;173863728;0;-168179086;173863728;180211923;214320739;16120582;11286905;0;450606;2170787;392093;30420973;104499991;0;0;0;0;104499991;134920964;5441170;73660200;0;298405;0;0;79399775;214320739;
2653;800090890;2019-12-31;2019;MILES;13123248;26017;11792248;11347463;36288976;8971814;96931;0;3507238;96931;12672914;48961890;2414879;22153522;0;1141569;167020;1151723;27028713;1370326;0;340876;0;0;1711202;28739915;120000;0;12812931;7289044;0;0;20221975;48961890;
2654;800090890;2019-12-31;2018;MILES;6128443;26235;12213037;9607117;27974832;8702833;62320;0;-53052;62320;8774421;36749253;0;17368772;0;1074780;1729338;1736878;21909768;0;0;379569;0;0;379569;22289337;120000;0;6217577;8122339;0;0;14459916;36749253;
2655;890208596;2019-12-31;2019;MILES;805252;8909846;17641099;3809640;31165837;42837878;0;0;8206095;0;51043973;82209810;0;31611946;0;614110;816042;0;33042098;0;9850961;3565700;0;85204;13501865;46543963;12526786;313548;2923716;5192863;0;14708934;35665847;82209810;
2656;890208596;2019-12-31;2018;MILES;340843;8621976;30004971;6294976;45262766;48906167;0;0;60751;0;48966918;94229684;0;52809711;0;539120;1494531;692;54844054;0;0;3463804;0;94323;3558127;58402181;12526786;364785;2931074;5185251;0;14819607;35827503;94229684;
2657;830147625;2019-12-31;2019;MILES;316848;616782;743461;0;1677091;1362088;0;0;648499;0;2010587;3687678;146306;376578;0;102030;130551;0;755465;0;0;4326;0;0;4326;759791;50100;0;516512;2361275;0;0;2927887;3687678;
2658;830147625;2019-12-31;2018;MILES;699387;695012;961684;113419;2469502;1734844;0;0;318267;0;2053111;4522613;678;560458;0;46033;205509;0;812678;0;0;4328;0;0;4328;817006;50100;0;516512;3138995;0;0;3705607;4522613;
2659;900403832;2019-12-31;2019;MILES;10777160;0;28439723;16690083;55906966;7927897;0;0;0;0;7927897;63834863;0;33248444;0;1886437;2357815;0;37492696;15667018;721401;0;0;0;16388419;53881115;1060951;8258210;0;-1571766;0;2206353;9953748;63834863;
2660;900403832;2019-12-31;2018;MILES;4781361;0;20726718;18150477;43658556;4143585;0;0;6651;0;4150236;47808792;0;21389677;0;1166451;2072618;0;24628746;14599591;0;0;0;0;14599591;39228337;1060951;8258210;0;-2945059;0;2206353;8580455;47808792;
2661;900398036;2019-12-31;2019;MILES;6648269;10842079;73073402;14676006;105239756;639930;0;0;192274;0;832204;106071960;84006972;23581321;1426992;290752;600318;0;109906355;0;0;0;0;0;0;109906355;20000;0;0;-66284983;0;62430588;-3834395;106071960;
2662;900398036;2019-12-31;2018;MILES;16041806;9146818;74233396;18207391;117629411;675370;0;0;498587;0;1173957;118803368;90172401;21660441;3399635;543137;330758;0;116106372;0;0;0;0;0;0;116106372;20000;0;0;-58233198;0;60910194;2696996;118803368;
2663;900206027;2019-12-31;2019;MILES;3184427;9295979;76486005;0;88966411;905879;30135988;0;-29942241;30135988;31235614;120202025;12668714;51620512;0;0;1379058;14991360;80659644;0;0;0;0;0;0;80659644;50000;0;104118;6828348;0;32559915;39542381;120202025;
2664;900206027;2019-12-31;2018;MILES;6033137;8954068;81451192;0;96438397;438145;26989364;0;-26888780;26989364;27528093;123966490;7019540;70774120;0;0;1417906;1548690;80760256;0;0;0;0;0;0;80760256;50000;0;104118;10492201;0;32559915;43206234;123966490;
2665;900368657;2019-12-31;2019;MILES;1048972;0;1894280;1102978;4046230;26573;84421;0;3803393;84421;3998808;8045038;3116031;447809;0;39730;39953;1380570;5024093;0;0;0;0;1044986;1044986;6069079;500000;0;0;1475959;0;0;1975959;8045038;
2666;900368657;2019-12-31;2018;MILES;516992;30609;333011;20517257;21397869;38020;84421;0;5410144;84421;5617006;27014875;13872996;563578;0;63467;42344;9636303;24178688;0;0;0;0;1765492;1765492;25944180;500000;0;0;570695;0;0;1070695;27014875;
2667;900440111;2019-12-31;2019;MILES;214813;1147121;4905745;3070436;9338115;726051;0;0;11078101;0;11804152;21142267;32846;10354492;500000;0;0;729;10888067;8830604;0;0;0;0;8830604;19718671;746270;0;71155;-427559;0;1033730;1423596;21142267;
2668;900440111;2019-12-31;2018;MILES;239148;1966268;4065590;3726676;9997682;1032734;0;0;9132222;0;10164956;20162638;3586463;4232970;0;0;0;42587;7862020;5375359;0;2314;0;0;5377673;13239693;746270;0;773262;4369683;0;1033730;6922945;20162638;
2669;900383864;2019-12-31;2019;MILES;1123;6875;204147;0;212145;5097299;0;0;65167;0;5162466;5374611;0;91392;0;0;0;0;91392;0;5054218;0;0;0;5054218;5145610;200;489907;0;-261106;0;0;229001;5374611;
2670;900383864;2019-12-31;2018;MILES;1123;4502;211469;0;217094;5097299;0;0;65167;0;5162466;5379560;0;50335;0;0;0;0;50335;0;5054218;0;0;0;5054218;5104553;200;489907;0;-215100;0;0;275007;5379560;
2671;900194910;2019-12-31;2019;MILES;370480;98714;25623228;13259851;39352273;592584;0;0;1124115;0;1716699;41068972;186029;18168421;1113926;830798;452382;1705404;22456960;0;0;0;0;812388;812388;23269348;3900936;1500000;1175000;11223688;0;0;17799624;41068972;
2672;900194910;2019-12-31;2018;MILES;943421;89542;24225696;7771091;33029750;840637;0;0;1809579;0;2650216;35679966;1028196;13368062;985067;807228;1683977;1398782;19271312;0;0;0;0;986067;986067;20257379;2350000;1500000;1175000;10397587;0;0;15422587;35679966;
2673;800251038;2019-12-31;2019;MILES;17953414;9165;2574104;2563491;23100174;9656592;0;0;4646442;0;14303034;37403208;900824;2163317;0;415210;1394542;1424248;6298141;3419045;0;0;0;0;3419045;9717186;10693703;0;5422407;11569912;0;0;27686022;37403208;
2674;800251038;2019-12-31;2018;MILES;12191339;2244203;3862830;3862792;22161164;10477056;0;0;391211;0;10868267;33029431;0;4709498;0;443608;395976;1565694;7114776;0;0;0;0;0;0;7114776;10693703;0;5422407;9798545;0;0;25914655;33029431;
2675;800152825;2019-12-31;2019;MILES;1527981;435938;566748;441699;2972366;15336552;0;4500000;562138;0;20398690;23371056;0;121142;0;121712;133192;0;376046;0;0;1322163;0;0;1322163;1698209;5198916;0;491501;15982430;0;0;21672847;23371056;
2676;800152825;2019-12-31;2018;MILES;441326;264781;916307;308106;1930520;15770927;0;4500000;473136;0;20744063;22674583;0;110713;0;124126;107012;0;341851;0;0;1322546;0;0;1322546;1664397;5198916;0;491501;15319769;0;0;21010186;22674583;
2677;900327290;2019-12-31;2019;MILES;14825306;19865487;110275189;168031004;312996986;74827767;0;0;8683300;0;83511067;396508053;90086536;84916780;1801531;3111784;1328109;1003861;182248601;107781761;0;0;0;0;107781761;290030362;58241001;116498115;71714;-68333139;0;0;106477691;396508053;
2678;900327290;2019-12-31;2018;MILES;35757645;13992780;83403077;117358336;250511838;26637338;0;0;10766014;0;37403352;287915190;125318159;64160531;929510;1489121;983029;1374553;194254903;0;0;0;0;0;0;194254903;52839001;105694115;-1745964;-63126865;0;0;93660287;287915190;
2679;890926628;2019-12-31;2019;MILES;400460;0;5969946;3566516;9936922;3733227;1289252;10293339;-900946;1289252;15704124;25641046;818088;7668273;0;0;1007496;1058059;10551916;4272680;0;653940;0;0;4926620;15478536;3650000;0;216710;1447245;0;4848555;10162510;25641046;
2680;890926628;2019-12-31;2018;MILES;595500;0;4882839;2178702;7657041;3860694;1289252;6045477;-847818;1289252;11636857;19293898;574138;6183141;0;0;439254;967022;8163555;4527142;0;653940;0;0;5181082;13344637;3650000;0;216710;1589121;0;493430;5949261;19293898;
2681;900268385;2019-12-31;2019;MILES;372901;2839392;5955772;1059610;10227675;2540070;0;0;9272623;0;11812693;22040368;141123;6917762;0;376015;1337496;1709870;10482266;0;0;0;0;6155824;6155824;16638090;100000;0;112290;5189988;0;0;5402278;22040368;
2682;900268385;2019-12-31;2018;MILES;841241;786761;1062873;0;2690875;3398174;0;0;123835;0;3522009;6212884;133692;3714647;0;450326;202695;0;4501360;133001;0;0;0;376337;509338;5010698;100000;0;112290;989896;0;0;1202186;6212884;
2683;900485169;2019-12-31;2019;MILES;5235024;59375;7406373;0;12700772;543424;0;0;806908;0;1350332;14051104;0;3286455;0;911089;944332;171914;5313790;0;0;0;0;0;0;5313790;2000000;0;4914848;1822466;0;0;8737314;14051104;
2684;900485169;2019-12-31;2018;MILES;2617221;107157;9388650;0;12113028;386447;0;0;563782;0;950229;13063257;0;2417974;0;843261;1193596;162546;4617377;0;0;0;0;0;0;4617377;2000000;0;4691136;1754744;0;0;8445880;13063257;
2685;830078038;2019-06-30;2019;MILES;69594177;157015309;88744862;401724266;717078614;2893467112;0;0;161162099;0;3054629211;3771707825;18769176;11291696;0;0;62029;208909485;239032386;363713404;0;506516604;0;271486034;1141716042;1380748428;509733050;15291990;1205776774;660157583;0;0;2390959397;3771707825;
2686;830078038;2019-06-30;2018;MILES;517703310;61237649;152807967;370200124;1101949050;3017462422;0;0;101318908;0;3118781330;4220730380;6461556;27857889;0;0;159405267;473866291;667591003;123815475;0;546260869;0;260011987;930088331;1597679334;509733050;15291990;1238515265;859510741;0;0;2623051046;4220730380;
2687;830078038;2019-12-31;2019;MILES;225241205;170714816;103252850;352449022;851657893;2838397770;0;0;151741076;0;2990138846;3841796739;36981145;17346156;0;0;142903;67387124;121857328;417682791;0;494554950;0;329206066;1241443807;1363301135;509733050;15291990;1257955490;695515074;0;0;2478495604;3841796739;
2688;830078038;2019-12-31;2018;MILES;69594177;189179062;88744862;401724266;749242367;2893467112;0;0;161162099;0;3054629211;3803871578;18769176;43455449;0;0;62029;208909485;271196139;363713404;0;506516604;0;271486034;1141716042;1412912181;509733050;15291990;1205776774;660157583;0;0;2390959397;3803871578;
2689;860056150;2019-12-31;2019;MILES;24383272;9394812;138192533;82452369;254422986;34746054;63859;0;3662014;63859;38535786;292958772;20057765;164569042;1183928;3321888;0;17649676;206782299;35243430;0;0;0;3074874;38318304;245100603;2229668;7676314;2353290;35598897;0;0;47858169;292958772;
2690;860056150;2019-12-31;2018;MILES;16684488;8071666;149618760;79373318;253748232;30851446;483151;0;7802470;483151;39620218;293368450;46073300;167572921;922950;4132840;0;3957427;222659438;32779269;0;0;0;2788988;35568257;258227695;2229668;7676314;4197733;21037040;0;0;35140755;293368450;
2691;805003626;2019-12-31;2019;MILES;27910787;8717683;67967776;206223886;310820132;90791623;9742554;0;59055966;9742554;169332697;480152829;25514952;87721081;0;209084;32653833;19750135;165849085;183236598;880629;13382;0;805966;184936575;350785660;8412100;15088604;79463624;20158040;0;6244801;129367169;480152829;
2692;805003626;2019-12-31;2018;MILES;30291012;41266567;56354450;216056733;343968762;95413546;0;0;1255762;0;96669308;440638070;8618257;132986572;0;209084;26992736;42761775;211568424;113529089;0;3975231;0;616254;118120574;329688998;7500000;3000000;78321096;-3893887;0;26021863;110949072;440638070;
2693;830117139;2019-12-31;2019;MILES;827795;2848691;26841524;13741506;44259516;13182015;0;0;0;0;13182015;57441531;631671;6339853;643604;0;439460;10883;8065471;818865;0;0;0;0;818865;8884336;14000;0;0;-34947954;0;83491149;48557195;57441531;
2694;830117139;2019-12-31;2018;MILES;2126910;1530145;20293579;12565240;36515874;4166852;981216;0;-981216;981216;5148068;41663942;0;14514261;288583;0;515014;23316;15341174;0;0;26449;0;193785;220234;15561408;14000;0;0;-30461642;0;56550176;26102534;41663942;
2695;860000135;2019-12-31;2019;MILES;1016313;9660244;26362447;23764067;60803071;122263662;968922;0;-852161;968922;123349345;184152416;12872186;53773078;0;0;0;4860474;71505738;32449624;0;23637461;0;0;56087085;127592823;3999239;0;10195815;10709875;0;31654664;56559593;184152416;
2696;860000135;2019-12-31;2018;MILES;807690;5971367;26701505;21121883;54602445;89423140;1011181;0;-761755;1011181;90683747;145286192;29979345;45263923;0;0;0;5074091;80317359;18024947;0;13486386;0;0;31511333;111828692;3999239;0;8229668;10574270;0;10654323;33457500;145286192;
2697;900193749;2019-12-31;2019;MILES;17995;0;1045774;0;1063769;111081;8508168;0;12563612;8508168;29691029;30754798;0;217305;0;0;0;0;217305;0;1161871;0;0;0;1161871;1379176;3047127;308559538;8147598;-290378641;0;0;29375622;30754798;
2698;900193749;2019-12-31;2018;MILES;795315;1020977;66321;0;1882613;170098;9143266;0;12094534;9143266;30551164;32433777;0;229835;0;0;44778;447854;722467;0;0;0;0;0;0;722467;3042127;305607247;8782481;-285720545;0;0;31711310;32433777;
2699;900333199;2019-12-31;2019;MILES;1046;10205;9419;0;20670;176535;0;0;12031831;0;12208366;12229036;0;5771;0;250606;22725;0;279102;0;0;11090;0;0;11090;290192;97866;0;0;-30640778;0;42481756;11938844;12229036;
2700;900333199;2019-12-31;2018;MILES;244381;3999;883;0;249263;84126;0;0;7174743;0;7258869;7508132;0;28013;0;247859;26761;0;302633;2590;0;16183;0;0;18773;321406;97866;0;0;-29379588;0;36468448;7186726;7508132;
2701;900514524;2019-12-31;2019;MILES;92754998;5071773;63975674;25505758;187308203;4920395;13191810;0;12996850;13191810;44300865;231609068;0;55125813;9004496;2932874;1162518;2058906;70284607;0;0;0;0;9832066;9832066;80116673;20000004;113224259;-7891560;26159692;0;0;151492395;231609068;
2702;900514524;2019-12-31;2018;MILES;99271297;3199543;62342817;21001132;185814789;6058464;14455512;0;-2425123;14455512;32544365;218359154;0;43768892;7106455;2390141;5686350;0;58951838;0;0;0;0;337731;337731;59289569;20000004;113224259;-7604001;33449323;0;0;159069585;218359154;
2703;900687925;2019-12-31;2019;MILES;257184;10311968;6324615;0;16893767;0;0;0;600665;0;600665;17494432;0;3845366;309566;7355632;0;2697041;14207605;0;0;0;0;0;0;14207605;100000;0;1988810;165546;0;1032471;3286827;17494432;
2704;900687925;2019-12-31;2018;MILES;1198635;7978739;6441126;0;15618500;0;102686;0;898566;102686;1103938;16722438;0;2271024;1110157;7451506;0;2794753;13627440;0;0;0;0;0;0;13627440;100000;0;982933;1018529;0;993536;3094998;16722438;
2705;900483729;2019-12-31;2019;MILES;95;90272;57149;0;147516;956240;7122714;0;-7122714;7122714;8078954;8226470;0;524700;0;0;0;0;524700;0;16512158;0;0;0;16512158;17036858;1505;6753147;1887193;-17452233;0;0;-8810388;8226470;
2706;900483729;2019-12-31;2018;MILES;353;90272;90401;0;181026;956240;7870400;0;-7870400;7870400;8826640;9007666;0;1997026;0;0;0;0;1997026;0;15256757;0;0;0;15256757;17253783;1505;6753147;1887193;-16887962;0;0;-8246117;9007666;
2707;900622968;2019-12-31;2019;MILES;1534055;3815910;4837368;9736112;19923445;2242852;0;0;451645;0;2694497;22617942;1005514;12051059;0;0;1091965;351938;14500476;5000000;0;526158;0;0;5526158;20026634;3000000;2000000;0;-2408692;0;0;2591308;22617942;
2708;900622968;2019-12-31;2018;MILES;1236542;3313872;1819078;9847615;16217107;1629858;0;0;47098;0;1676956;17894063;0;14168122;0;0;1677455;965531;16811108;2000000;0;79734;0;0;2079734;18890842;1000000;0;0;-1996779;0;0;-996779;17894063;
2709;811010832;2019-12-31;2019;MILES;3220436;8335039;11662574;30957740;54175789;8166012;0;0;8403606;0;16569618;70745407;36584813;7407615;0;1346361;4582068;2981827;52902684;6900;0;0;0;7680362;7687262;60589946;3209261;0;746428;5838233;0;361539;10155461;70745407;
2710;811010832;2019-12-31;2018;MILES;2306861;7338068;13128620;34245226;57018775;4609479;0;0;517976;0;5127455;62146230;33312196;10845325;0;1342409;4457450;3056147;53013527;158910;0;46608;0;0;205518;53219045;3180901;0;746428;4638317;0;361539;8927185;62146230;
2711;900031681;2019-12-31;2019;MILES;26258;1509874;3607411;124280;5267823;0;0;0;23481;0;23481;5291304;0;1537619;681311;1824347;1639152;118745;5801174;0;0;0;0;0;0;5801174;10000;0;933368;-1453238;0;0;-509870;5291304;
2712;900031681;2019-12-31;2018;MILES;11447;1330278;3805868;163904;5311497;0;0;0;200669;0;200669;5512166;0;2412845;535260;1333259;1074705;119548;5475617;0;0;0;0;0;0;5475617;10000;0;933368;-906819;0;0;36549;5512166;
2713;830018146;2019-12-31;2019;MILES;6999576;7471137;34683460;15827254;64981427;1628228;0;0;3792902;0;5421130;70402557;0;16554802;6993480;1126393;3161412;4394722;32230809;0;0;0;0;3977302;3977302;36208111;1600000;14725450;850392;17018604;0;0;34194446;70402557;
2714;830018146;2019-12-31;2018;MILES;11066937;10761700;33505485;9136190;64470312;1836318;0;0;0;0;1836318;66306630;1127328;13139412;8082947;944675;5067531;2821976;31183869;0;0;0;0;0;0;31183869;1600000;14725450;850392;17946919;0;0;35122761;66306630;
2715;900194249;2019-12-31;2019;MILES;32257;0;0;0;32257;1249000;0;0;0;0;1249000;1281257;0;890;0;0;71;0;961;0;0;0;0;0;0;961;50000;0;0;-2240310;0;3470606;1280296;1281257;
2716;900194249;2019-12-31;2018;MILES;24716;0;195;0;24911;1249000;0;0;0;0;1249000;1273911;0;5895;0;0;0;0;5895;0;0;0;0;0;0;5895;50000;0;0;-2156080;0;3374096;1268016;1273911;
2717;900378597;2019-12-31;2019;MILES;10640;2762212;16995650;0;19768502;323159;0;0;0;0;323159;20091661;625954;12750671;0;3398;11233;2981635;16372891;1460559;0;0;0;0;1460559;17833450;50000;0;0;2208211;0;0;2258211;20091661;
2718;900378597;2019-12-31;2018;MILES;1554;2768954;11360358;0;14130866;375149;0;0;1566611;0;1941760;16072626;652504;9974255;0;100954;26597;1526453;12280763;1522510;0;0;0;0;1522510;13803273;50000;0;0;2219353;0;0;2269353;16072626;
2719;890114924;2019-12-31;2019;MILES;262677;152731;1604240;4112666;6132314;1972992;0;0;881759;0;2854751;8987065;171626;8065384;0;170709;170714;1701;8580134;0;0;469300;0;0;469300;9049434;27400;0;13000;-1916414;0;1813645;-62369;8987065;
2720;890114924;2019-12-31;2018;MILES;236236;300931;1568434;5536738;7642339;2112589;0;0;895135;0;3007724;10650063;84;8853614;0;70252;152981;0;9076931;0;0;654940;0;0;654940;9731871;27400;0;13000;-935853;0;1813645;918192;10650063;
2721;900368076;2019-12-31;2019;MILES;49512;1870539;10278669;8504894;20703614;7083932;0;0;1966765;0;9050697;29754311;56287;4953113;0;0;1661734;624927;7296061;64713;0;268635;0;1395370;1728718;9024779;1025150;3975850;9677782;6050750;0;0;20729532;29754311;
2722;900368076;2019-12-31;2018;MILES;122945;1093125;8180448;7102643;16499161;8034458;0;0;0;0;8034458;24533619;3234109;4229436;0;0;2111662;164;9575371;120199;0;159267;0;0;279466;9854837;1025150;3975850;4025307;5652475;0;0;14678782;24533619;
2723;900438134;2019-12-31;2019;MILES;1289363;0;6101882;0;7391245;939073;0;0;2625017;0;3564090;10955335;630349;5103939;31250;309105;411833;0;6486476;0;328953;0;0;0;328953;6815429;2074705;0;0;-490469;0;2555670;4139906;10955335;
2724;900438134;2019-12-31;2018;MILES;618212;0;5050470;0;5668682;265207;0;0;315014;0;580221;6248903;272720;3560589;31250;257865;432222;0;4554646;0;0;0;0;0;0;4554646;2074705;0;0;-2936118;0;2555670;1694257;6248903;
2725;892200328;2019-12-31;2019;MILES;126901;1074670;2866346;0;4067917;56651;0;0;247846;0;304497;4372414;0;246125;0;13023;22982;0;282130;0;0;0;0;0;0;282130;2400000;0;526286;1163998;0;0;4090284;4372414;
2726;892200328;2019-12-31;2018;MILES;250926;1095154;3739178;1400625;6485883;76117;0;0;380880;0;456997;6942880;390436;821793;0;118004;62780;0;1393013;0;480396;5792;555912;0;1042100;2435113;2400000;0;526286;1581481;0;0;4507767;6942880;
2727;900452428;2019-12-31;2019;MILES;636503;0;12710661;0;13347164;209981;0;0;0;0;209981;13557145;13863531;154952;0;0;0;7691;14026174;0;0;0;0;0;0;14026174;360000;0;180000;-27681715;0;26672686;-469029;13557145;
2728;900452428;2019-12-31;2018;MILES;433697;0;20314406;0;20748103;209981;0;0;0;0;209981;20958084;22294115;604439;0;0;0;214800;23113354;0;0;0;0;0;0;23113354;360000;0;180000;-28195270;0;25500000;-2155270;20958084;
2729;900684984;2019-12-31;2019;MILES;2333516;0;2156721;4298145;8788382;997161;0;0;296739;0;1293900;10082282;2514745;4482761;0;0;893961;136821;8028288;0;0;316137;0;683101;999238;9027526;500000;0;168334;386422;0;0;1054756;10082282;
2730;900684984;2019-12-31;2018;MILES;1869179;0;1135010;2392658;5396847;855161;0;0;47766;0;902927;6299774;2057828;2351645;0;0;979347;44585;5433405;0;0;87994;0;0;87994;5521399;500000;0;168334;110041;0;0;778375;6299774;
2731;860050625;2019-12-31;2019;MILES;3179138;195773;4448520;2897988;10721419;2688305;0;0;381218;0;3069523;13790942;0;3517892;0;1312513;66895;293659;5190959;0;40846668;0;0;0;40846668;46037627;5898599;13200000;1020622;-52365906;0;0;-32246685;13790942;
2732;860050625;2019-12-31;2018;MILES;1549424;0;4004766;3440975;8995165;3300689;0;0;77305;0;3377994;12373159;0;3755330;0;1280846;62377;0;5098553;0;34035754;0;0;0;34035754;39134307;5898599;13200000;1020622;-46880369;0;0;-26761148;12373159;
2733;900483043;2019-12-31;2019;MILES;168681;0;1006862;422073;1597616;76022;0;0;11489;0;87511;1685127;0;817331;39320;69662;25154;0;951467;0;0;18942;0;5217;24159;975626;160500;0;390227;158774;0;0;709501;1685127;
2734;900483043;2019-12-31;2018;MILES;248611;0;796900;453766;1499277;96489;0;0;16160;0;112649;1611926;0;761791;32300;49145;12481;0;855717;0;0;43078;0;8729;51807;907524;160500;0;451327;92575;0;0;704402;1611926;
2735;830514890;2019-12-31;2019;MILES;212801;215885;786047;136293;1351026;4679732;686430;0;1932420;686430;7985012;9336038;0;651721;0;216764;24853;2902;896240;549560;1868035;0;0;0;2417595;3313835;4405000;0;72701;1544502;0;0;6022203;9336038;
2736;830514890;2019-12-31;2018;MILES;61413;167724;2042470;83106;2354713;4737448;0;0;3474444;0;8211892;10566605;0;590262;0;225007;49705;3573;868547;1108803;1846442;1294582;0;0;4249827;5118374;3844000;0;64901;1539330;0;0;5448231;10566605;
2737;900403139;2019-12-31;2019;MILES;670011;644127;1334888;220000;2869026;12313519;0;0;11438489;0;23752008;26621034;0;289542;0;454337;105944;0;849823;161563;1247979;354284;0;292;1764118;2613941;23784300;0;43318;179475;0;0;24007093;26621034;
2738;900403139;2019-12-31;2018;MILES;13025;615723;2221106;207065;3056919;10695352;0;0;11801294;0;22496646;25553565;0;570656;0;356637;137473;0;1064766;8166;1247979;354283;0;309;1610737;2675503;22799400;0;30270;48392;0;0;22878062;25553565;
2739;800023551;2019-12-31;2019;MILES;439674;10400945;114517;28875382;39830518;25487789;0;0;41885333;0;67373122;107203640;750909;9872529;0;0;10184;451141;11084763;30961006;0;760095;0;41304676;73025777;84110540;19999885;0;893261;2199954;0;0;23093100;107203640;
2740;800023551;2019-12-31;2018;MILES;1447659;12421732;63103;28892514;42825008;19163775;0;0;37866953;0;57030728;99855736;518421;6099793;0;0;33342;521610;7173166;30667574;0;555192;0;38767404;69990170;77163336;19999885;0;893261;1799254;0;0;22692400;99855736;
2741;900380232;2019-12-31;2019;MILES;8465092;3286387;29529776;3625631;44906886;1766092;10833427;0;13352783;10833427;36785729;81692615;419713;6878640;0;0;0;0;7298353;368882;0;26765068;0;577626;27711576;35009929;15151978;0;3712510;27818198;0;0;46682686;81692615;
2742;900380232;2019-12-31;2018;MILES;1325932;3416398;35416360;2970857;43129547;1291208;24270863;0;-1165857;24270863;48667077;91796624;96628;15305293;0;0;0;0;15401921;0;0;28311117;0;528903;28840020;44241941;15151978;0;2905217;29497488;0;0;47554683;91796624;
2743;900495079;2019-12-31;2019;MILES;27910;2138128;2425775;303471;4895284;35269;0;0;108;0;35377;4930661;0;3585358;488613;1423026;82594;99218;5678809;0;0;0;0;0;0;5678809;10000;0;341282;-1099430;0;0;-748148;4930661;
2744;900495079;2019-12-31;2018;MILES;56172;1146374;2304437;166079;3673062;0;0;0;106879;0;106879;3779941;0;1745448;415017;1726464;20263;174504;4081696;0;0;0;0;0;0;4081696;10000;0;341282;-653037;0;0;-301755;3779941;
2745;900375325;2019-12-31;2019;MILES;768220;11704853;975901;135642;13584616;7584921;0;0;44438989;0;52023910;65608526;33226242;17177734;1412442;106176;228183;0;52150777;0;0;0;0;7813644;7813644;59964421;18245;0;0;-144648422;0;150274282;5644105;65608526;
2746;900375325;2019-12-31;2018;MILES;800722;11301431;967723;137328;13207204;7993278;0;0;30919052;0;38912330;52119534;0;8591496;2362182;100926;591596;0;11646200;23429032;0;0;0;8174724;31603756;43249956;18245;0;0;-141422948;0;150274281;8869578;52119534;
2747;900797732;2019-12-31;2019;MILES;10654837;0;192169803;1901262;204725902;18204388;0;0;6424980;0;24629368;229355270;0;325356373;0;0;1038781;0;326395154;0;0;215545;0;0;215545;326610699;50000;0;0;-138122589;0;40817160;-97255429;229355270;
2748;900797732;2019-12-31;2018;MILES;12877072;0;240374921;2132033;255384026;35373119;0;0;6705322;0;42078441;297462467;0;325431968;0;0;2411115;0;327843083;0;0;19138;0;0;19138;327862221;50000;0;0;-42006214;0;11556460;-30399754;297462467;
2749;817000934;2019-12-31;2019;MILES;15230;2725732;156167;5442284;8339413;673049;0;2445984;0;0;3119033;11458446;27658;1813355;0;0;15996;0;1857009;0;0;1710970;0;0;1710970;3567979;994228;141972;117830;3000626;0;3635811;7890467;11458446;
2750;817000934;2019-12-31;2018;MILES;0;1318300;135032;1854860;3308192;591063;0;678861;4178;0;1274102;4582294;0;306297;0;0;16386;0;322683;0;0;0;0;0;0;322683;994228;141972;112868;3010543;0;0;4259611;4582294;
2751;860041127;2019-12-31;2019;MILES;5211;3886;37296;0;46393;0;1300449;16994715;-1300449;1300449;18295164;18341557;0;367334;0;0;0;0;367334;0;1705069;1694646;0;0;3399715;3767049;11786;0;4069;14558653;0;0;14574508;18341557;
2752;860041127;2019-12-31;2018;MILES;5211;3886;37296;0;46393;0;1231507;16994715;-1231507;1231507;18226222;18272615;0;277565;0;0;0;0;277565;0;1602114;1694646;0;0;3296760;3574325;11786;0;4069;14682435;0;0;14698290;18272615;
2753;900768520;2019-12-31;2019;MILES;19265;4075;7705;146459;177504;3917397;0;0;2536477;0;6453874;6631378;0;173320;0;58525;15217;0;247062;0;6244534;0;0;0;6244534;6491596;20000;0;731;119051;0;0;139782;6631378;
2754;900768520;2019-12-31;2018;MILES;25627;2433;71801;0;99861;3291164;0;0;1132890;0;4424054;4523915;0;14122;0;31793;12251;0;58166;0;4278482;0;0;0;4278482;4336648;20000;0;731;166536;0;0;187267;4523915;
2755;860006628;2019-12-31;2019;MILES;32940240;11433182;33826206;0;78199628;2421751;0;0;10140839;0;12562590;90762218;0;24143913;0;0;4150522;5742744;34037179;0;0;0;0;9282169;9282169;43319348;216977;0;108489;47117404;0;0;47442870;90762218;
2756;860006628;2019-12-31;2018;MILES;19460866;9485305;35139500;0;64085671;12727052;0;0;494769;0;13221821;77307492;8066;22992524;0;0;4658054;1390397;29049041;0;0;38765;0;58852;97617;29146658;216977;0;108489;47835368;0;0;48160834;77307492;
2757;900060329;2019-12-31;2019;MILES;1006;510342;10340996;1730508;12582852;2533785;0;4000000;43725;0;6577510;19160362;2948249;3144367;0;24440;308993;3171;6429220;0;4227728;0;0;0;4227728;10656948;2080000;0;665279;3358135;0;2400000;8503414;19160362;
2758;900060329;2019-12-31;2018;MILES;2928;581972;8749320;3672843;13007063;2694479;0;8000000;39591;0;10734070;23741133;3614576;3294301;0;116835;455808;203897;7685417;0;4150113;0;0;0;4150113;11835530;2080000;0;256817;4468786;0;5100000;11905603;23741133;
2759;900620724;2019-12-31;2019;MILES;73448;3929629;167618;0;4170695;2030416;0;0;67399;0;2097815;6268510;0;3176818;0;746370;578265;585837;5087290;0;0;8352;0;30000;38352;5125642;500000;0;0;642868;0;0;1142868;6268510;
2760;900620724;2019-12-31;2018;MILES;113984;2165181;1822101;0;4101266;2131503;0;0;358688;0;2490191;6591457;0;4104920;0;711072;619452;0;5435444;0;0;0;0;17323;17323;5452767;500000;0;0;638690;0;0;1138690;6591457;
2761;901023824;2019-12-31;2019;MILES;452150;0;9903106;1216336;11571592;2951522;0;0;0;0;2951522;14523114;1043769;13663622;0;0;0;0;14707391;0;0;0;0;0;0;14707391;10000;0;0;-194277;0;0;-184277;14523114;
2762;901023824;2019-12-31;2018;MILES;434297;0;6439116;3804504;10677917;4813;0;0;0;0;4813;10682730;0;10831082;0;0;0;0;10831082;0;0;0;0;0;0;10831082;10000;0;0;-158352;0;0;-148352;10682730;
2763;900460028;2019-12-31;2019;MILES;343067;0;2904556;0;3247623;0;0;0;0;0;0;3247623;0;120829;32067;0;0;0;152896;0;0;0;0;0;0;152896;3366949;15503400;18919;-15794541;0;0;3094727;3247623;
2764;900460028;2019-12-31;2018;MILES;372667;3459080;2646636;0;6478383;0;0;0;0;0;0;6478383;0;10983;0;0;0;0;10983;0;0;0;0;0;0;10983;3366949;15503400;18919;-12421868;0;0;6467400;6478383;
2765;800008151;2019-12-31;2019;MILES;554884;1939163;9560659;8691874;20746580;11823742;0;1017071;456299;0;13297112;34043692;3060423;14445045;1519;357185;235484;533060;18632716;3557936;0;692804;0;0;4250740;22883456;3500000;0;621754;3754870;0;3283612;11160236;34043692;
2766;800008151;2019-12-31;2018;MILES;507962;1419364;9428489;9789460;21145275;8593850;0;3393600;494100;0;12481550;33626825;3693204;14178151;9056;349244;92517;306825;18628997;2902250;0;751672;0;0;3653922;22282919;3000000;0;601915;4462736;0;3279255;11343906;33626825;
2767;900251464;2019-12-31;2019;MILES;64374;3291351;2779014;46519;6181258;522691;29367371;0;-29367371;29367371;29890062;36071320;0;645602;0;0;0;0;645602;0;0;135527;0;4504209;4639736;5285338;13626369;20891500;4403577;-8135464;0;0;30785982;36071320;
2768;900251464;2019-12-31;2018;MILES;248103;3834870;2746110;114040;6943123;843823;27458731;0;-27458731;27458731;28302554;35245677;0;599568;0;0;0;0;599568;0;0;242516;0;4466563;4709079;5308647;13626369;20891500;4363167;-8944006;0;0;29937030;35245677;
2769;900442933;2019-12-31;2019;MILES;9416751;7972854;57801152;23708415;98899172;19796625;0;0;6480582;0;26277207;125176379;0;22030716;6215633;590004;10109510;0;38945863;0;0;0;0;0;0;38945863;2400000;53150392;0;30680124;0;0;86230516;125176379;
2770;900442933;2019-12-31;2018;MILES;1031184;8854729;56973741;30193437;97053091;18421936;0;0;2288640;0;20710576;117763667;7000000;39016102;3979577;608032;1287612;0;51891323;0;0;0;0;0;0;51891323;2400000;53150392;0;10321952;0;0;65872344;117763667;
2771;900216225;2019-12-31;2019;MILES;5674783;82751;61421312;15010477;82189323;6569476;80057;3117020;2388486;80057;12235096;94424419;179776;20140476;0;1430420;4187871;0;25938543;0;0;0;0;0;0;25938543;3314979;0;4378868;60792029;0;0;68485876;94424419;
2772;900216225;2019-12-31;2018;MILES;4339386;32877;55730118;15478394;75580775;7250057;13419662;0;-11331980;13419662;22757401;98338176;290653;24265352;0;1606609;8855719;0;35018333;0;0;0;0;0;0;35018333;1754114;0;3640929;57924800;0;0;63319843;98338176;
2773;900375931;2019-12-31;2019;MILES;8980;1790451;972124;1050007;3821562;36429996;0;0;1407831;0;37837827;41659389;3693148;6394515;0;0;0;2162738;12250401;19903243;0;2552405;0;0;22455648;34706049;14735360;1485360;225218;-13442814;0;3950216;6953340;41659389;
2774;900375931;2019-12-31;2018;MILES;12693;900838;3906616;2432532;7252679;36600765;0;0;1482720;0;38083485;45336164;4729014;8549491;0;0;16594;1016879;14311978;19565001;0;2369545;0;0;21934546;36246524;13735360;976141;225218;-9815764;0;3968685;9089640;45336164;
2775;860517030;2019-12-31;2019;MILES;413978;1214870;2508131;117916;4254895;31937620;807;0;197603;807;32136837;36391732;640000;7920605;0;211418;307033;198855;9277911;1973333;750000;1997646;0;202374;4923353;14201264;350000;192448;271565;21376455;0;0;22190468;36391732;
2776;860517030;2019-12-31;2018;MILES;1855424;971562;1514569;81264;4422819;31784239;0;0;495054;0;32279293;36702112;0;2980920;0;212585;220904;280316;3694725;3200000;3446526;1972391;0;0;8618917;12313642;350000;192448;271565;-1794818;0;25369275;24388470;36702112;
2777;805027024;2019-12-31;2019;MILES;3558192;1242717;1194419;14217013;20212341;22128978;0;0;6056698;0;28185676;48398017;5574460;16204024;0;0;698744;486181;22963409;13834590;0;1276136;0;0;15110726;38074135;4000000;800000;659997;4863885;0;0;10323882;48398017;
2778;805027024;2019-12-31;2018;MILES;2920375;767284;996694;7932777;12617130;16448461;0;0;1705762;0;18154223;30771353;3653108;11028210;0;0;266031;349933;15297282;4756683;0;2235418;0;0;6992101;22289383;2500000;800000;536434;4645536;0;0;8481970;30771353;
2779;901241645;2019-12-31;2019;MILES;4152;0;9381572;0;9385724;0;0;0;0;0;0;9385724;0;6044626;0;18730;0;0;6063356;0;0;0;0;0;0;6063356;16000;0;137297;3169071;0;0;3322368;9385724;
2780;901241645;2019-12-31;2018;MILES;0;0;2873941;0;2873941;0;0;0;0;0;0;2873941;0;1485204;0;0;0;0;1485204;0;0;0;0;0;0;1485204;16000;0;0;1372737;0;0;1388737;2873941;
2781;900390425;2019-12-31;2019;MILES;7676600;30074;46390;655070;8408134;51292245;0;0;70221793;0;121514038;129922172;174213;696059;0;158738;351;0;1029361;32784906;0;4538018;0;0;37322924;38352285;9450;0;0;5234600;0;86325837;91569887;129922172;
2782;900390425;2019-12-31;2018;MILES;6763239;33427;77263;444340;7318269;31289177;0;0;59130953;0;90420130;97738399;20958;560111;0;148208;492;0;729769;0;0;5680905;0;0;5680905;6410674;9450;0;0;5477388;0;85840887;91327725;97738399;
2783;900632938;2019-12-31;2019;MILES;8852741;1288940;429515;511642;11082838;27513664;458154;0;36523531;458154;64953503;76036341;5808613;3803323;0;954485;1190831;0;11757252;30869382;0;0;0;0;30869382;42626634;8958314;51288561;0;-26837168;0;0;33409707;76036341;
2784;900632938;2019-12-31;2018;MILES;6581847;1092908;1086552;506652;9267959;31912252;0;0;2733179;0;34645431;43913390;14853;5931139;0;671137;1472101;0;8089230;26388;0;0;0;0;26388;8115618;8258314;44988561;0;-17449103;0;0;35797772;43913390;
2785;900434331;2019-12-31;2019;MILES;188811;1784726;2048047;0;4021584;2172479;0;0;3858192;0;6030671;10052255;618880;517712;33234;87619;56163;0;1313608;260742;0;0;0;0;260742;1574350;1513558;56854105;11745167;-61634925;0;0;8477905;10052255;
2786;900434331;2019-12-31;2018;MILES;13460;84098;234199;0;331757;2237142;0;0;2144842;0;4381984;4713741;202435;161570;11667;49259;64510;0;489441;0;0;0;0;0;0;489441;1513503;50311943;6543373;-54144519;0;0;4224300;4713741;
2787;900184924;2019-12-31;2019;MILES;13325231;5706612;27307931;22824123;69163897;1722498;0;0;1194555;0;2917053;72080950;0;43188376;959941;0;3766197;1130727;49045241;0;83586;0;0;1569497;1653083;50698324;20509344;0;0;873282;0;0;21382626;72080950;
2788;900184924;2019-12-31;2018;MILES;5866150;9272330;28276713;21363820;64779013;1482810;0;0;348494;0;1831304;66610317;0;36984968;828512;0;4866980;2537687;45218147;0;270329;0;0;612497;882826;46100973;47507757;0;0;-26998413;0;0;20509344;66610317;
2789;800241641;2019-12-31;2019;MILES;1663815;1244429;1078073;39313;4025630;2374585;162546;0;1270536;162546;3970213;7995843;0;1566451;0;139880;123467;179475;2009273;0;1259483;78513;0;1022419;2360415;4369688;515000;0;289667;2821488;0;0;3626155;7995843;
2790;800241641;2019-12-31;2018;MILES;985262;925901;836100;27033;2774296;2191984;1558782;0;-1147782;1558782;4161766;6936062;0;1836366;0;0;100041;193930;2130337;0;1054446;136504;0;0;1190950;3321287;515000;0;289667;551095;0;2259013;3614775;6936062;
2791;900302829;2019-12-31;2019;MILES;560246;357618;54980;7181484;8154328;675113;0;0;5582956;0;6258069;14412397;1949762;2643161;7670;126309;32855;0;4759757;10299978;0;0;0;0;10299978;15059735;1690400;5688912;0;-8026650;0;0;-647338;14412397;
2792;900302829;2019-12-31;2018;MILES;371493;406879;166577;7705420;8650369;994903;0;0;2099390;0;3094293;11744662;1323392;1758441;26700;153639;172877;0;3435049;8244616;0;0;0;0;8244616;11679665;1690400;5688912;0;-7314315;0;0;64997;11744662;
2793;800241635;2019-12-31;2019;MILES;1949548;3253596;3305531;149548;8658223;9046571;0;0;1329305;0;10375876;19034099;343750;4361737;0;359403;330324;447385;5842599;0;2218354;517119;0;1218399;3953872;9796471;1700000;0;2443;7535185;0;0;9237628;19034099;
2794;800241635;2019-12-31;2018;MILES;2425650;2944932;6513241;136160;12019983;10286138;650000;111308;-650000;650000;11047446;23067429;2085784;5641125;0;378038;338139;655079;9098165;956495;3027118;415349;0;0;4398962;13497127;1700000;0;2443;1794050;0;6073809;9570302;23067429;
2795;811042428;2019-12-31;2019;MILES;1339857;530701;3930587;4230027;10031172;1642268;0;0;1603761;0;3246029;13277201;186810;1302749;0;531859;287886;705589;3014893;1508848;0;0;0;0;1508848;4523741;4278082;0;387298;4088080;0;0;8753460;13277201;
2796;811042428;2019-12-31;2018;MILES;1775300;712756;2832713;2735651;8056420;1273148;0;0;438911;0;1712059;9768479;73167;1378876;0;465071;84484;613557;2615155;206928;0;0;0;0;206928;2822083;4278082;0;306157;2362157;0;0;6946396;9768479;
2797;890801748;2019-12-31;2019;MILES;4739567;5160530;150500331;83538502;243938930;74913274;0;0;104365;0;75017639;318956569;7468482;203282076;1269304;0;437000;3743622;216200484;1751011;0;6133601;0;4277787;12162399;228362883;12914240;0;102998227;-25318781;0;0;90593686;318956569;
2798;890801748;2019-12-31;2018;MILES;10677190;0;147345962;82711842;240734994;75230954;0;0;199300;0;75430254;316165248;2315281;209600677;1265101;0;1327000;0;214508059;1543654;0;3829214;0;2631381;8004249;222512308;12914240;0;102892814;-22154114;0;0;93652940;316165248;
2799;900368651;2019-12-31;2019;MILES;932082;6441451;808843;0;8182376;1678390;0;0;0;0;1678390;9860766;468343;334894;0;420871;0;0;1224108;4161677;0;0;0;14264;4175941;5400049;7709164;15569301;3082450;-22083740;0;183542;4460717;9860766;
2800;900368651;2019-12-31;2018;MILES;56221;6341984;667441;0;7065646;1400171;0;0;4159;0;1404330;8469976;2724271;5522948;0;527309;0;49632;8824160;2083333;0;0;0;11835;2095168;10919328;7199164;5879301;2930069;-18670949;0;213063;-2449352;8469976;
2801;900484984;2019-12-31;2019;MILES;24;1600885;53439;3241833;4896181;0;124690;0;-124690;124690;124690;5020871;196110;3593365;0;0;240238;0;4029713;0;0;0;0;0;0;4029713;245000;0;0;746158;0;0;991158;5020871;
2802;900484984;2019-12-31;2018;MILES;923;1583013;82303;4114647;5780886;0;192041;0;-192041;192041;192041;5972927;196110;4478561;0;0;6803;731632;5413106;0;0;0;0;0;0;5413106;245000;0;0;314821;0;0;559821;5972927;
2803;900621491;2019-12-31;2019;MILES;27524;19067;3195838;22336446;25578875;0;0;0;0;0;0;25578875;0;14497389;0;0;6092;0;14503481;0;0;0;0;9849771;9849771;24353252;60418;0;1158;1164047;0;0;1225623;25578875;
2804;900621491;2019-12-31;2018;MILES;28097;33601;1414819;24278030;25754547;0;0;0;0;0;0;25754547;1193748;8478528;0;0;16478;0;9688754;2785411;0;0;0;12049599;14835010;24523764;60418;0;1158;1169207;0;0;1230783;25754547;
2805;900314026;2019-12-31;2019;MILES;2165303;741619;5696596;1434938;10038456;12177323;0;0;88996;0;12266319;22304775;902932;3842461;0;0;1125093;233480;6103966;0;4154307;455324;0;0;4609631;10713597;5000000;0;1020094;4468150;0;1102934;11591178;22304775;
2806;900314026;2019-12-31;2018;MILES;935056;920143;4157615;2257367;8270181;13299095;0;0;89833;0;13388928;21659109;5465;4550866;0;0;1559848;199406;6315585;0;3735521;454469;0;0;4189990;10505575;5000000;931500;750828;3368272;0;1102934;11153534;21659109;
2807;900558927;2019-12-31;2019;MILES;3808724;1488567;12431478;16474304;34203073;59287;0;0;2532560;0;2591847;36794920;38892;23798504;0;122030;199827;0;24159253;4571720;0;0;0;12638974;17210694;41369947;2000000;4981637;179881;-11736545;0;0;-4575027;36794920;
2808;900558927;2019-12-31;2018;MILES;5019230;2559137;12360009;32039696;51978072;19032;0;0;2532560;0;2551592;54529664;12038546;6130750;0;147302;27588;0;18344186;7769980;0;7528952;0;11139127;26438059;44782245;2000000;4981637;179881;2585901;0;0;9747419;54529664;
2809;900450226;2019-12-31;2019;MILES;1120419;13757126;193058222;48428650;256364417;11490670;0;0;6446743;0;17937413;274301830;760587;223494768;0;0;8962565;3348173;236566093;0;0;0;0;0;0;236566093;18175;0;15978371;21739191;0;0;37735737;274301830;
2810;900450226;2019-12-31;2018;MILES;1889401;12422638;138387877;43244365;195944281;19716896;0;0;5130105;0;24847001;220791282;534399;178260749;0;0;7421932;2107268;188324348;0;0;0;0;0;0;188324348;18175;0;15669147;16779612;0;0;32466934;220791282;
2811;891408635;2019-12-31;2019;MILES;320647;228235;2031770;1376509;3957161;7655390;0;3088091;365834;0;11109315;15066476;382662;1471313;0;288880;169282;0;2312137;1548703;0;1953318;0;950450;4452471;6764608;2000000;0;835303;1217914;0;4248651;8301868;15066476;
2812;891408635;2019-12-31;2018;MILES;372146;228099;2025879;1624841;4250965;6853837;0;3088091;97390;0;10039318;14290283;404711;1550369;0;429933;133049;0;2518062;643003;0;1680376;0;724952;3048331;5566393;2000000;0;835303;1277565;0;4611022;8723890;14290283;
2813;830063227;2019-12-31;2019;MILES;2992170;575808;3141474;0;6709452;843210;1716651;0;-1716651;1716651;2559861;9269313;140120;79466945;6556723;0;18907;235932;86418627;0;1535431;0;0;0;1535431;87954058;10000;0;292919;-317202413;0;238214749;-78684745;9269313;
2814;830063227;2019-12-31;2018;MILES;2279406;480420;8453129;0;11212955;1770204;1716651;0;-1716651;1716651;3486855;14699810;64202320;80187255;5757229;0;1599615;295998;152042417;0;1535431;0;0;0;1535431;153577848;10000;0;292919;-313926965;0;174746008;-138878038;14699810;
2815;860077126;2019-12-31;2019;MILES;1608073;4994870;8017194;97864;14718001;19136407;0;0;11059650;0;30196057;44914058;103706;9568438;530699;985682;684438;1642651;13515614;22412594;0;78922;0;3237538;25729054;39244668;7890591;3740711;0;-5961912;0;0;5669390;44914058;
2816;860077126;2019-12-31;2018;MILES;2047991;3784669;3129483;84267;9046410;16823566;0;0;4315608;0;21139174;30185584;354868;2140409;0;841296;539857;244311;4120741;20088634;0;712273;0;0;20800907;24921648;5000000;1837834;0;-1573898;0;0;5263936;30185584;
2817;800227924;2019-12-31;2019;MILES;20191710;2908931;30156040;14395495;67652176;23840748;0;0;563524;0;24404272;92056448;8659813;29111953;0;393043;1623550;853718;40642077;1416666;0;2281909;190121;1170186;5058882;45700959;595610;0;12426236;22262447;0;11071196;46355489;92056448;
2818;800227924;2019-12-31;2018;MILES;23159572;1649840;28177964;13966909;66954285;19782555;0;0;543907;0;20326462;87280747;5524667;35410797;0;346934;1580296;497831;43360525;0;0;2501001;266169;1170186;3937356;47297881;595610;0;9239658;19076402;0;11071196;39982866;87280747;
2819;901181833;2019-12-31;2019;MILES;6205890;19294698;2878;0;25503466;0;400000;0;39055292;400000;39855292;65358758;0;272395;0;0;1993230;0;2265625;0;0;636122;0;0;636122;2901747;500000;0;0;61957011;0;0;62457011;65358758;
2820;901181833;2019-12-31;2018;MILES;8206350;31429528;291151;0;39927029;0;400000;0;22476757;400000;23276757;63203786;0;0;0;0;656440;0;656440;0;0;0;0;0;0;656440;500000;0;0;62047346;0;0;62547346;63203786;
2821;811000555;2019-12-31;2019;MILES;2656515;61665306;5800785;24624538;94747144;17683881;36315141;0;-31185695;36315141;59128468;153875612;358437;16318353;0;0;948361;0;17625151;8736495;58480430;0;0;38462662;105679587;123304738;4141420;4130858;388310;21910286;0;0;30570874;153875612;
2822;811000555;2019-12-31;2018;MILES;472701;73570780;5810527;16582374;96436382;17301851;23471155;0;-13640268;23471155;50603893;147040275;1200646;29281605;0;0;544800;0;31027051;14890372;33190034;0;0;38494376;86574782;117601833;4141420;4130858;388310;20777854;0;0;29438442;147040275;
2823;800077828;2019-12-31;2019;MILES;2698262;10587;25865147;31426834;60000830;21866122;0;0;232250;0;22098372;82099202;7553006;23148119;0;202632;518510;0;31422267;4283436;0;0;1657354;0;5940790;37363057;6000000;0;2834237;33236886;0;2665022;44736145;82099202;
2824;800077828;2019-12-31;2018;MILES;4447859;0;23464301;23251266;51163426;21038438;0;0;319063;0;21357501;72520927;3231675;23830279;0;200269;986038;0;28248261;3306222;0;0;582056;0;3888278;32136539;6000000;0;2278695;29440671;0;2665022;40384388;72520927;
2825;900528289;2019-12-31;2019;MILES;638238;250046;1249229;61923;2199436;102283;43631;0;-43631;43631;145914;2345350;0;1619525;0;0;0;0;1619525;0;476990;0;0;0;476990;2096515;10000;0;0;238835;0;0;248835;2345350;
2826;900528289;2019-12-31;2018;MILES;350710;0;1040475;679047;2070232;120743;155394;0;-154062;155394;277469;2347701;0;1220369;0;0;0;0;1220369;57503;0;0;0;702746;760249;1980618;10000;0;0;357083;0;0;367083;2347701;
2827;800031939;2019-12-31;2019;MILES;4742289;1028191;22228830;3659942;31659252;91970728;361864;0;-168000;361864;92526456;124185708;7045851;9019443;0;1051395;31115;0;17147804;102658335;6306571;8526489;0;0;117491395;134639199;3056573;280873;2221871;-102562511;0;86549703;-10453491;124185708;
2828;800031939;2019-12-31;2018;MILES;3896630;273503;22836676;3638393;30645202;90114069;348717;0;541717;348717;91353220;121998422;6986963;7966409;0;1243213;325928;0;16522513;101619262;6973246;8631860;0;0;117224368;133746881;3056573;280873;2221871;-101112788;0;83805012;-11748459;121998422;
2829;800184925;2019-12-31;2019;MILES;4323165;8252987;22941373;18600198;54117723;3622824;419909;0;-419909;419909;4042733;58160456;24005000;21448168;5030967;0;2111643;0;52595778;0;0;0;0;613163;613163;53208941;9519298;0;-187503;-4380280;0;0;4951515;58160456;
2830;800184925;2019-12-31;2018;MILES;2025343;6096679;20533982;19035593;47691597;390276;2644254;0;-2644254;2644254;3034530;50726127;24783380;19403335;993077;0;0;0;45179792;0;0;0;0;110695;110695;45290487;9519298;0;-167686;-3915972;0;0;5435640;50726127;
2831;860031028;2019-12-31;2019;MILES;3711406;12722813;248296692;244355540;509086451;15436634;19671508;0;65219573;19671508;119999223;629085674;7164887;202929440;20562652;29047337;0;109785751;369490067;103476015;0;0;0;33445019;136921034;506411101;95693850;68231790;-3386323;-37864744;0;0;122674573;629085674;
2832;860031028;2019-12-31;2018;MILES;3069175;25291493;226522253;181238327;436121248;19015592;2946208;0;51196459;2946208;76104467;512225715;18213023;115219032;21147571;24995939;0;116446133;296021698;70352424;0;0;0;14956904;85309328;381331026;95693850;68231790;-1950807;-31080144;0;0;130894689;512225715;
2833;900595826;2019-12-31;2019;MILES;15204343;1040543;13944107;2154009;32343002;333413;0;0;1211519;0;1544932;33887934;0;10554178;0;357205;147316;0;11058699;0;12938061;0;0;0;12938061;23996760;29004435;0;0;-19113261;0;0;9891174;33887934;
2834;900595826;2019-12-31;2018;MILES;1427226;1794633;12867923;452141;16541923;82874;0;0;233501;0;316375;16858298;0;12529243;0;309431;146382;0;12985056;0;2218153;0;0;0;2218153;15203209;18757953;0;0;-17102864;0;0;1655089;16858298;
2835;900343029;2019-12-31;2019;MILES;7147544;0;10230955;0;17378499;0;0;38115476;0;0;38115476;55493975;0;133;0;0;232545;0;232678;0;0;0;0;0;0;232678;70000;31987570;22173484;1030243;0;0;55261297;55493975;
2836;900343029;2019-12-31;2018;MILES;6231037;0;10058912;0;16289949;0;0;70672244;0;0;70672244;86962193;0;1311;0;0;175912;0;177223;0;0;3000988;0;0;3000988;3178211;70000;31987570;22000010;3052259;0;26674143;83783982;86962193;
2837;811017434;2019-12-31;2019;MILES;1547073;22418;6515890;7464919;15550300;6396693;0;0;17242;0;6413935;21964235;224288;6259754;0;276223;46848;342286;7149399;545649;0;434970;0;29407;1010026;8159425;418010;205273;1889374;11292153;0;0;13804810;21964235;
2838;811017434;2019-12-31;2018;MILES;1821031;6181;6614882;7666181;16108275;5550955;0;0;26070;0;5577025;21685300;0;6641881;0;271119;29513;257889;7200402;0;0;379207;0;31626;410833;7611235;418010;205273;1889374;11561408;0;0;14074065;21685300;
2839;900079131;2019-12-31;2019;MILES;2961055;1176456;1662282;29815;5829608;1302;0;0;1283006;0;1284308;7113916;0;1107433;767368;368240;251618;1218669;3713328;0;0;0;0;0;0;3713328;4808230;34817200;434345;-36659187;0;0;3400588;7113916;
2840;900079131;2019-12-31;2018;MILES;2422924;1550047;7305602;467049;11745622;8658;0;0;624787;0;633445;12379067;0;8409367;967435;771333;1038854;1184709;12371698;0;0;0;0;0;0;12371698;4808230;34817200;434345;-40052406;0;0;7369;12379067;
2841;830080640;2019-12-31;2019;MILES;22047723;3077223;48117591;14671233;87913770;150258;1550;0;4019158;1550;4172516;92086286;0;43855969;13830489;0;508712;0;58195170;0;64121;0;0;0;64121;58259291;231498;58;115749;33479690;0;0;33826995;92086286;
2842;830080640;2019-12-31;2018;MILES;38855630;2795645;40032053;11261706;92945034;381620;1533;0;4350761;1533;4735447;97680481;0;39173572;7520342;338917;3753040;0;50785871;0;0;0;0;0;0;50785871;231498;58;115749;46547305;0;0;46894610;97680481;
2843;830110433;2019-12-31;2019;MILES;559279;3608149;19395177;0;23562605;800905;0;0;268202;0;1069107;24631712;0;15056011;0;1453994;72216;1020990;17603211;180198;0;44484;0;0;224682;17827893;2816519;0;1684704;2302596;0;0;6803819;24631712;
2844;830110433;2019-12-31;2018;MILES;1165097;3448494;15688496;0;20302087;1037892;0;0;290180;0;1328072;21630159;0;9743839;0;1324292;421857;3437935;14927923;273249;0;3924;0;0;277173;15205096;2579230;0;1444601;2401232;0;0;6425063;21630159;
2845;805003032;2019-12-31;2019;MILES;35272;222593;922555;2692437;3872857;756774;4577687;8371450;-4481461;4577687;13802137;17674994;0;226139;22534;17156;75890;0;341719;0;6800793;1829577;0;0;8630370;8972089;4500000;0;254910;611273;0;3336722;8702905;17674994;
2846;805003032;2019-12-31;2018;MILES;21752;177661;117692;2645425;2962530;3650366;6232511;8371448;-6136285;6232511;18350551;21313081;0;35011;0;0;110324;17810;163145;0;0;1829577;0;7359931;9189508;9352653;4500000;0;254910;3868796;0;3336722;11960428;21313081;
2847;900174535;2019-12-31;2019;MILES;100309;104201;492571;0;697081;17518937;5720226;0;149508963;5720226;178468352;179165433;0;5331;0;0;72279;0;77610;0;182526;0;0;0;182526;260136;200000;7452840;8834349;93211366;0;69206742;178905297;179165433;
2848;900174535;2019-12-31;2018;MILES;151146;83346;474316;0;708808;17601110;5720226;0;149202100;5720226;178243662;178952470;0;0;0;0;148557;0;148557;0;182526;0;0;0;182526;331083;200000;7452840;8834349;92927456;0;69206742;178621387;178952470;
2849;900338494;2019-12-31;2019;MILES;121917094;166878;22545641;14217878;158847491;142100616;19297;0;1199431;19297;143338641;302186132;0;10750185;0;713163;2808964;1506719;15779031;0;0;4117849;0;0;4117849;19896880;102139518;32494750;114614169;33040815;0;0;282289252;302186132;
2850;900338494;2019-12-31;2018;MILES;77114704;0;29053292;15368127;121536123;150048355;19297;0;1216667;19297;151303616;272839739;0;8570186;0;728757;7421786;1413205;18133934;0;0;4670277;0;0;4670277;22804211;102139518;32494750;86328919;29072341;0;0;250035528;272839739;
2851;900298861;2019-12-31;2019;MILES;6281246;1141477;46367311;32539401;86329435;36827671;0;23048068;351566;0;60227305;146556740;59197156;23898527;0;540209;178446;0;83814338;28516652;0;1177804;0;0;29694456;113508794;7000000;0;1314202;11946524;0;12787220;33047946;146556740;
2852;900298861;2019-12-31;2018;MILES;4256280;557662;32960640;22125453;59900035;35830846;0;22548068;59831;0;58438745;118338780;33581808;21747887;0;491111;109431;0;55930237;31238942;0;948704;0;0;32187646;88117883;7000000;0;649185;9858936;0;12712776;30220897;118338780;
2853;900564632;2019-12-31;2019;MILES;4202;18682728;3203062;0;21889992;0;0;0;449552672;0;449552672;471442664;4159;5791;0;0;0;0;9950;0;0;0;0;0;0;9950;5340877;70362236;356752879;38976722;0;0;471432714;471442664;
2854;900564632;2019-12-31;2018;MILES;4030;23156887;3034481;0;26195398;0;0;0;302324172;0;302324172;328519570;3687;6166;0;0;0;0;9853;0;0;0;0;0;0;9853;5340877;70362236;209521872;43284732;0;0;328509717;328519570;
2855;805006833;2019-12-31;2019;MILES;83660;1233223;2026944;1174391;4518218;1138915;0;0;829538;0;1968453;6486671;930570;2290267;0;246256;60346;3793;3531232;1718614;0;0;0;0;1718614;5249846;420000;0;42000;774825;0;0;1236825;6486671;
2856;805006833;2019-12-31;2018;MILES;20540;1163128;2140070;1236046;4559784;1489672;0;0;292117;0;1781789;6341573;869396;3043717;0;202220;415702;16788;4547823;460658;0;0;0;0;460658;5008481;420000;0;42000;871092;0;0;1333092;6341573;
2857;860068070;2019-12-31;2019;MILES;5492337;5892018;6749270;3969084;22102709;447541;0;0;1680794;0;2128335;24231044;2399179;15925645;47396;619684;1499195;312112;20803211;0;0;0;0;0;0;20803211;4000;0;0;742306;0;2681527;3427833;24231044;
2858;860068070;2019-12-31;2018;MILES;1180741;1425973;6779386;3015848;12401948;131241;0;0;1155809;0;1287050;13688998;1321551;7401475;0;292058;1060637;705138;10780859;0;0;0;0;0;0;10780859;4000;0;0;222612;0;2681527;2908139;13688998;
2859;900134570;2019-12-31;2019;MILES;54387609;7447863;18480609;0;80316081;40113207;0;0;0;0;40113207;120429288;697790;33974649;0;0;5879863;7067269;47619571;1271746;0;327085;0;33945819;35544650;83164221;9565299;0;1169344;26530424;0;0;37265067;120429288;
2860;900134570;2019-12-31;2018;MILES;19431051;9022750;54907653;0;83361454;41183669;0;0;0;0;41183669;124545123;0;33422114;0;0;2615095;10909221;46946430;0;0;4793917;0;33512604;38306521;85252951;9565299;0;1169344;28557529;0;0;39292172;124545123;
2861;860002190;2019-12-31;2019;MILES;12162678;5931757;1403872;0;19498307;0;0;0;597036;0;597036;20095343;113;588553;0;1492072;345272;605065;3031075;0;0;0;0;7255887;7255887;10286962;1284448;75406800;21522425;-88405292;0;0;9808381;20095343;
2862;860002190;2019-12-31;2018;MILES;14903352;5273943;1295107;0;21472402;0;0;0;1548102;0;1548102;23020504;0;1380841;0;743966;144594;9290725;11560126;0;0;0;0;7256261;7256261;18816387;1188148;64724497;22114715;-83823243;0;0;4204117;23020504;
2863;900701739;2019-12-31;2019;MILES;28876;557002;1259704;264473;2110055;2135914;16406;0;-16406;16406;2152320;4262375;187467;1009100;0;0;0;0;1196567;28242;1933448;0;0;0;1961690;3158257;100000;0;0;946118;0;58000;1104118;4262375;
2864;900701739;2019-12-31;2018;MILES;102511;621323;1231759;76051;2031644;2149766;21623;0;-21623;21623;2171389;4203033;0;941900;0;0;37795;355539;1335234;8865;0;0;0;1882599;1891464;3226698;100000;0;0;818335;0;58000;976335;4203033;
2865;900266595;2019-12-31;2019;MILES;323140;1120711;3962727;540258;5946836;114746;0;0;26726;0;141472;6088308;7887;1598052;49026;158544;314731;2017564;4145804;0;0;25553;0;0;25553;4171357;998325;0;194168;722369;0;2089;1916951;6088308;
2866;900266595;2019-12-31;2018;MILES;951958;690924;2570693;611821;4825396;85891;0;0;11458;0;97349;4922745;0;1481342;62830;178173;247226;1380754;3350325;0;0;9877;0;0;9877;3360202;998325;0;152946;409183;0;2089;1562543;4922745;
2867;830001133;2019-12-31;2019;MILES;34144872;1573291;115739953;0;151458116;21737657;221895908;0;-221612540;221895908;243916933;395375049;65946;34743433;208402;2750633;2004308;91069499;130842221;15021;209050296;1172390;0;20040425;230278132;361120353;7489203;632100;11920304;11119267;0;3093822;34254696;395375049;
2868;830001133;2019-12-31;2018;MILES;46378088;1092837;115734373;0;163205298;22405482;225735554;0;-225377735;225735554;248498855;411704153;94956249;40801916;0;1476755;2632365;122389;139989674;23301436;214531250;4042220;0;406692;242281598;382271272;7489203;632100;4996138;16315440;0;0;29432881;411704153;
2869;860029978;2019-12-31;2019;MILES;3778909;11695012;31367554;16002961;62844436;1692671;0;0;3718042;0;5410713;68255149;1654712;31919352;0;0;1410513;0;34984577;0;0;0;0;511231;511231;35495808;10267535;3186913;5221398;14083495;0;0;32759341;68255149;
2870;860029978;2019-12-31;2018;MILES;7184742;7498488;30400651;13026981;58110862;2039388;0;0;1890603;0;3929991;62040853;12786;31730167;0;0;1628837;0;33371790;0;0;0;0;0;0;33371790;10267535;3186913;5221398;9993217;0;0;28669063;62040853;
2871;890903253;2019-12-31;2019;MILES;7468687;252716;2322042;3011893;13055338;4190240;0;0;1349828;0;5540068;18595406;21185;1350738;1832875;93902;156832;68647;3524179;0;0;460178;0;1431525;1891703;5415882;745049;0;8560645;1312947;0;2560883;13179524;18595406;
2872;890903253;2019-12-31;2018;MILES;8021164;7642;2946301;2363631;13338738;3916665;0;0;24601;0;3941266;17280004;242242;1525274;2023057;96354;245657;114911;4247495;0;0;473660;0;0;473660;4721155;745049;0;7529690;2061910;0;2222200;12558849;17280004;
2873;901055991;2019-12-31;2019;MILES;179166;76711;1145037;697006;2097920;0;0;0;0;0;0;2097920;87089;479132;163267;34879;0;1233158;1997525;0;0;0;0;0;0;1997525;35000;0;6016;59379;0;0;100395;2097920;
2874;901055991;2019-12-31;2018;MILES;28715;736951;815201;9312;1590179;6795;0;0;-6795;0;0;1590179;456016;985259;0;13867;34723;0;1489865;0;0;0;0;0;0;1489865;35000;0;6016;59298;0;0;100314;1590179;
2875;800160435;2019-12-31;2019;MILES;107500;1565055;2729068;1999079;6400702;592165;0;0;6600;0;598765;6999467;0;3926980;0;0;0;0;3926980;300000;0;63185;0;0;363185;4290165;250000;1403210;25260;1030832;0;0;2709302;6999467;
2876;800160435;2019-12-31;2018;MILES;84097;645660;2896575;1487822;5114154;636686;0;0;8620;0;645306;5759460;0;2905427;0;0;0;0;2905427;0;1653180;40373;0;0;1693553;4598980;26400;0;25260;1108820;0;0;1160480;5759460;
2877;800174043;2019-12-31;2019;MILES;346588;370408;3310546;7741933;11769475;5439847;0;0;1210863;0;6650710;18420185;1308542;1003863;0;300669;151753;294746;3059573;1588451;104580;614697;0;0;2307728;5367301;320421;7908021;4650300;174142;0;0;13052884;18420185;
2878;800174043;2019-12-31;2018;MILES;458020;283369;3326716;7753634;11821739;5404443;0;0;1353675;0;6758118;18579857;1205588;1419468;5000;281838;228700;45499;3186093;2327044;0;467900;0;0;2794944;5981037;320421;7908021;4650300;-279922;0;0;12598820;18579857;
2879;830011337;2019-12-31;2019;MILES;12477757;12000917;34118659;27013456;85610789;10814049;0;0;2231200;0;13045249;98656038;0;29824743;8228372;3140424;9717453;0;50910992;0;2710895;639000;0;2143528;5493423;56404415;2264786;0;2717813;37269024;0;0;42251623;98656038;
2880;830011337;2019-12-31;2018;MILES;19894867;22417787;22749385;23465101;88527140;6892404;0;0;2231200;0;9123604;97650744;0;22516821;6508715;2450165;8530199;0;40005900;0;0;1015000;0;1985239;3000239;43006139;2264786;0;2717813;49662006;0;0;54644605;97650744;
2881;802019339;2019-12-31;2019;MILES;3453576;1713542;245071765;73393350;323632233;24813256;0;0;17483493;0;42296749;365928982;0;190236322;0;0;0;4679450;194915772;0;0;0;0;14684467;14684467;209600239;9738285;0;4869143;141159825;0;561490;156328743;365928982;
2882;802019339;2019-12-31;2018;MILES;1134233;397660;228398454;70731018;300661365;23598763;0;0;1471526;0;25070289;325731654;1560879;155657598;0;0;169009;3314635;160702121;0;0;0;0;72174;72174;160774295;9738285;0;4869143;149788441;0;561490;164957359;325731654;
2883;830058533;2019-12-31;2019;MILES;566821;4478870;45145919;29263108;79454718;31536985;0;3538009;1941637;0;37016631;116471349;293854;13859488;1865671;1484706;494041;71433;18069193;637076;1134606;4511707;0;0;6283389;24352582;849973;30683615;16901820;35650550;0;8032809;92118767;116471349;
2884;830058533;2019-12-31;2018;MILES;9893751;3106264;46650797;28620706;88271518;23423692;0;3372197;1083043;0;27878932;116150450;0;6079523;833899;1416146;5732553;192587;14254708;0;2882040;3759088;0;0;6641128;20895836;849973;30683615;16582750;45619898;0;1518378;95254614;116150450;
2885;800146643;2019-12-31;2019;MILES;1671340;3339535;17586461;16741487;39338823;43299324;0;0;2714316;0;46013640;85352463;11034053;14913807;0;831596;1422148;0;28201604;13266427;0;2199999;0;756989;16223415;44425019;18764669;21850751;104297;207727;0;0;40927444;85352463;
2886;800146643;2019-12-31;2018;MILES;94040;4133683;16805630;15666927;36700280;41607510;0;0;1984842;0;43592352;80292632;14195184;14967144;0;738297;1009719;0;30910344;11683106;0;0;0;0;11683106;42593450;18764669;21850751;104297;-3020535;0;0;37699182;80292632;
2887;900565657;2019-12-31;2019;MILES;260521;188619;447852;885242;1782234;118071;0;0;14499;0;132570;1914804;734571;0;0;47862;57134;0;839567;0;283053;0;0;0;283053;1122620;100000;0;31001;661183;0;0;792184;1914804;
2888;900565657;2019-12-31;2018;MILES;278615;185285;303006;902627;1669533;99158;0;0;0;0;99158;1768691;603955;0;0;74019;158279;0;836253;0;0;0;0;0;0;836253;100000;0;31001;801437;0;0;932438;1768691;
2889;900697849;2019-12-31;2019;MILES;8762;735640;97942;322969;1165313;2466888;0;0;24252767;0;26719655;27884968;0;141637;0;9423;0;372379;523439;0;12558783;1434965;0;4487345;18481093;19004532;13010000;0;0;-4129564;0;0;8880436;27884968;
2890;900697849;2019-12-31;2018;MILES;48392;728611;13053;11288;801344;2311967;0;0;16815303;0;19127270;19928614;0;528261;0;9951;20948;0;559160;0;9789594;18049;0;0;9807643;10366803;13010000;0;0;-3448189;0;0;9561811;19928614;
2891;830006735;2019-12-31;2019;MILES;6361900;14487174;61744711;75344566;157938351;103418488;0;0;19988702;0;123407190;281345541;1041128;107494818;0;0;5237044;24070934;137843924;383722;14045417;13722319;0;6738318;34889776;172733700;62101914;0;-4427086;3942434;0;46994579;108611841;281345541;
2892;830006735;2019-12-31;2018;MILES;6315476;15338669;49965643;51854252;123474040;91279099;0;0;14415210;0;105694309;229168349;25530;94374392;0;0;4143739;17893664;116437325;3556637;0;13533824;0;3956125;21046586;137483911;62101914;0;-3993548;-13743422;0;47319494;91684438;229168349;
2893;860009034;2019-12-31;2019;MILES;212128;1251550;92257298;29444351;123165327;52265560;0;5772743;11554535;0;69592838;192758165;55088059;11583555;0;3185309;2995886;1900723;74753532;5009609;0;19793829;0;0;24803438;99556970;1242;2498493;11487275;40541667;0;38672518;93201195;192758165;
2894;860009034;2019-12-31;2018;MILES;623932;1373839;86134289;29359196;117491256;53238528;4429246;0;10140104;4429246;72237124;189728380;54594845;11479587;0;2746213;2710879;0;71531524;6771265;0;19606948;0;0;26378213;97909737;1242;2498493;11487275;39350826;0;38480807;91818643;189728380;
2895;830060331;2019-12-31;2019;MILES;6419969;6620223;45059452;114903353;173002997;64166905;0;0;8815862;0;72982767;245985764;65372873;44106593;8958388;4224679;0;16331837;138994370;3823969;0;0;0;0;3823969;142818339;16707168;83037312;0;3422945;0;0;103167425;245985764;
2896;830060331;2019-12-31;2018;MILES;4363049;14310074;61150846;60905549;140729518;36786522;0;0;5440761;0;42227283;182956801;28893618;74284103;3710508;3428556;0;19472616;129789401;26972925;0;0;0;2994847;29967772;159757173;9252384;15944256;556764;-2553776;0;0;23199628;182956801;
2897;805017272;2019-12-31;2019;MILES;3472775;813381;22120622;0;26406778;1257642;0;0;5432629;0;6690271;33097049;143163;1182878;0;0;2361993;86082;3774116;0;0;537730;0;0;537730;4311846;1800000;0;19403310;7581893;0;0;28785203;33097049;
2898;805017272;2019-12-31;2018;MILES;3969284;1026729;13029617;0;18025630;1370771;0;30839450;2205;0;32212426;50238056;86818;1980091;0;290216;1250202;13577358;17184685;0;0;3013654;0;0;3013654;20198339;1800000;0;19403310;8836407;0;0;30039717;50238056;
2899;800140250;2019-12-31;2019;MILES;2834;140428;882345;2489202;3514809;372655;289064;0;1111972;289064;2062755;5577564;5575078;5325401;0;0;0;0;10900479;1290311;0;0;0;0;1290311;12190790;3500000;0;-878717;-9235173;0;664;-6613226;5577564;
2900;800140250;2019-12-31;2018;MILES;100488;159418;2022231;3052228;5334365;418759;289064;0;1211911;289064;2208798;7543163;5575078;6347177;0;0;278503;151727;12352485;1290311;0;89942;0;0;1380253;13732738;3500000;0;-877312;-8812927;0;664;-6189575;7543163;
2901;890315430;2019-12-31;2019;MILES;6660901;15482424;9238823;7808520;39190668;42109362;0;0;4252147;0;46361509;85552177;6859077;11760433;0;524111;1557278;0;20700899;2613669;0;3593712;0;6239232;12446613;33147512;7222647;13430837;3984474;27415987;0;350720;52404665;85552177;
2902;890315430;2019-12-31;2018;MILES;6934722;18358816;7862499;6324789;39480826;41316038;0;0;4551218;0;45867256;85348082;6145647;10629432;0;492430;546369;0;17813878;7636521;0;3739244;0;7784773;19160538;36974416;7222647;13430837;3694568;23674894;0;350720;48373666;85348082;
2903;860033230;2019-12-31;2019;MILES;7035264;0;523194;0;7558458;82574;0;4236074;546637200;0;550955848;558514306;0;299512;0;0;532336;0;831848;0;0;70250;0;0;70250;902098;2008014;4866204;18274204;7827341;0;524636445;557612208;558514306;
2904;860033230;2019-12-31;2018;MILES;5065948;0;177985;0;5243933;101217;0;4239768;360274265;0;364615250;369859183;0;293874;0;0;247812;0;541686;0;0;21508;0;0;21508;563194;2008014;4866204;15161390;6792940;0;340467441;369295989;369859183;
2905;860029045;2019-12-31;2019;MILES;27287990;5568169;29333582;12602169;74791910;5498104;0;0;1268465;0;6766569;81558479;8389;50212444;0;1692944;0;0;51913777;967436;0;0;0;1130290;2097726;54011503;70000;19688240;12016;7776720;0;0;27546976;81558479;
2906;860029045;2019-12-31;2018;MILES;2513236;4161353;27611839;12234033;46520461;3056091;0;0;970773;0;4026864;50547325;0;22870482;0;1121790;0;0;23992272;0;0;0;0;2453301;2453301;26445573;70000;19688240;12016;4331496;0;0;24101752;50547325;
2907;830100540;2019-12-31;2019;MILES;820267;3941854;1632331;5790268;12184720;602486;0;0;0;0;602486;12787206;238099;2281035;0;0;0;261487;2780621;97443;881611;0;0;1258130;2237184;5017805;798650;0;615571;6355180;0;0;7769401;12787206;
2908;830100540;2019-12-31;2018;MILES;14521;5633685;2210357;1480817;9339380;688659;0;0;0;0;688659;10028039;34864;150276;0;0;430643;293931;909714;518154;982875;0;0;853640;2354669;3264383;798650;0;340781;5624225;0;0;6763656;10028039;
2909;830124633;2019-12-31;2019;MILES;1877008;3215911;3154664;7954963;16202546;2096043;0;0;885018;0;2981061;19183607;11275491;819049;254168;650393;571458;206398;13776957;4163162;0;0;0;883193;5046355;18823312;8871321;0;438626;-8949652;0;0;360295;19183607;
2910;830124633;2019-12-31;2018;MILES;759848;4254711;3763218;8906479;17684256;1282870;0;0;918241;0;2201111;19885367;13322532;2724979;66679;751343;816790;0;17682323;1931439;0;0;0;0;1931439;19613762;8871321;0;1111374;-9711090;0;0;271605;19885367;
2911;900773345;2019-12-31;2019;MILES;24320038;3168312;0;0;27488350;0;0;0;0;0;0;27488350;0;260870;122333;0;8178;0;391381;0;0;0;0;0;0;391381;5000;0;0;1897530;0;25194439;27096969;27488350;
2912;900773345;2019-12-31;2018;MILES;24323156;2324191;0;0;26647347;0;0;0;9151;0;9151;26656498;0;128711;0;0;87;0;128798;0;0;0;0;0;0;128798;5000;0;0;-1192195;0;27714895;26527700;26656498;
2913;830075637;2019-12-31;2019;MILES;1337230;478404;401615;2426738;4643987;1438838;0;0;66914;0;1505752;6149739;724459;1798513;0;154953;67520;0;2745445;1428444;0;0;0;0;1428444;4173889;1916800;0;111280;-52230;0;0;1975850;6149739;
2914;830075637;2019-12-31;2018;MILES;1353609;488980;335454;1984703;4162746;1325059;0;0;99830;0;1424889;5587635;350000;2150250;0;121834;23535;0;2645619;830138;0;0;0;0;830138;3475757;1916800;0;111280;83798;0;0;2111878;5587635;
2915;800027543;2019-12-31;2019;MILES;175109;3691026;13861394;704618;18432147;23974257;0;2443679;236206;0;26654142;45086289;79016;2240661;0;0;0;622658;2942335;17355143;0;907801;0;0;18262944;21205279;2000000;0;145127;4191479;0;17544404;23881010;45086289;
2916;800027543;2019-12-31;2018;MILES;38194;3232657;13848471;632065;17751387;20764743;0;3403847;226516;0;24395106;42146493;79290;2114103;0;0;0;516420;2709813;15122678;0;1164593;0;0;16287271;18997084;2000000;0;145127;3459878;0;17544404;23149409;42146493;
2917;830143035;2019-12-31;2019;MILES;5948676;5108826;24730034;5446861;41234397;61416871;22553181;0;-19422984;22553181;87100249;128334646;475303;33932447;0;1390766;0;207808;36006324;332966;0;0;0;912598;1245564;37251888;10133910;0;13568196;-35003092;0;102383744;91082758;128334646;
2918;830143035;2019-12-31;2018;MILES;17333557;4124240;17416648;3863969;42738414;56518596;13448497;0;-10750241;13448497;72665349;115403763;96177;22941792;0;1327090;0;152252;24517311;325237;0;0;0;824056;1149293;25666604;10133910;0;13568196;-36348691;0;102383744;89737159;115403763;
2919;900146231;2019-12-31;2019;MILES;4445603;12712175;37862454;0;55020232;15773317;0;0;5442941;0;21216258;76236490;1748646;4898989;0;164062;525637;1645484;8982818;0;0;0;0;2511796;2511796;11494614;5165515;7789635;2532258;49254468;0;0;64741876;76236490;
2920;900146231;2019-12-31;2018;MILES;13050096;9225853;29174828;0;51450777;14852509;0;0;863020;0;15715529;67166306;0;4264158;0;154062;447823;0;4866043;0;0;0;0;0;0;4866043;5165515;7789635;2532258;46812855;0;0;62300263;67166306;
2921;830128434;2019-12-31;2019;MILES;7456386;9700393;92791395;33995445;143943619;27805113;0;0;55084188;0;82889301;226832920;63504;42477608;0;0;0;0;42541112;6591984;78863488;0;0;0;85455472;127996584;1000000;59514688;500000;37821648;0;0;98836336;226832920;
2922;830128434;2019-12-31;2018;MILES;11067523;0;97959114;27775347;136801984;6535634;0;0;49321874;0;55857508;192659492;30729;50779082;0;0;0;0;50809811;6536888;44084639;0;0;0;50621527;101431338;1000000;57614516;1782243;30831395;0;0;91228154;192659492;
2923;890912837;2019-12-31;2019;MILES;1480167;0;590738;0;2070905;0;0;15901580;448543;0;16350123;18421028;0;363187;0;0;0;0;363187;0;0;1328728;0;0;1328728;1691915;137157;456895;558984;15576077;0;0;16729113;18421028;
2924;890912837;2019-12-31;2018;MILES;1302859;0;23226;0;1326085;0;0;16175107;448543;0;16623650;17949735;0;344877;0;0;0;0;344877;0;0;1328728;0;0;1328728;1673605;137157;456895;558984;15123094;0;0;16276130;17949735;
2925;900430833;2019-12-31;2019;MILES;50847;378477;1843348;300629;2573301;261;0;0;494;0;755;2574056;0;1096103;0;57833;17608;0;1171544;1118674;0;0;0;0;1118674;2290218;15000;0;11743;257095;0;0;283838;2574056;
2926;900430833;2019-12-31;2018;MILES;11514;333141;596364;366158;1307177;3158;0;0;193994;0;197152;1504329;0;676100;0;41708;11301;0;729109;504922;0;0;0;0;504922;1234031;15000;0;11743;243555;0;0;270298;1504329;
2927;830035246;2019-12-31;2019;MILES;23019795;93819821;212385827;13917;329239360;2720719;0;0;24834095;0;27554814;356794174;1938373;301418609;4266887;0;0;0;307623869;1059622;43437824;0;0;0;44497446;352121315;62400;0;-5047792;-4717229;0;14375480;4672859;356794174;
2928;830035246;2019-12-31;2018;MILES;31102706;69563686;133431640;22654;234120686;1109239;0;0;37399906;0;38509145;272629831;87677;219699353;5636560;0;0;0;225423590;0;36422040;0;0;0;36422040;261845630;62400;0;-1701665;-11545139;0;23968605;10784201;272629831;
2929;860353641;2019-12-31;2019;MILES;19541;1729085;883093;523343;3155062;29664196;0;0;476234;0;30140430;33295492;2918010;3394230;0;792264;62844;9561095;16728443;0;64586;4001983;0;0;4066569;20795012;671120;0;92832;11736528;0;0;12500480;33295492;
2930;860353641;2019-12-31;2018;MILES;298497;2870994;8921216;749959;12840666;26586828;0;0;782014;0;27368842;40209508;4103052;7271004;0;885608;186666;10474850;22921180;220386;56904;4241564;0;0;4518854;27440034;671120;0;92832;12005522;0;0;12769474;40209508;
2931;830059734;2019-12-31;2019;MILES;1115077;17936902;9669628;0;28721607;19096506;0;0;695815;0;19792321;48513928;12666584;9554852;0;253326;3729277;178811;26382850;1250000;0;500588;0;13319021;15069609;41452459;9353990;400000;727826;-3420347;0;0;7061469;48513928;
2932;830059734;2019-12-31;2018;MILES;2221517;8954699;15966536;0;27142752;16804318;0;0;101675;0;16905993;44048745;18645183;11156578;0;252064;1492530;24714;31571069;0;0;1525143;0;5252624;6777767;38348836;9753990;0;727826;-4781907;0;0;5699909;44048745;
2933;800182641;2019-12-31;2019;MILES;3975497;740191;1726119;24726160;31167967;7000709;1151814;0;-1097512;1151814;8206825;39374792;1328047;4714801;0;821357;693473;0;7557678;3250419;2574086;168424;0;15624980;21617909;29175587;552000;0;165786;8921193;0;560226;10199205;39374792;
2934;800182641;2019-12-31;2018;MILES;7837516;336912;1761028;23099591;33035047;4246652;1389498;0;-1338109;1389498;5687539;38722586;1775473;1917360;0;648158;676402;0;5017393;2305008;2124685;776711;0;20390152;25596556;30613949;552000;0;165786;6906135;0;484716;8108637;38722586;
2935;804003941;2019-12-31;2019;MILES;10775820;12194046;19779106;780525;43529497;18724585;0;0;101835;0;18826420;62355917;1597831;10619895;0;811923;446544;504299;13980492;6391324;4551383;499931;0;8247835;19690473;33670965;3700000;0;624244;15944564;0;8416144;28684952;62355917;
2936;804003941;2019-12-31;2018;MILES;4523871;5570698;8645962;5799397;24539928;17353552;0;0;36818;0;17390370;41930298;2125502;5193836;0;472839;338646;249370;8380193;8502008;2225929;499931;0;1735524;12963392;21343585;3700000;0;624244;7846325;0;8416144;20586713;41930298;
2937;830103650;2019-12-31;2019;MILES;737089;232366;5782953;0;6752408;0;0;0;28624;0;28624;6781032;0;33782;0;0;8582;498;42862;0;0;0;0;0;0;42862;1958238;1534270;605396;2640266;0;0;6738170;6781032;
2938;830103650;2019-12-31;2018;MILES;1920015;4562993;3521334;0;10004342;0;0;0;0;0;0;10004342;697894;293945;0;684482;409981;296778;2383080;1166667;0;0;0;0;1166667;3549747;1958238;1534270;510188;2451899;0;0;6454595;10004342;
2939;860500630;2019-12-31;2019;MILES;878057;3315855;7374698;8476836;20045446;7737926;0;211871;169128;0;8118925;28164371;4678685;7260102;0;311851;700414;901765;13852817;2340822;0;0;0;547123;2887945;16740762;6000000;0;1656769;2763146;0;1003694;11423609;28164371;
2940;860500630;2019-12-31;2018;MILES;161979;3738604;10668965;9657782;24227330;8367525;0;211871;227112;0;8806508;33033838;5706245;9828266;0;358334;1992535;2612391;20497771;2179417;0;0;0;458000;2637417;23135188;6000000;0;1571640;1323316;0;1003694;9898650;33033838;
2941;900934851;2019-12-31;2019;MILES;16734877;9081925;17399761;10007517;53224080;57105468;687000;23386800;85663591;687000;167529859;220753939;15140756;20468404;0;5319778;7410167;45762;48384867;42784373;0;0;0;0;42784373;91169240;3519150;154603053;0;-28537504;0;0;129584699;220753939;
2942;900934851;2019-12-31;2018;MILES;9894295;11575860;12883366;10551760;44905281;62539279;0;25058445;37125763;0;124723487;169628768;426469;39409869;0;4665810;5848019;23477;50373644;809641;0;0;0;0;809641;51183285;3517341;136515084;0;-21586942;0;0;118445483;169628768;
2943;800147578;2019-12-31;2019;MILES;5864828;7799834;13958948;3461;27627071;1909634;335441;0;48511;335441;2629027;30256098;3330157;8864318;0;1914901;430896;1147018;15687290;1981546;0;0;0;0;1981546;17668836;5516335;12501197;1088018;-7280341;0;762053;12587262;30256098;
2944;800147578;2019-12-31;2018;MILES;5769047;7996979;22580818;1050413;37397257;2813246;1287195;0;437774;1287195;5825410;43222667;6114552;14625641;0;1817725;435753;1677783;24671454;5118401;0;0;0;0;5118401;29789855;5516335;12501197;900159;-6246932;0;762053;13432812;43222667;
2945;900384828;2019-12-31;2019;MILES;0;0;120703;0;120703;0;0;0;24122760;0;24122760;24243463;0;1493684;0;0;0;0;1493684;0;0;1720023;0;0;1720023;3213707;347570;2678131;3768580;14235475;0;0;21029756;24243463;
2946;900384828;2019-12-31;2018;MILES;0;0;1539;0;1539;0;0;0;24122760;0;24122760;24124299;0;2895761;0;0;0;0;2895761;0;0;1720023;0;0;1720023;4615784;347570;2678131;3768580;12714234;0;0;19508515;24124299;
2947;900150254;2019-12-31;2019;MILES;41830;0;4258;0;46088;1406872;0;0;21129351;0;22536223;22582311;0;27290;0;30488;17982;0;75760;0;1273000;0;0;0;1273000;1348760;100000;5942688;0;15190863;0;0;21233551;22582311;
2948;900150254;2019-12-31;2018;MILES;45839;2087;6947;0;54873;1420085;0;0;16448744;0;17868829;17923702;0;4403;0;28672;0;0;33075;0;629000;1344998;0;0;1973998;2007073;100000;5942688;0;9873941;0;0;15916629;17923702;
2949;805002434;2019-12-31;2019;MILES;282724;153647;2320218;5162857;7919446;531848;0;0;1001901;0;1533749;9453195;475722;9104333;0;245457;168573;3121;9997206;0;0;356331;0;0;356331;10353537;43000;1009588;21500;-1974430;0;0;-900342;9453195;
2950;805002434;2019-12-31;2018;MILES;255255;600353;2313927;5885494;9055029;483667;0;0;267223;0;750890;9805919;61245;9759803;0;165203;64196;0;10050447;0;0;136938;0;0;136938;10187385;43000;1009588;21500;-1455554;0;0;-381466;9805919;
2951;900614334;2019-12-31;2019;MILES;459556;4163744;34553938;20674969;59852207;24626896;0;0;798460;0;25425356;85277563;0;7986948;0;432061;3504013;2804365;14727387;0;0;0;0;37265556;37265556;51992943;6259000;25030306;0;1995314;0;0;33284620;85277563;
2952;900614334;2019-12-31;2018;MILES;267366;3475235;83642276;29339729;116724606;25651034;0;0;1357051;0;27008085;143732691;0;20787904;0;392968;9422498;46954449;77557819;0;0;0;0;35558656;35558656;113116475;6259000;25030306;0;-673090;0;0;30616216;143732691;
2953;900822541;2019-12-31;2019;MILES;2331026;3362215;8742162;6582470;21017873;325484;0;0;3166250;0;3491734;24509607;49476;10441912;415653;192324;111563;9013;11219941;722093;0;332678;0;0;1054771;12274712;254059;21411874;0;-9431038;0;0;12234895;24509607;
2954;900822541;2019-12-31;2018;MILES;1411095;2286588;7681885;4188438;15568006;342197;0;0;2893147;0;3235344;18803350;47528;7347019;299148;164295;174731;86143;8118864;0;0;0;0;0;0;8118864;254059;21411874;0;-10981447;0;0;10684486;18803350;
2955;819002433;2019-12-31;2019;MILES;9134;2188471;5581569;239113;8018287;13744959;3945969;0;47817127;3945969;69454024;77472311;1543948;1479104;0;165915;2497676;168048;5854691;0;6745754;2996956;0;0;9742710;15597401;1434084;35657716;734647;16888556;0;7159907;61874910;77472311;
2956;819002433;2019-12-31;2018;MILES;121148;2289686;6953877;217066;9581777;13568689;3595978;0;48450685;3595978;69211330;78793107;1081207;13401317;0;232286;1418458;392410;16525678;0;1925128;0;0;0;1925128;18450806;1434084;35657716;734647;12358991;0;10156863;60342301;78793107;
2957;800029447;2019-12-31;2019;MILES;59323147;37919540;42644830;6674955;146562472;317892;0;0;414768;0;732660;147295132;0;63732935;3976891;1762933;0;34080931;103553690;0;0;0;0;21185524;21185524;124739214;9322335;121429185;686556;-108882158;0;0;22555918;147295132;
2958;800029447;2019-12-31;2018;MILES;56129027;24224871;50476888;90788;130921574;385572;0;0;0;0;385572;131307146;0;56966720;10221492;1599419;0;9194860;77982491;0;0;316248;0;35837545;36153793;114136284;7999999;96304801;1334281;-88468219;0;0;17170862;131307146;
2959;830513134;2019-12-31;2019;MILES;7935570;3936743;18106543;57717501;87696357;21268727;0;0;49356868;0;70625595;158321952;0;72516774;0;5177920;12927195;0;90621889;129604366;106441502;0;0;51740708;287786576;378408465;2228000;15115694;8193928;-245624135;0;0;-220086513;158321952;
2960;830513134;2019-12-31;2018;MILES;12521801;4079984;20345351;50375001;87322137;27617284;0;0;195006;0;27812290;115134427;0;44647392;0;4824969;12247243;0;61719604;120839641;105942354;0;0;0;226781995;288501599;2228000;15115694;8193928;-198904794;0;0;-173367172;115134427;
2961;900065533;2019-12-31;2019;MILES;15672;7695;735107;143350;901824;7583585;0;724741;123176;0;8431502;9333326;2127;218286;273;116355;18267;0;355308;0;0;72893;0;0;72893;428201;20000;290440;56181;993408;0;7545096;8905125;9333326;
2962;900065533;2019-12-31;2018;MILES;12057;101144;1398113;203298;1714612;530249;0;282965;0;0;813214;2527826;0;1445213;2543;125377;39054;0;1612187;0;0;0;0;0;0;1612187;10440;0;56181;849018;0;0;915639;2527826;
2963;860507803;2019-12-31;2019;MILES;400658;80435;4426383;23929303;28836779;2617737;0;0;7439924;0;10057661;38894440;0;39904;0;0;10519;0;50423;25206613;6334410;252538;4226338;3864144;39884043;39934466;4500000;0;557376;-6097402;0;0;-1040026;38894440;
2964;860507803;2019-12-31;2018;MILES;400658;81333;4426382;23936303;28844676;2617737;0;0;7442916;0;10060653;38905329;0;42219;0;0;10519;0;52738;25206613;6334410;252538;4226338;3864144;39884043;39936781;4500000;0;557376;-6088828;0;0;-1031452;38905329;
2965;901046830;2019-12-31;2019;MILES;1778894;0;3609577;116570;5505041;124088206;0;0;0;0;124088206;129593247;26607949;19955358;0;0;0;0;46563307;41385992;0;0;0;0;41385992;87949299;5142000;35416537;0;1085411;0;0;41643948;129593247;
2966;901046830;2019-12-31;2018;MILES;3906;0;302017;0;305923;24977499;0;0;0;0;24977499;25283422;0;25132967;0;0;0;0;25132967;0;0;0;0;0;0;25132967;150000;0;0;455;0;0;150455;25283422;
2967;817000707;2019-12-31;2019;MILES;3112475;1076223;13958964;37312433;55460095;15919458;0;0;1890682;0;17810140;73270235;21483239;17854483;0;573418;860163;0;40771303;8749206;0;927795;0;1911636;11588637;52359940;2100000;0;8353044;10197258;0;259993;20910295;73270235;
2968;817000707;2019-12-31;2018;MILES;1301309;50174;9157089;38296721;48805293;15410858;0;0;106554;0;15517412;64322705;21269582;15227744;0;514806;2061549;0;39073681;7056667;0;788469;0;0;7845136;46918817;2100000;0;2414502;6098727;0;6790659;17403888;64322705;
2969;817006230;2019-12-31;2019;MILES;6311727;11726521;45048205;25455343;88541796;77721481;0;0;12964898;0;90686379;179228175;10007192;60688047;0;980561;0;11178070;82853870;42243157;0;2729844;0;0;44973001;127826871;18741251;16270279;11008522;5381252;0;0;51401304;179228175;
2970;817006230;2019-12-31;2018;MILES;8387566;5279906;38099484;23280746;75047702;70359884;0;0;13101126;0;83461010;158508712;5602976;57623737;0;832940;0;3130791;67190444;40853340;0;2066346;0;0;42919686;110110130;18741251;16270279;11008522;2378530;0;0;48398582;158508712;
2971;860063830;2019-12-31;2019;MILES;15767383;330359;21273116;18487728;55858586;23072176;0;5790145;1276467;0;30138788;85997374;0;11293703;634669;2813355;7171653;21533083;43446463;0;0;1140913;0;11510174;12651087;56097550;210000;141000;2703163;13441404;0;13404257;29899824;85997374;
2972;860063830;2019-12-31;2018;MILES;18179963;155480;30554548;29224990;78114981;22352810;0;5476721;1350045;0;29179576;107294557;2237410;21532663;548474;2643625;6772580;21686499;55421251;0;0;904817;0;26505721;27410538;82831789;210000;141000;105000;12990814;0;11015954;24462768;107294557;
2973;830033730;2019-12-31;2019;MILES;3560749;4930596;16955487;460973;25907805;102472355;0;0;4518;0;102476873;128384678;0;1438429;0;0;4788397;12170559;18397385;0;0;4518389;0;3516774;8035163;26432548;25560;0;22707787;-44053557;0;123272340;101952130;128384678;
2974;830033730;2019-12-31;2018;MILES;532441;8822148;1829360;101273;11285222;89347515;0;0;8220647;0;97568162;108853384;0;220211;0;0;80716;3106895;3407822;0;0;0;0;4625117;4625117;8032939;25560;0;21141100;-105028482;0;184682267;100820445;108853384;
2975;900174834;2019-12-31;2019;MILES;5635;44789;11243;0;61667;2133370;16543504;14253200;-16337394;16543504;33136184;33197851;0;82860;0;0;112247;19039;214146;1771417;0;1456868;0;0;3228285;3442431;12782864;3804281;-745107;2637538;0;11275844;29755420;33197851;
2976;900174834;2019-12-31;2018;MILES;263224;0;9369;18425;291018;13662001;16940078;2775585;-16754585;16940078;33563157;33854175;1457316;188344;0;2825;85532;0;1734017;1075787;0;1442476;0;0;2518263;4252280;12782864;3804281;-1012860;2751766;0;11275844;29601895;33854175;
2977;800139545;2019-12-31;2019;MILES;133842;5280494;28173250;876354;34463940;14780744;0;0;705169;0;15485913;49949853;3806932;17377383;0;6106836;0;3374862;30666013;0;7573992;201352;0;443880;8219224;38885237;465005;139;646378;9953094;0;0;11064616;49949853;
2978;800139545;2019-12-31;2018;MILES;86817;3320817;22681275;870097;26959006;12458803;0;0;227745;0;12686548;39645554;3670344;13344957;0;5322184;0;3281951;25619436;7066650;0;167266;0;535628;7769544;33388980;465005;139;504607;5286823;0;0;6256574;39645554;
2979;900298068;2019-12-31;2019;MILES;151716;0;3982091;0;4133807;220368;0;0;1477127;0;1697495;5831302;0;4309820;0;0;277702;0;4587522;0;0;0;0;0;0;4587522;894479;1700000;508781;-1859480;0;0;1243780;5831302;
2980;900298068;2019-12-31;2018;MILES;1103567;0;2941361;0;4044928;140591;0;0;594;0;141185;4186113;0;1539617;0;0;782304;0;2321921;0;0;0;0;0;0;2321921;894479;1700000;508781;-1239068;0;0;1864192;4186113;
2981;800156635;2019-12-31;2019;MILES;18083875;2237058;13235853;3149245;36706031;7853245;7320441;0;-2525838;7320441;19968289;56674320;0;5323241;0;0;1648568;1135249;8107058;0;0;0;0;2124561;2124561;10231619;8100928;0;4050465;34291308;0;0;46442701;56674320;
2982;800156635;2019-12-31;2018;MILES;3949893;583737;10658624;4436874;19629128;9366408;91538450;0;-91135496;91538450;101307812;120936940;0;6539116;0;0;1346273;9069155;16954544;0;0;0;0;54262168;54262168;71216712;8100928;0;4050465;37568835;0;0;49720228;120936940;
2983;900618834;2019-12-31;2019;MILES;1863354;2538694;12204640;0;16606688;718576;0;0;3743544;0;4462120;21068808;70;7810853;764488;312964;2054944;1020329;11963648;1310856;0;829287;0;263029;2403172;14366820;930000;0;535696;5236292;0;0;6701988;21068808;
2984;900618834;2019-12-31;2018;MILES;1796083;1674375;15633134;0;19103592;375926;0;0;3375467;0;3751393;22854985;319;11841829;672352;318177;1381075;199762;14413514;2599800;0;1138841;0;0;3738641;18152155;930000;0;435587;3337243;0;0;4702830;22854985;
2985;900107634;2019-12-31;2019;MILES;6035423;2604782;7398810;1382915;17421930;1048083;0;0;1090886;0;2138969;19560899;0;5961096;92972;0;1242223;571914;7868205;0;0;61470;0;0;61470;7929675;13443300;0;938689;-2750765;0;0;11631224;19560899;
2986;900107634;2019-12-31;2018;MILES;6494431;1981337;5908431;1616866;16001065;969764;0;0;4995686;0;5965450;21966515;111513;5276188;344260;0;1069835;228094;7029890;0;0;507110;0;0;507110;7537000;13443300;0;1500871;-514656;0;0;14429515;21966515;
2987;900345434;2019-12-31;2019;MILES;204548;0;733984;615286;1553818;982250;2110106;30276;-277828;2110106;4954910;6508728;60706;2049464;0;54560;43082;59694;2267506;122661;3149844;0;0;0;3272505;5540011;20000;0;0;198717;0;750000;968717;6508728;
2988;900345434;2019-12-31;2018;MILES;70214;0;454140;490689;1015043;1003850;1259941;29217;1236329;1259941;4789278;5804321;57125;1774930;0;133730;32124;55690;2053599;108611;2738407;0;0;0;2847018;4900617;20000;0;0;133704;0;750000;903704;5804321;
2989;891300245;2019-12-31;2019;MILES;1870171;95179;1808932;2936220;6710502;25319017;0;0;778129;0;26097146;32807648;0;4807404;0;690508;46457;0;5544369;0;3645116;1837513;555880;173690;6212199;11756568;2600000;0;7159220;11191860;0;100000;21051080;32807648;
2990;891300245;2019-12-31;2018;MILES;434347;63362;4013553;2702514;7213776;24091740;0;0;2740913;0;26832653;34046429;0;6379738;0;1012685;575530;0;7967953;0;5935052;1505921;671852;78341;8191166;16159119;2600000;0;1531296;13656014;0;100000;17887310;34046429;
2991;900486347;2019-12-31;2019;MILES;371631;5270682;392650;12412478;18447441;642788;0;0;838008;0;1480796;19928237;574309;16999300;0;78045;99118;362159;18112931;0;0;322483;0;0;322483;18435414;297500;24127239;0;-22931916;0;0;1492823;19928237;
2992;900486347;2019-12-31;2018;MILES;191493;4420893;910106;6219309;11741801;932228;0;0;174755;0;1106983;12848784;59129;10055937;0;0;156686;0;10271752;0;0;333888;0;0;333888;10605640;297500;24127239;0;-22181595;0;0;2243144;12848784;
2993;830126832;2019-12-31;2019;MILES;579916;6038;3608134;7459980;11654068;44088;0;0;16000;0;60088;11714156;3908555;9472964;0;113385;23233;16026;13534163;0;0;0;0;0;0;13534163;1050000;0;0;-2870007;0;0;-1820007;11714156;
2994;830126832;2019-12-31;2018;MILES;428394;6038;3187565;6333192;9955189;60268;0;0;16000;0;76268;10031457;2200852;7419943;0;119005;17718;14556;9772074;0;0;0;0;0;0;9772074;1050000;0;0;-790617;0;0;259383;10031457;
2995;900478030;2019-12-31;2019;MILES;38752289;3336354;3351855;4334420;49774918;0;0;0;4375117;0;4375117;54150035;0;13481378;7583553;0;10651590;2487745;34204266;0;0;0;0;0;0;34204266;1888;0;53831;7701758;0;12188292;19945769;54150035;
2996;900478030;2019-12-31;2018;MILES;5273707;1734979;6855617;344720;14209023;182982;0;0;2711655;0;2894637;17103660;0;3492136;2392580;0;875501;75532;6835749;0;0;1498256;0;0;1498256;8334005;1888;0;53831;-3474356;0;12188292;8769655;17103660;
2997;860002433;2019-12-31;2019;MILES;36539589;10147340;33678558;6427753;86793240;1457577;5902539;0;135180;5902539;13397835;100191075;12324456;41462098;1878318;5313092;0;0;60977964;1836128;0;0;0;8595241;10431369;71409333;38678457;0;784489;-10681204;0;0;28781742;100191075;
2998;860002433;2019-12-31;2018;MILES;21153663;15656491;20447441;4330451;61588046;2093127;25850238;0;-22547004;25850238;31246599;92834645;8999987;37932612;0;6271915;0;0;53204514;1633495;0;0;0;6816170;8449665;61654179;38678457;0;784489;-8282480;0;0;31180466;92834645;
2999;830088135;2019-12-31;2019;MILES;7547022;999840;1627349;4363240;14537451;8617118;0;0;16438;0;8633556;23171007;0;3985384;0;94301;36206;0;4115891;0;0;215334;0;0;215334;4331225;754870;0;377435;5145458;0;12562019;18839782;23171007;
3000;830088135;2019-12-31;2018;MILES;6353981;0;6436861;5022663;17813505;8824857;0;0;16438;0;8841295;26654800;0;7272556;0;0;0;0;7272556;0;0;215334;0;0;215334;7487890;754870;0;377435;5472586;0;12562019;19166910;26654800;
3001;819000443;2019-12-31;2019;MILES;29749;7378;3395;0;40522;22332998;0;0;4859;0;22337857;22378379;0;255;0;0;1988;0;2243;0;2680895;1004374;0;0;3685269;3687512;40000;0;0;-419453;0;19070320;18690867;22378379;
3002;819000443;2019-12-31;2018;MILES;18749;9187;4525;0;32461;22394796;0;0;4859;0;22399655;22432116;0;1882;0;0;1671;0;3553;0;2514838;859647;0;0;3374485;3378038;40000;0;0;-56242;0;19070320;19054078;22432116;
3003;800157847;2019-12-31;2019;MILES;409080;1160049;4749826;13384;6332339;1634286;0;0;3720;0;1638006;7970345;55977;1660927;0;680767;99469;107329;2604469;510222;359111;349374;0;0;1218707;3823176;700000;0;344473;2211356;0;891340;4147169;7970345;
3004;800157847;2019-12-31;2018;MILES;49975;534712;4350733;0;4935420;1395283;0;0;6597;0;1401880;6337300;92534;995450;0;477634;86246;128364;1780228;829282;602065;227231;0;0;1658578;3438806;700000;0;344473;962681;0;891340;2898494;6337300;
3005;860053930;2019-12-31;2019;MILES;38475052;4017256;61379254;63575109;167446671;602823843;1611677;0;64008676;1611677;670055873;837502544;21384435;106227223;0;39746153;12600667;39721088;219679566;7335168;2611274;67698563;0;85952493;163597498;383277064;46278125;0;110182211;7291724774;0;-6993959630;454225480;837502544;
3006;860053930;2019-12-31;2018;MILES;28213613;10845691;136753256;47836861;223649421;651209825;2279928;0;65609146;2279928;721378827;945028248;12454695;158921092;0;33152919;76298346;0;280827052;0;14953229;37356062;0;86090374;138399665;419226717;46278125;0;130459911;7071983900;0;-6722920405;525801531;945028248;
3007;830095934;2019-12-31;2019;MILES;3928;20773;524152;0;548853;1413255;0;0;31285742;0;32698997;33247850;32371;113292;0;0;22206;0;167869;0;231698;0;0;0;231698;399567;300000;0;150000;32398283;0;0;32848283;33247850;
3008;830095934;2019-12-31;2018;MILES;4104;28463;541200;0;573767;1424207;0;0;27027945;0;28452152;29025919;32371;113292;0;0;19432;0;165095;0;231698;0;13464;0;245162;410257;300000;0;150000;28165662;0;0;28615662;29025919;
3009;900813653;2019-12-31;2019;MILES;11859;593196;860695;168462;1634212;176412;0;0;917343;0;1093755;2727967;0;81527;0;0;839;1720934;1803300;0;0;0;0;0;0;1803300;1200000;0;572559;-847892;0;0;924667;2727967;
3010;900813653;2019-12-31;2018;MILES;130768;536901;299692;119351;1086712;206302;0;0;1145741;0;1352043;2438755;0;78697;0;0;11304;1715069;1805070;0;0;0;0;0;0;1805070;1200000;0;572559;-1138874;0;0;633685;2438755;
3011;890100454;2019-12-31;2019;MILES;14615458;3142039;36648477;51870230;106276204;2817139;0;328181;2549121;0;5694441;111970645;0;32003240;0;1255502;685286;413939;34357967;0;0;0;0;3225546;3225546;37583513;37933156;31164396;2510792;2778788;0;0;74387132;111970645;
3012;890100454;2019-12-31;2018;MILES;8856550;6957603;75769993;48285904;139870050;7136574;0;224018;6889098;0;14249690;154119740;0;54762864;0;2426535;3655363;0;60844762;0;0;0;0;4328886;4328886;65173648;37933156;31164396;2344934;17503606;0;0;88946092;154119740;
3013;900702831;2019-12-31;2019;MILES;250055;185912;190681;199824;826472;11110743;0;0;61911;0;11172654;11999126;2126461;4466784;0;118512;173011;0;6884768;0;0;0;0;0;0;6884768;7605452;1600615;0;-4091709;0;0;5114358;11999126;
3014;900702831;2019-12-31;2018;MILES;177033;194646;3113692;245278;3730649;11478967;0;0;54359;0;11533326;15263975;2823218;6591057;0;151083;111342;0;9676700;0;0;0;0;0;0;9676700;7598481;910509;0;-2921715;0;0;5587275;15263975;
3015;900622441;2019-12-31;2019;MILES;40823;167776;426725;0;635324;422051;24258;0;-21112;24258;449455;1084779;556534;917317;0;122391;34196;0;1630438;0;387472;2175;0;0;389647;2020085;250000;0;99784;-1285090;0;0;-935306;1084779;
3016;900622441;2019-12-31;2018;MILES;16113;177114;739215;0;932442;447050;43094;0;-15485;43094;517753;1450195;684036;802273;0;48407;109840;0;1644556;26283;486882;0;0;0;513165;2157721;250000;0;99784;-1057310;0;0;-707526;1450195;
3017;900353873;2019-12-31;2019;MILES;55872633;9161253;139243084;312861994;517138964;8306572;322809;0;130377;322809;9082567;526221531;86844669;359785209;9569670;0;11161839;14092359;481453746;0;0;0;0;8716671;8716671;490170417;6927454;22282845;0;6840815;0;0;36051114;526221531;
3018;900353873;2019-12-31;2018;MILES;33999249;8289228;31982452;29946046;104216975;2556231;1078762;0;-100024;1078762;4613731;108830706;43428614;17949399;14886089;0;6816819;0;83080921;0;0;0;0;0;0;83080921;6927454;22282845;0;-3460514;0;0;25749785;108830706;
3019;800222937;2019-12-31;2019;MILES;174797;409486;20480150;208150168;229214601;76173627;0;9082015;693386;0;85949028;315163629;71948589;22492414;1366345;0;4397989;27377067;127582404;76253780;0;3704052;0;32773915;112731747;240314151;20000000;0;3994023;50855455;0;0;74849478;315163629;
3020;800222937;2019-12-31;2018;MILES;212754;409787;14807682;226334991;241765214;78772843;0;9082015;716341;0;88571199;330336413;74232474;25203295;1390531;0;3588736;31412616;135827652;81561380;0;3899134;1050000;38876195;125386709;261214361;20000000;0;3756252;45365800;0;0;69122052;330336413;
3021;890311366;2019-12-31;2019;MILES;4347733;2234836;11801874;10213854;28598297;103040;0;0;1417114;0;1520154;30118451;0;11139007;84564;1545534;624559;130102;13523766;0;0;0;0;9027;9027;13532793;10186546;0;5833306;565806;0;0;16585658;30118451;
3022;890311366;2019-12-31;2018;MILES;3143094;2131741;12597369;10308733;28180937;142930;0;0;1147436;0;1290366;29471303;0;12654281;100422;750333;615090;0;14120126;0;0;0;0;0;0;14120126;10186546;0;5833306;-668675;0;0;15351177;29471303;
3023;860029441;2019-12-31;2019;MILES;8383914;4685921;32004967;33919526;78994328;2708482;0;0;4012204;0;6720686;85715014;0;23749352;0;0;1135845;0;24885197;0;0;0;0;1202837;1202837;26088034;21491502;3196;51950229;-13817947;0;0;59626980;85715014;
3024;860029441;2019-12-31;2018;MILES;19029736;5990212;37608504;24753358;87381810;237972;0;0;2173946;0;2411918;89793728;0;8910242;0;0;4860266;0;13770508;0;0;0;0;0;0;13770508;21491502;3196;46462336;8066186;0;0;76023220;89793728;
3025;860511541;2019-12-31;2019;MILES;1195951;256498;11594906;8064190;21111545;9552629;0;5024934;357283;0;14934846;36046391;12690353;5213280;0;1161148;1201948;13653;20280382;2163218;0;965962;0;0;3129180;23409562;1000000;0;0;11636829;0;0;12636829;36046391;
3026;860511541;2019-12-31;2018;MILES;3961639;94633;9830708;9761075;23648055;9709296;0;5024934;592723;0;15326953;38975008;15006954;6823505;0;1264654;1178628;43499;24317240;2908968;0;839895;0;0;3748863;28066103;1000000;0;1309266;8599639;0;0;10908905;38975008;
3027;830012565;2019-12-31;2019;MILES;577655;0;77311;0;654966;222600;30692;0;2573351;30692;2857335;3512301;0;8579306;6123472;0;0;0;14702778;0;2150000;0;0;8343531;10493531;25196309;80000;0;0;-403637989;0;381873981;-21684008;3512301;
3028;830012565;2019-12-31;2018;MILES;2261093;0;468577;0;2729670;263568;30246;0;8432894;30246;8756954;11486624;0;392757;921077;0;0;31;1313865;0;2150000;0;0;13222675;15372675;16686540;80000;0;0;-381204475;0;375924559;-5199916;11486624;
3029;800025839;2019-12-31;2019;MILES;40522;4342856;3498019;79310354;87191751;70710605;373605;19753474;1701598;373605;92912887;180104638;54863842;46290112;0;0;541436;0;101695390;7754309;0;8693234;0;0;16447543;118142933;12965400;0;890396;-807505;0;48913414;61961705;180104638;
3030;800025839;2019-12-31;2018;MILES;480271;4336035;2479775;79888497;87184578;48994303;373605;19753474;1987310;373605;71482297;158666875;51545147;39294845;0;0;450201;0;91290193;13589989;0;6375988;0;0;19965977;111256170;12965400;0;890396;6871959;0;26682950;47410705;158666875;
3031;890316958;2019-12-31;2019;MILES;842883;70655461;25793901;151779;97444024;113026123;423299950;0;-80447899;423299950;879178124;976622148;0;1805800;0;140896;0;120648;2067344;0;1392431;2967007;0;40992;4400430;6467774;62379620;82230622;516102989;320979183;0;-11538040;970154374;976622148;
3032;890316958;2019-12-31;2018;MILES;91976;68197122;38872264;125521;107286883;112316077;379350352;0;-54405718;379350352;816611063;923897946;0;1376925;0;134994;0;0;1511919;0;640000;2980167;0;36904;3657071;5168990;62379620;82230622;452886677;332770077;0;-11538040;918728956;923897946;
3033;900387338;2019-12-31;2019;MILES;12771;1631674;664340;0;2308785;1790511;0;49764454;5823915;0;57378880;59687665;5417187;9090;0;50058;67865;30000;5574200;16050000;0;2185149;0;813660;19048809;24623009;100000;9973310;425938;23442470;0;1122938;35064656;59687665;
3034;900387338;2019-12-31;2018;MILES;85420;280657;566492;0;932569;1757649;0;47527221;4653170;0;53938040;54870609;2434703;14723;0;16445;55481;30000;2551352;10399472;0;2147978;0;9464195;22011645;24562997;100000;9973310;-571480;19782986;0;1022796;30307612;54870609;
3035;821002557;2019-12-31;2019;MILES;1842;84221;617561;2138667;2842291;2214185;0;0;706885;0;2921070;5763361;770409;1800809;0;0;0;0;2571218;923828;1143869;0;0;0;2067697;4638915;810000;0;39176;275270;0;0;1124446;5763361;
3036;821002557;2019-12-31;2018;MILES;11953;83768;1234870;2030438;3361029;2300873;0;0;1061392;0;3362265;6723294;769616;1677615;0;0;429595;1265367;4142193;951994;0;627734;0;0;1579728;5721921;810000;0;140727;50646;0;0;1001373;6723294;
3037;860008445;2019-12-31;2019;MILES;204190;883469;5988223;3368296;10444178;9476914;0;0;2572739;0;12049653;22493831;926562;5560559;0;282545;4809;2736428;9510903;5252794;0;0;0;1280000;6532794;16043697;4120000;0;0;-6575157;0;8905291;6450134;22493831;
3038;860008445;2019-12-31;2018;MILES;48980;595901;6243185;2847032;9735098;9301695;0;0;2666107;0;11967802;21702900;289675;6017783;0;387795;2178;2368986;9066417;5208892;0;0;0;1280000;6488892;15555309;4120000;0;0;-6877700;0;8905291;6147591;21702900;
3039;900896246;2019-12-31;2019;MILES;6628513;5231797;16791598;5771357;34423265;26516211;0;0;2208800;0;28725011;63148276;12000000;10766308;235759;1115982;3852558;0;27970607;0;504183;1957000;0;229706;2690889;30661496;21505618;0;0;10981162;0;0;32486780;63148276;
3040;900896246;2019-12-31;2018;MILES;3253262;6481069;14842399;9101108;33677838;26431745;0;0;2208800;0;28640545;62318383;10400000;14994153;400692;965206;3896372;0;30656423;0;0;279000;0;232895;511895;31168318;21505618;0;0;9644447;0;0;31150065;62318383;
3041;900999139;2019-12-31;2019;MILES;41376544;14138388;31961844;0;87476776;3273369;0;0;8503686;0;11777055;99253831;913854;97649101;10321181;13269163;0;32491216;154644515;101017411;0;0;0;3623410;104640821;259285336;583120;20768;0;-160635393;0;0;-160031505;99253831;
3042;900999139;2019-12-31;2018;MILES;11565901;29467280;42633394;0;83666575;7805310;0;0;1412670;0;9217980;92884555;3221073;119459666;24698100;13190055;0;0;160568894;0;0;0;0;86509460;86509460;247078354;583120;20768;0;-154797687;0;0;-154193799;92884555;
3043;830086340;2019-12-31;2019;MILES;256125;182705;663072;2064658;3166560;5138255;0;0;0;0;5138255;8304815;1104573;1131819;0;0;286496;0;2522888;3944568;1189708;278896;0;0;5413172;7936060;100000;2603561;22270;-2357076;0;0;368755;8304815;
3044;830086340;2019-12-31;2018;MILES;219344;300960;1047111;1248066;2815481;5320227;0;0;0;0;5320227;8135708;860347;1148015;0;0;172335;0;2180697;4707568;1244920;278895;0;0;6231383;8412080;100000;2603561;22270;-3002203;0;0;-276372;8135708;
3045;811015541;2019-12-31;2019;MILES;1053269;3714874;5247454;2205411;12221008;625793;0;33257640;2651333;0;36534766;48755774;8969855;2078019;0;0;106336;0;11154210;16401313;0;246280;0;4753573;21401166;32555376;455000;957089;10472714;1050091;0;3265504;16200398;48755774;
3046;811015541;2019-12-31;2018;MILES;1422286;17289900;11045724;2824252;32582162;1997062;0;8471680;11396601;0;21865343;54447505;13142303;6107079;0;0;72075;0;19321457;13528880;0;97415;0;4126063;17752358;37073815;455000;3153326;2340163;8132244;0;3292957;17373690;54447505;
3047;830010738;2019-12-31;2019;MILES;10762670;58745893;49539520;40060086;159108169;559167553;0;0;627640;0;559795193;718903362;63296953;219818407;0;0;25280412;0;308395772;207886209;0;0;0;0;207886209;516281981;54843300;0;0;40412095;0;107365986;202621381;718903362;
3048;830010738;2019-12-31;2018;MILES;6175206;17547195;50698743;21621144;96042288;370172105;0;0;573261;0;370745366;466787654;2256683;87533583;0;0;19172858;0;108963124;152360202;20594562;0;0;0;172954764;281917888;47123300;0;0;30380480;0;107365986;184869766;466787654;
3049;900429367;2019-12-31;2019;MILES;1956838;432325;155670;129627;2674460;5807829;0;0;4022750;0;9830579;12505039;1129779;896698;0;247936;315716;0;2590129;3458514;0;0;0;0;3458514;6048643;829256;11635884;0;-6008744;0;0;6456396;12505039;
3050;900429367;2019-12-31;2018;MILES;1319079;776844;299276;142702;2537901;6914221;0;0;207407;0;7121628;9659529;0;852195;0;248575;356648;17;1457435;0;0;0;0;0;0;1457435;829256;11635884;0;-4263046;0;0;8202094;9659529;
3051;900335451;2019-12-31;2019;MILES;261332;446105;8429099;5227695;14364231;81209;3562221;0;-3360652;3562221;3844999;18209230;1068510;4797273;0;275349;506107;34262;6681501;3588490;0;0;0;0;3588490;10269991;5000000;0;447823;2491416;0;0;7939239;18209230;
3052;900335451;2019-12-31;2018;MILES;616140;338738;7490856;6493487;14939221;122194;3563799;0;-3361388;3563799;3888404;18827625;0;5115236;0;282602;322572;17175;5737585;4657000;0;0;0;0;4657000;10394585;5000000;0;116132;3316908;0;0;8433040;18827625;
3053;800239454;2019-12-31;2019;MILES;3312781;7888637;9889806;0;21091224;5687365;353003;0;5228235;353003;11621606;32712830;0;4994406;0;0;4431852;1213860;10640118;1452769;0;494003;0;2146966;4093738;14733856;1095743;0;591925;16291306;0;0;17978974;32712830;
3054;800239454;2019-12-31;2018;MILES;915433;6685928;6220585;0;13821946;5831416;285344;0;4214015;285344;10616119;24438065;0;3555507;0;0;2721853;1213061;7490421;2298559;0;0;0;4598272;6896831;14387252;1095743;0;591925;8363145;0;0;10050813;24438065;
3055;800161538;2019-12-31;2019;MILES;1725162;107198;10856875;13277538;25966773;21491634;0;0;7692240;0;29183874;55150647;20438704;4024486;0;0;474314;388270;25325774;0;0;1516679;0;0;1516679;26842453;776609;3308517;2579272;7789428;0;13854368;28308194;55150647;
3056;800161538;2019-12-31;2018;MILES;1840795;141145;11851833;9725992;23559765;19266363;0;0;8603754;0;27870117;51429882;17535045;4029128;0;0;335879;356757;22256809;0;0;2210198;0;0;2210198;24467007;776609;3308517;2579272;7015813;0;13282664;26962875;51429882;
3057;900525626;2019-12-31;2019;MILES;30274;189752;240025;0;460051;1180;0;0;4886745;0;4887925;5347976;0;1924324;0;153534;0;456521;2534379;0;0;0;0;467541;467541;3001920;5800000;0;47401;-3501345;0;0;2346056;5347976;
3058;900525626;2019-12-31;2018;MILES;37256;151367;318396;0;507019;1538;0;0;4869961;0;4871499;5378518;0;4006822;0;119996;11232;381841;4519891;0;0;131324;0;929699;1061023;5580914;2910000;0;47401;-3159797;0;0;-202396;5378518;
3059;860536371;2019-12-31;2019;MILES;1212593;12870459;1213985;1620206;16917243;23771729;0;0;2103825;0;25875554;42792797;599506;4833887;0;331504;526445;54443;6345785;1535537;15160253;2655945;0;0;19351735;25697520;8428950;2594185;11900;3617313;0;2442929;17095277;42792797;
3060;860536371;2019-12-31;2018;MILES;995773;12236036;1834225;1173830;16239864;22037114;718064;0;1188504;718064;24661746;40901610;201082;3849413;0;475880;507314;6282;5039971;2661106;17138576;3046161;0;0;22845843;27885814;6720000;0;11900;4086712;0;2197184;13015796;40901610;
3061;830043648;2019-12-31;2019;MILES;2031240;6141602;192220;0;8365062;84868;0;0;0;0;84868;8449930;239978;4565966;2657666;0;104682;0;7568292;0;0;0;0;0;0;7568292;27000;0;0;-15242617;0;16097255;881638;8449930;
3062;830043648;2019-12-31;2018;MILES;3069980;7156575;1344992;45982;11617529;141122;0;0;0;0;141122;11758651;247003;5089557;5009079;0;197068;0;10542707;0;0;0;0;0;0;10542707;27000;0;0;-14418711;0;15607655;1215944;11758651;
3063;900640438;2019-12-31;2019;MILES;196008;0;1193473;0;1389481;0;0;0;0;0;0;1389481;0;5150274;0;0;0;0;5150274;0;0;0;0;0;0;5150274;1628832;6435314;0;-11824939;0;0;-3760793;1389481;
3064;900640438;2019-12-31;2018;MILES;113353;0;2454587;0;2567940;4220;0;0;0;0;4220;2572160;1962;5885118;0;33165;0;0;5920245;0;0;0;0;0;0;5920245;1628832;6435314;0;-11412231;0;0;-3348085;2572160;
3065;830049051;2019-12-31;2019;MILES;5837752;9748170;17637134;6807397;40030453;263762;0;0;1171375;0;1435137;41465590;21403117;13801817;206298;1126493;1045641;507938;38091304;2596979;0;0;0;0;2596979;40688283;2872800;1836909;1977632;-5910034;0;0;777307;41465590;
3066;830049051;2019-12-31;2018;MILES;6382084;7956661;18374600;4912717;37626062;396787;0;0;992203;0;1388990;39015052;21673452;10029480;66704;1246243;2073025;543444;35632348;1520009;0;0;0;0;1520009;37152357;2872800;1836909;1977632;-4824646;0;0;1862695;39015052;
3067;900783939;2019-12-31;2019;MILES;26493839;2423553;105134177;79635744;213687313;8374866;0;0;15747364;0;24122230;237809543;55520126;104111991;822562;3024521;0;1407950;164887150;0;0;0;0;4498810;4498810;169385960;20001;40917574;0;27486008;0;0;68423583;237809543;
3068;900783939;2019-12-31;2018;MILES;21461922;452583;142441290;56799366;221155161;12235005;0;0;6747010;0;18982015;240137176;0;123273559;0;3555562;613744;1992674;129435539;52256537;0;0;0;0;52256537;181692076;20001;40917574;0;17507525;0;0;58445100;240137176;
3069;860090247;2019-12-31;2019;MILES;6303452;371030;4430129;2363302;13467913;1778129;0;0;32028;0;1810157;15278070;201000;1631522;0;495653;887476;544010;3759661;0;0;0;0;0;0;3759661;300000;0;6984825;4233584;0;0;11518409;15278070;
3070;860090247;2019-12-31;2018;MILES;5430702;287764;3563188;1967253;11248907;1696194;0;0;86319;0;1782513;13031420;19425;1620007;0;384208;722348;418778;3164766;0;0;0;0;0;0;3164766;300000;0;5660444;3906210;0;0;9866654;13031420;
3071;900911233;2019-12-31;2019;MILES;62765;36748;224698;2413825;2738036;0;0;0;109393;0;109393;2847429;0;2338828;0;0;75261;14507;2428596;0;0;392;0;0;392;2428988;21000;298471;0;98970;0;0;418441;2847429;
3072;900911233;2019-12-31;2018;MILES;129948;24881;1465360;3277074;4897263;0;0;0;117831;0;117831;5015094;0;4564707;0;0;23710;0;4588417;0;0;0;0;0;0;4588417;21000;298471;0;107206;0;0;426677;5015094;
3073;900255472;2019-12-31;2019;MILES;232222;190619;398713;0;821554;137208;0;0;134487987;0;134625195;135446749;0;4513226;409642;198865;0;521985;5643718;0;0;0;0;0;0;5643718;10810;0;154681092;-512506425;0;487617554;129803031;135446749;
3074;900255472;2019-12-31;2018;MILES;392803;34692;51309;0;478804;254490;0;0;122857355;0;123111845;123590649;0;958596;1317419;164790;137607;127010;2705422;0;0;0;0;0;0;2705422;10810;0;153690079;-505655553;0;472839891;120885227;123590649;
3075;800196299;2019-12-31;2019;MILES;4586429;5371048;27039664;0;36997141;1069458;0;0;2058087;0;3127545;40124686;680541;8557586;0;0;2860485;1380229;13478841;740184;0;0;0;0;740184;14219025;9174374;0;13721934;3009353;0;0;25905661;40124686;
3076;800196299;2019-12-31;2018;MILES;8811266;8871915;21315892;0;38999073;1137616;0;0;718808;0;1856424;40855497;0;11335297;0;0;1928149;2035397;15298843;0;0;0;0;0;0;15298843;9174374;0;13721934;2660346;0;0;25556654;40855497;
3077;890904138;2019-12-31;2019;MILES;4718241;98314;57504353;44021513;106342421;71028335;998137;20973878;227342;998137;94225829;200568250;8606170;43533177;561649;1211233;3477845;0;57390074;6484423;0;2133508;0;3464415;12082346;69472420;50524328;0;6254046;74317456;0;0;131095830;200568250;
3078;890904138;2019-12-31;2018;MILES;1156509;798012;58082824;47035363;107072708;71370007;1264634;13358619;-520796;1264634;86737098;193809806;7214445;56114237;833510;1180622;196624;0;65539438;0;0;1821519;0;5035872;6857391;72396829;50524328;0;6066142;64822507;0;0;121412977;193809806;
3079;900335237;2019-12-31;2019;MILES;12218000;87305000;12618000;4826000;116967000;732334000;620943000;0;87758000;620943000;2061978000;2178945000;3584000;106312000;6857000;0;0;0;116753000;858000;22860000;0;0;23027000;46745000;163498000;94000;0;39742000;-262307000;0;2237918000;2015447000;2178945000;
3080;900335237;2019-12-31;2018;MILES;1204000;10670000;7075000;1903000;20852000;459601000;265000;0;557313000;265000;1017444000;1038296000;0;95681000;592000;0;0;0;96273000;0;14443000;0;0;20636000;35079000;131352000;94000;0;48773000;-162794000;0;1020871000;906944000;1038296000;
3081;900464041;2019-12-31;2019;MILES;1520962;1112991;744010;0;3377963;61606464;0;0;12296242;0;73902706;77280669;0;928964;20619;356628;230812;0;1537023;0;28648274;10853617;0;0;39501891;41038914;19022426;20505761;0;-3286432;0;0;36241755;77280669;
3082;900464041;2019-12-31;2018;MILES;1381785;670180;861275;0;2913240;33049600;0;0;2526190;0;35575790;38489030;0;490795;175360;466644;225366;695;1358860;0;0;2163486;0;0;2163486;3522346;18872426;12123161;0;-2986503;0;6957600;34966684;38489030;
3083;890317339;2019-12-31;2019;MILES;3598378;63717;10880969;31472475;46015539;17104573;0;0;2525206;0;19629779;65645318;0;19572613;551330;1104405;4147871;1786515;27162734;0;0;3561340;0;65742;3627082;30789816;896356;1011665;991221;27486850;0;4469410;34855502;65645318;
3084;890317339;2019-12-31;2018;MILES;4195400;59498;8356766;27243025;39854689;12477551;0;0;799521;0;13277072;53131761;0;15035687;412042;1008459;2024361;1794286;20274835;0;1629189;1898373;0;64722;3592284;23867119;896356;1011664;991223;21530752;0;4834647;29264642;53131761;
3085;900166216;2019-12-31;2019;MILES;69892;212550;1166319;6383908;7832669;1589300;0;0;1018170;0;2607470;10440139;0;4824620;0;9022;970198;0;5803840;1271890;0;0;0;0;1271890;7075730;500000;0;75438;2788971;0;0;3364409;10440139;
3086;900166216;2019-12-31;2018;MILES;29383;405583;429849;7600408;8465223;751675;0;0;1009993;0;1761668;10226891;0;7245008;0;0;147192;0;7392200;1122745;0;0;0;0;1122745;8514945;500000;0;42286;1169660;0;0;1711946;10226891;
3087;890104438;2019-12-31;2019;MILES;2377475;270000;10161963;5747527;18556965;17605251;422721;1483129;-418328;422721;19515494;38072459;11292305;6008605;43762;0;435292;571978;18351942;1599121;0;2149999;0;528173;4277293;22629235;1326442;333658;1078372;3210491;0;9494261;15443224;38072459;
3088;890104438;2019-12-31;2018;MILES;2305125;0;8771622;6767446;17844193;15572028;400958;132899;27188;400958;16534031;34378224;11491487;6415659;461;0;178668;557289;18643564;622000;0;2242611;0;475178;3339789;21983353;1326442;333658;663221;1508783;0;8562767;12394871;34378224;
3089;890325060;2019-12-31;2019;MILES;28192660;57968;875782;0;29126410;233919;257904;1231547177;32352581;257904;1264649485;1293775895;46696812;8085931;624778;6106;10198283;196381;65808291;510008721;55658778;98128387;0;0;663795886;729604177;839000;29961009;17036325;516335384;0;0;564171718;1293775895;
3090;890325060;2019-12-31;2018;MILES;34815737;25559;17642899;0;52484195;257554;257904;1237463136;40822627;257904;1279059125;1331543320;50296715;4996287;3459359;6421;18015204;2733610;79507596;533657203;93866103;99020212;0;8914157;735457675;814965271;839000;29961009;17036325;468741715;0;0;516578049;1331543320;
3091;890302546;2019-12-31;2019;MILES;11292983;1328467;6088813;5455855;24166118;546713;0;0;1207348;0;1754061;25920179;0;5084230;990242;531476;864309;0;7470257;0;0;0;0;517210;517210;7987467;406780;6700952;1281677;9543303;0;0;17932712;25920179;
3092;890302546;2019-12-31;2018;MILES;7408520;4885097;5409882;5101845;22805344;528463;0;0;966628;0;1495091;24300435;0;3267586;30314;623325;1294156;0;5215381;0;0;0;0;469943;469943;5685324;406780;6700952;1281677;10225702;0;0;18615111;24300435;
3093;860000332;2019-12-31;2019;MILES;915333;56578;13170480;9411075;23553466;9786460;0;0;1399717;0;11186177;34739643;0;12900217;0;0;0;0;12900217;14661112;0;0;0;0;14661112;27561329;7903210;0;449704;-1174600;0;0;7178314;34739643;
3094;860000332;2019-12-31;2018;MILES;495755;27557;14889396;8334026;23746734;8664941;0;0;0;0;8664941;32411675;0;10897193;0;0;0;0;10897193;16592580;0;499823;0;46890;17139293;28036486;7903210;0;449704;-3977725;0;0;4375189;32411675;
3095;801002644;2019-12-31;2019;MILES;4575386;1260952;34448502;44548846;84833686;6601812;34626734;4892328;-33666701;34626734;47080907;131914593;32437324;19182566;0;1196741;4188531;938467;57943629;14073719;4770776;1346063;0;0;20190558;78134187;1000000;0;1225000;51555406;0;0;53780406;131914593;
3096;801002644;2019-12-31;2018;MILES;10640608;4112109;31863062;43079710;89695489;7511912;38235398;2958990;-36877991;38235398;50063707;139759196;37106342;24441106;0;1105924;5428450;1462572;69544394;13787221;5417066;1249224;0;0;20453511;89997905;1000000;0;1225000;47536291;0;0;49761291;139759196;
3097;890801339;2019-12-31;2019;MILES;38520184;822065;51866642;78180519;169389410;62805296;0;0;61148755;0;123954051;293343461;10058860;54420385;6181582;2428907;23305676;13220075;109615485;20000000;0;7309478;0;43875940;71185418;180800903;99997;208672;64322238;47911651;0;0;112542558;293343461;
3098;890801339;2019-12-31;2018;MILES;5328285;774602;65895482;97687883;169686252;65767650;0;0;6238251;0;72005901;241692153;466150;79317291;4003309;3445922;24990890;0;112223562;0;0;9302660;0;706931;10009591;122233153;99997;208672;59766799;59383532;0;0;119459000;241692153;
3099;890330938;2019-12-31;2019;MILES;640607;0;440564;0;1081171;8377608;0;0;45348;0;8422956;9504127;0;62143;0;0;217866;30501;310510;0;0;763668;0;0;763668;1074178;10000;0;123326;8256453;0;40170;8429949;9504127;
3100;890330938;2019-12-31;2018;MILES;796173;0;348661;0;1144834;8531960;0;0;37864;0;8569824;9714658;0;85122;0;17810;211809;0;314741;0;0;892436;0;0;892436;1207177;10000;0;54421;8443060;0;0;8507481;9714658;
3101;800096040;2019-12-31;2019;MILES;265327;225259;51721629;20580346;72792561;88349453;32925509;0;-26417222;32925509;127783249;200575810;27235267;42248913;0;2641968;4176705;240369;76543222;41936112;0;0;9973656;0;51909768;128452990;2531600;27504418;10783842;23637745;0;7665215;72122820;200575810;
3102;800096040;2019-12-31;2018;MILES;556249;233133;49640826;21204300;71634508;83831996;31987066;0;-24277643;31987066;123528485;195162993;38309939;44448110;0;2201812;2913240;0;87873101;34555045;0;0;8423508;0;42978553;130851654;2531600;27504418;10783842;15850074;0;7641405;64311339;195162993;
3103;800071745;2019-12-31;2019;MILES;918278;709482;2186977;4229607;8044344;10447509;0;0;0;0;10447509;18491853;1195194;45012;0;0;900071;547716;2687993;348049;0;94690;0;0;442739;3130732;2500000;245000;774272;10418944;0;1422905;15361121;18491853;
3104;800071745;2019-12-31;2018;MILES;392036;767262;2834506;4444860;8438664;8498529;0;0;0;0;8498529;16937193;1237250;144659;0;0;360715;381281;2123905;807275;0;9811;0;0;817086;2940991;2500000;245000;713443;9402545;0;1135214;13996202;16937193;
3105;860003437;2019-12-31;2019;MILES;12850307;200105;1469345;9170903;23690660;10670004;0;0;2660;0;10672664;34363324;0;7029835;0;205474;253399;0;7488708;0;8673448;833536;0;0;9506984;16995692;460000;0;7462619;5286716;0;4158297;17367632;34363324;
3106;860003437;2019-12-31;2018;MILES;8720804;841845;906392;8528112;18997153;9328771;0;0;18127;0;9346898;28344051;0;3117147;0;202898;1154974;0;4475019;540000;9165118;1531171;0;0;11236289;15711308;460000;0;5913411;4604429;0;1654903;12632743;28344051;
3107;891500538;2019-12-31;2019;MILES;64016;540345;5159358;5783364;11547083;22870070;0;0;3490360;0;26360430;37907513;2753272;3293918;151266;489568;235616;0;6923640;1753317;38718;2347375;0;89933;4229343;11152983;4173000;328700;8150421;657661;0;13444748;26754530;37907513;
3108;891500538;2019-12-31;2018;MILES;133598;816545;4967275;5569396;11486814;16498385;36804;0;2981746;36804;19553739;31040553;3170986;3063467;18575;429909;261581;0;6944518;2731491;38718;1422113;0;104685;4297007;11241525;4173000;328700;8150421;419353;0;6727554;19799028;31040553;
3109;805028041;2019-12-31;2019;MILES;12311611;6098320;5011586;32504881;55926398;64101854;0;0;32325631;0;96427485;152353883;10816580;58011964;0;2221850;2277588;187292;73515274;28327906;0;6387902;0;500000;35215808;108731082;16112040;0;2272110;25238651;0;0;43622801;152353883;
3110;805028041;2019-12-31;2018;MILES;10870542;5683617;4935296;28183023;49672478;61986904;0;0;7394199;0;69381103;119053581;7775779;38530641;0;2011058;1269165;133863;49720506;27146257;0;6076373;0;500000;33722630;83443136;16112040;0;1898137;17600268;0;0;35610445;119053581;
3111;830066852;2019-12-31;2019;MILES;806912;1321371;4931883;2925601;9985767;1247291;0;0;194932;0;1442223;11427990;6303425;4275077;75400;151635;112392;72826;10990755;0;0;0;0;171725;171725;11162480;20000;0;0;245510;0;0;265510;11427990;
3112;830066852;2019-12-31;2018;MILES;1256078;1002258;5400060;4240799;11899195;484024;0;0;221164;0;705188;12604383;5293078;3782620;2053463;87116;72771;1342799;12631847;0;0;0;0;0;0;12631847;20000;0;135792;-183256;0;0;-27464;12604383;
3113;900436352;2019-12-31;2019;MILES;998771;2932948;10315613;5890291;20137623;28428261;0;0;5802387;0;34230648;54368271;779488;11536210;0;0;1418304;594786;14328788;11721873;0;0;0;3719865;15441738;29770526;7974756;21790704;50000;-5217715;0;0;24597745;54368271;
3114;900436352;2019-12-31;2018;MILES;3874291;2385991;10890861;6093807;23244950;25680092;0;0;1049276;0;26729368;49974318;97559;10124505;0;0;1140811;585953;11948828;11710682;0;0;0;0;11710682;23659510;7796131;20183083;50000;-1714406;0;0;26314808;49974318;
3115;900118221;2019-12-31;2019;MILES;685128;0;903331;0;1588459;6994892;0;0;26385;0;7021277;8609736;175895;295416;3722;224029;14044;0;713106;604492;0;297462;0;700000;1601954;2315060;737038;0;2908098;2649540;0;0;6294676;8609736;
3116;900118221;2019-12-31;2018;MILES;195784;0;1605683;0;1801467;7499037;0;0;140129;0;7639166;9440633;170349;276431;128741;267831;14044;0;857396;750000;440577;517382;0;500000;2207959;3065355;1474076;0;967642;3933560;0;0;6375278;9440633;
3117;890400080;2019-12-31;2019;MILES;20537873;0;34391099;14203784;69132756;46796289;0;0;0;0;46796289;115929045;11386;22455590;0;0;0;0;22466976;0;20184407;2475669;0;0;22660076;45127052;42000;5785;2720825;68033383;0;0;70801993;115929045;
3118;890400080;2019-12-31;2018;MILES;2579995;0;49959903;23412127;75952025;41268974;0;0;0;0;41268974;117220999;0;39066198;0;0;0;0;39066198;0;20184407;1379518;0;0;21563925;60630123;42000;5785;2720825;53822266;0;0;56590876;117220999;
3119;830041236;2019-12-31;2019;MILES;2303;157863;5395817;488507;6044490;86594;0;0;0;0;86594;6131084;1631955;4440147;0;0;0;0;6072102;3148298;1435913;0;0;0;4584211;10656313;2000000;551445;269250;-7345924;0;0;-4525229;6131084;
3120;830041236;2019-12-31;2018;MILES;26760;967329;6242183;2253050;9489322;114902;0;0;0;0;114902;9604224;712911;7057071;0;0;37589;0;7807571;3148298;1435913;0;0;0;4584211;12391782;2000000;551445;269250;-5608253;0;0;-2787558;9604224;
3121;900842071;2019-12-31;2019;MILES;3921224;2750892;8891635;9152051;24715802;19089478;0;0;29818778;0;48908256;73624058;0;7763340;0;0;121800;255315;8140455;0;0;9588088;0;0;9588088;17728543;5320650;54400848;0;-3825983;0;0;55895515;73624058;
3122;900842071;2019-12-31;2018;MILES;6098211;1877475;7467768;4205384;19648838;19049959;0;0;30633767;0;49683726;69332564;0;5698334;0;0;490170;571105;6759609;0;0;9450205;0;0;9450205;16209814;5320650;54400848;0;-6598748;0;0;53122750;69332564;
3123;900153737;2019-12-31;2019;MILES;1543257;0;19998;0;1563255;23061;0;0;196801;0;219862;1783117;0;39485;0;0;0;0;39485;0;0;0;21003;585968;606971;646456;1674950;52894541;0;-54864743;0;1431913;1136661;1783117;
3124;900153737;2019-12-31;2018;MILES;1128772;0;65421;0;1194193;34336;0;0;185697;0;220033;1414226;0;295063;0;0;0;0;295063;0;0;0;18463;65432;83895;378958;1662900;49591441;0;-51486760;0;1267687;1035268;1414226;
3125;800214937;2019-12-31;2019;MILES;609107;418144;2163074;560313;3750638;22991289;0;0;2378562;0;25369851;29120489;794826;3668278;0;516088;47625;13264268;18291085;4778696;805078;2243887;0;0;7827661;26118746;2720000;21895664;0;-21613921;0;0;3001743;29120489;
3126;800214937;2019-12-31;2018;MILES;115509;394914;605240;43594;1159257;21336688;0;0;701379;0;22038067;23197324;387616;2046814;0;740498;524094;1200423;4899445;6657848;1350698;1269193;0;0;9277739;14177184;2720000;21895665;0;-16981799;0;1386274;9020140;23197324;
3127;900399437;2019-12-31;2019;MILES;5776654;1202025;22907686;0;29886365;513248;0;0;1352781;0;1866029;31752394;0;8196301;3179001;384164;889895;1302010;13951371;0;0;0;0;0;0;13951371;27902143;0;0;-10101120;0;0;17801023;31752394;
3128;900399437;2019-12-31;2018;MILES;16844646;1533956;21802815;0;40181417;286473;0;0;675221;0;961694;41143111;0;18828154;2518680;328987;712933;1364921;23753675;0;0;0;0;0;0;23753675;27902143;0;0;-10512707;0;0;17389436;41143111;
3129;900741440;2019-12-31;2019;MILES;164004;0;406830;0;570834;0;0;3155318;40298367;0;43453685;44024519;0;43088074;0;0;5410;0;43093484;0;0;261761;0;0;261761;43355245;10000;0;50;490595;0;168629;669274;44024519;
3130;900741440;2019-12-31;2018;MILES;90366;0;525000;0;615366;0;3219615;3424488;36309363;3219615;46173081;46788447;3127367;72750;0;0;327;0;3200444;0;43578628;0;0;0;43578628;46779072;10000;0;0;-625;0;0;9375;46788447;
3131;800148041;2019-12-31;2019;MILES;1008793;6961767;8372757;3322111;19665428;8170162;0;0;691820;0;8861982;28527410;7659834;1908284;0;0;259599;3701086;13528803;2300041;0;0;0;1000161;3300202;16829005;7000000;250000;344688;4103717;0;0;11698405;28527410;
3132;800148041;2019-12-31;2018;MILES;1665164;5119136;6480083;2045367;15309750;7210666;0;0;691266;0;7901932;23211682;5655427;1538977;0;0;147640;2882618;10224662;3444567;0;0;0;199446;3644013;13868675;5000000;250000;300244;3792763;0;0;9343007;23211682;
3133;800200237;2019-12-31;2019;MILES;7870107;3979283;11394007;8923387;32166784;656349;0;0;1004327;0;1660676;33827460;19885556;13436302;0;297589;314352;306793;34240592;0;0;0;0;310813;310813;34551405;6000000;0;8217891;-14941836;0;0;-723945;33827460;
3134;800200237;2019-12-31;2018;MILES;3127512;3626785;19577956;15637124;41969377;197515;0;0;1312635;0;1510150;43479527;19883864;18340905;0;398642;494328;22995;39140734;0;0;0;0;0;0;39140734;6000000;0;8217891;-9879098;0;0;4338793;43479527;
3135;900456739;2019-12-31;2019;MILES;4580330;2249683;11054525;9606743;27491281;2834093;0;0;533933;0;3368026;30859307;0;27599154;685306;0;1552753;391017;30228230;0;1368044;0;0;0;1368044;31596274;125000;600000;0;-1461967;0;0;-736967;30859307;
3136;900456739;2019-12-31;2018;MILES;3737519;1381089;8377605;7675647;21171860;791386;0;0;364228;0;1155614;22327474;0;19549624;522854;0;1397415;395867;21865760;0;0;0;0;162452;162452;22028212;125000;600000;0;-425738;0;0;299262;22327474;
3137;800223739;2019-12-31;2019;MILES;49065;761871;14741094;1414606;16966636;27323362;0;0;5689560;0;33012922;49979558;3507963;22411120;386194;102379;51440;5671620;32130716;0;0;4148875;0;0;4148875;36279591;22306199;7333536;2058904;-39942915;0;21944243;13699967;49979558;
3138;800223739;2019-12-31;2018;MILES;162957;459178;10462520;665699;11750354;24806410;0;0;5172872;0;29979282;41729636;439553;16036814;234373;88366;113803;5622895;22535804;0;0;4251310;0;0;4251310;26787114;22306199;7333536;1865961;-38507417;0;21944243;14942522;41729636;
3139;805022941;2019-12-31;2019;MILES;544084;492460;713501;4688514;6438559;2708873;0;0;664364;0;3373237;9811796;570732;4688908;0;0;0;0;5259640;980243;49070;0;0;0;1029313;6288953;2000000;0;3752;954778;0;564313;3522843;9811796;
3140;805022941;2019-12-31;2018;MILES;512161;393485;1933847;5050053;7889546;3867544;0;0;377995;0;4245539;12135085;1252505;5196630;0;0;0;0;6449135;739603;1352953;0;0;0;2092556;8541691;2000000;0;3752;1025329;0;564313;3593394;12135085;
3141;800201943;2019-12-31;2019;MILES;56780;131805;400914;0;589499;26840709;1113;0;40601;1113;26883536;27473035;0;86270;0;0;194572;0;280842;0;0;1827414;0;0;1827414;2108256;1925451;1432227;6102156;671688;0;15233257;25364779;27473035;
3142;800201943;2019-12-31;2018;MILES;3259;225063;163596;0;391918;27065823;0;0;41714;0;27107537;27499455;0;230185;0;0;204130;0;434315;0;0;1862631;0;0;1862631;2296946;1925451;1432227;5839042;671139;0;15334650;25202509;27499455;
3143;800171338;2019-12-31;2019;MILES;422478;0;7433949;3415841;11272268;34515832;0;0;22952;0;34538784;45811052;7200087;2678971;0;463262;224215;172753;10739288;0;0;1759902;0;0;1759902;12499190;3600000;0;1800000;17880437;0;10031425;33311862;45811052;
3144;800171338;2019-12-31;2018;MILES;220484;0;6509790;2449233;9179507;21588083;0;1425800;23917;0;23037800;32217307;1622129;2528809;0;304621;345514;21041;4822114;0;0;2010095;0;0;2010095;6832209;3600000;0;1800000;17777853;0;2207245;25385098;32217307;
3145;830099238;2019-12-31;2019;MILES;1854648;20436245;22264103;12415713;56970709;337354015;56924940;15039792;21603626;56924940;487847313;544818022;10983054;70876156;0;0;9808503;3578099;95245812;135491132;3235752;0;0;0;138726884;233972696;575996616;35289928;0;-436235227;0;135794009;310845326;544818022;
3146;830099238;2019-12-31;2018;MILES;1180502;17713941;77697089;16751818;113343350;345291247;0;15039791;74353851;0;434684889;548028239;6944811;28348074;0;0;7344012;2819052;45455949;133235868;34322330;0;0;0;167558198;213014147;575996616;35289928;0;-411885579;0;135613127;335014092;548028239;
3147;890109640;2019-12-31;2019;MILES;684673;995554;104426381;7750338;113856946;131959355;6682564;89409133;-6191412;6682564;228542204;342399150;23679;11456200;0;979401;7272832;2071537;21803649;106998705;54879787;51053941;11590135;2879526;227402094;249205743;23000000;32925980;6238132;31029295;0;0;93193407;342399150;
3148;890109640;2019-12-31;2018;MILES;753873;2870830;101706476;30578315;135909494;144492855;6681608;87521623;-5629682;6681608;239748012;375657506;15016;4419437;0;1068680;6831622;2626414;14961169;118703700;55098851;65390993;11590135;2519526;253303205;268264374;23000000;32925980;6238132;45229020;0;0;107393132;375657506;
3149;900266941;2019-12-31;2019;MILES;1427596;1611006;2142872;1597732;6779206;5025164;227089;0;815155;227089;6294497;13073703;0;7243434;1943637;0;597802;414444;10199317;0;971293;820016;0;0;1791309;11990626;525000;0;850203;-292126;0;0;1083077;13073703;
3150;900266941;2019-12-31;2018;MILES;1222342;1546979;4940651;136340;7846312;4475233;21734;0;566974;21734;5085675;12931987;0;7951192;1251070;0;829964;274330;10306556;0;0;560320;0;0;560320;10866876;525000;0;850203;689908;0;0;2065111;12931987;
3151;890319797;2019-12-31;2019;MILES;1207824;2724740;20246319;1493861;25672744;1343356;0;1864430;0;0;3207786;28880530;0;10773177;0;208125;0;0;10981302;0;158770;98044;0;0;256814;11238116;39300;0;10963149;6639965;0;0;17642414;28880530;
3152;890319797;2019-12-31;2018;MILES;2308842;12507;15771543;734112;18827004;1574945;0;1796682;0;0;3371627;22198631;0;10213991;0;198191;0;0;10412182;0;0;142610;0;0;142610;10554792;39300;0;10309680;1294859;0;0;11643839;22198631;
3153;900258336;2019-12-31;2019;MILES;622199;1264566;11682889;0;13569654;25057589;0;0;378475;0;25436064;39005718;0;5568613;0;0;266294;205575;6040482;0;0;1241714;0;0;1241714;7282196;11038765;6827015;0;13857742;0;0;31723522;39005718;
3154;900258336;2019-12-31;2018;MILES;1550861;708550;6132083;0;8391494;23328042;0;0;365822;0;23693864;32085358;0;3705192;0;0;388364;191553;4285109;0;0;615347;0;0;615347;4900456;11038765;6827015;0;9319122;0;0;27184902;32085358;
3155;900964443;2019-12-31;2019;MILES;148698;1234527;8362219;0;9745444;14695200;0;0;14281464;0;28976664;38722108;2225095;10883762;2013829;2512832;418312;0;18053830;0;0;2653385;0;8282510;10935895;28989725;500001;8734987;702;496693;0;0;9732383;38722108;
3156;900964443;2019-12-31;2018;MILES;781731;721852;5587970;0;7091553;14469112;0;0;14193336;0;28662448;35754001;841196;13026043;1823030;1556078;46383;0;17292730;0;0;2425611;0;8703885;11129496;28422226;500001;8734987;-1873;-1901340;0;0;7331775;35754001;
3157;900353939;2019-12-31;2019;MILES;251;689;1636;1034;3610;253;0;0;0;0;253;3863;0;986;0;167;0;200;1353;0;0;0;0;0;0;1353;3242;0;-346;-386;0;0;2510;3863;
3158;900353939;2019-12-31;2018;MILES;438;656;1595;1409;4098;313;0;0;1;0;314;4412;0;1032;0;153;0;330;1515;0;0;0;0;0;0;1515;3242;0;-390;45;0;0;2897;4412;
3159;800158538;2019-12-31;2019;MILES;394;1351;12;116;1873;40;0;0;0;0;40;1913;0;297;0;0;0;1162;1459;0;0;0;0;0;0;1459;508;0;47;-101;0;0;454;1913;
3160;800158538;2019-12-31;2018;MILES;829;1642;422;131;3024;56;0;0;95;0;151;3175;0;2368;0;0;0;253;2621;0;0;0;0;0;0;2621;508;0;-82;128;0;0;554;3175;
3161;800125639;2019-12-31;2019;MILES;8258896;8333660;22649488;135279405;174521449;58542266;0;76594656;4015202;0;139152124;313673573;30368946;111786586;0;2052778;7438933;20884466;172531709;30119445;0;7687765;0;2266543;40073753;212605462;3200000;17900000;1474551;59955815;0;18537745;101068111;313673573;
3162;800125639;2019-12-31;2018;MILES;2643884;7783286;45941150;87382236;143750556;56959405;0;76575017;720138;0;134254560;278005116;43631781;68033286;0;1915007;6978072;6618189;127176335;40686148;0;6754668;0;0;47440816;174617151;3200000;17900000;1474551;59512482;0;21300932;103387965;278005116;
3163;860007972;2019-12-31;2019;MILES;409492;4194411;16001979;0;20605882;3174685;6364969;0;28028395;6364969;43933018;64538900;0;35193996;15727970;1263805;3242485;1878690;57306946;0;0;2308412;0;2075753;4384165;61691111;928875;0;464438;1454476;0;0;2847789;64538900;
3164;860007972;2019-12-31;2018;MILES;3808417;2112793;14300774;0;20221984;1623862;6891232;0;15394937;6891232;30801263;51023247;0;34482139;15281319;1348058;1457148;191291;52759955;0;0;346086;0;1516511;1862597;54622552;928875;0;464438;-4992618;0;0;-3599305;51023247;
3165;890323239;2019-12-31;2019;MILES;1838416;35623;24205160;0;26079199;1157046;0;105269;1390952;0;2653267;28732466;12796700;407801;0;7882971;772162;0;21859634;0;0;639210;0;0;639210;22498844;3000000;0;442141;1990127;0;801354;6233622;28732466;
3166;890323239;2019-12-31;2018;MILES;1115024;22920;22108646;0;23246590;1183089;0;86068;1409405;0;2678562;25925152;9899159;495220;0;7970160;830660;0;19195199;0;0;736045;0;167515;903560;20098759;3000000;0;359390;1633431;0;833572;5826393;25925152;
3167;830023820;2019-12-31;2019;MILES;124311;0;2302689;2978159;5405159;9717;0;0;108385;0;118102;5523261;2280203;1599776;0;0;0;0;3879979;0;0;0;0;0;0;3879979;1000000;0;164456;450685;0;28141;1643282;5523261;
3168;830023820;2019-12-31;2018;MILES;293350;0;1220211;3300922;4814483;117310;0;0;133784;0;251094;5065577;2101066;674689;0;0;146872;469287;3391914;0;0;0;0;0;0;3391914;1000000;0;164455;481068;0;28140;1673663;5065577;
3169;860004137;2019-12-31;2019;MILES;42022622;412075;48161089;9991950;100587736;9482958;0;0;2459098;0;11942056;112529792;247358;46370205;1260377;0;5181259;1519970;54579169;0;980086;0;0;0;980086;55559255;29646;0;1847976;55092915;0;0;56970537;112529792;
3170;860004137;2019-12-31;2018;MILES;33144889;834980;33144545;10647761;77772175;10237677;0;0;622069;0;10859746;88631921;0;32250308;1994402;0;4245838;3449859;41940407;0;0;0;0;0;0;41940407;29646;0;1847976;44813892;0;0;46691514;88631921;
3171;900726044;2019-12-31;2019;MILES;206852;94742;333152;0;634746;0;0;9434792;0;0;9434792;10069538;93555;115483;0;33483;194124;0;436645;358807;0;751306;0;0;1110113;1546758;11775;0;0;8511005;0;0;8522780;10069538;
3172;900726044;2019-12-31;2018;MILES;415299;580115;152039;0;1147453;0;0;9949721;0;0;9949721;11097174;356294;347706;0;15380;131011;195000;1045391;1786015;0;765573;0;0;2551588;3596979;11775;0;0;7488420;0;0;7500195;11097174;
3173;860019041;2019-12-31;2019;MILES;6421251;6394866;28567151;32874196;74257464;5505869;16670939;0;-9494839;16670939;29352908;103610372;0;82832644;0;1505378;3530811;1964563;89833396;0;0;0;0;1097699;1097699;90931095;20872;0;10925889;1732516;0;0;12679277;103610372;
3174;860019041;2019-12-31;2018;MILES;3186919;5711184;37060171;40133012;86091286;6497035;24890464;0;-19320989;24890464;36956974;123048260;0;86733530;18337737;1864316;2610346;1191135;110737064;0;0;0;0;2231129;2231129;112968193;20872;0;10925889;-866694;0;0;10080067;123048260;
3175;860351040;2019-12-31;2019;MILES;9521;1063558;10099479;303008;11475566;4649619;0;0;9518020;0;14167639;25643205;717211;6583855;0;1627935;5854699;294757;15078457;289738;2512169;381031;5284786;1694181;10161905;25240362;500000;0;34132;-131289;0;0;402843;25643205;
3176;860351040;2019-12-31;2018;MILES;10743;1034031;8420462;474485;9939721;4619099;0;0;13831128;0;18450227;28389948;717211;7822900;0;1422084;5257058;2523195;17742448;289738;2512169;381031;5284786;1695061;10162785;27905233;500000;0;34132;-49417;0;0;484715;28389948;
3177;800112440;2019-12-31;2019;MILES;519896;0;9034730;40061595;49616221;13227900;485841;928189;-314449;485841;14813322;64429543;22964627;4952926;15321;617367;1794599;0;30344840;1674207;0;953373;0;0;2627580;32972420;3000000;0;4344801;14036659;0;10075663;31457123;64429543;
3178;800112440;2019-12-31;2018;MILES;671657;0;11105597;38007317;49784571;11648825;486213;879440;-310848;486213;13189843;62974414;22875260;6462613;52013;600390;2628107;0;32618383;1803481;0;771835;0;0;2575316;35193699;3000000;0;4201209;12302209;0;8277297;27780715;62974414;
3179;860079486;2019-12-31;2019;MILES;152601;1260690;2050203;1469118;4932612;10040225;0;0;608728;0;10648953;15581565;1440188;559254;0;0;21434;1542716;3563592;3828715;0;0;0;0;3828715;7392307;170000;2359450;248501;1966745;0;3444562;8189258;15581565;
3180;860079486;2019-12-31;2018;MILES;1465553;196604;1419167;664111;3745435;9942532;0;0;1634050;0;11576582;15322017;1594338;875991;0;0;7583;700528;3178440;4906940;0;0;0;0;4906940;8085380;170000;2359450;242824;988887;0;3475476;7236637;15322017;
3181;800078360;2019-12-31;2019;MILES;930176;582424;4151147;1507709;7171456;638261;0;0;25330;0;663591;7835047;65658;3696393;0;185056;220140;0;4167247;0;0;25330;0;0;25330;4192577;1530000;0;0;2112470;0;0;3642470;7835047;
3182;800078360;2019-12-31;2018;MILES;1054588;422360;3691451;1679004;6847403;551214;0;0;38669;0;589883;7437286;280177;3610270;0;169137;220143;0;4279727;0;0;72640;0;0;72640;4352367;1530000;0;0;1554919;0;0;3084919;7437286;
3183;900022253;2019-12-31;2019;MILES;988802;2875;1319687;0;2311364;3062297;0;0;36258;0;3098555;5409919;937;711861;0;54460;202827;490745;1460830;6493;0;0;0;1301671;1308164;2768994;300000;0;911670;1429255;0;0;2640925;5409919;
3184;900022253;2019-12-31;2018;MILES;346992;4227;1124427;0;1475646;1320297;0;0;5217;0;1325514;2801160;862;577962;0;77760;409120;2415;1068119;9138;0;12488;0;2038;23664;1091783;300000;0;152692;1256685;0;0;1709377;2801160;
3185;860002595;2019-12-31;2019;MILES;16954093;0;128116296;42144611;187215000;2035464;0;0;10813047;0;12848511;200063511;2349915;52126869;310739;0;13746923;2601636;71136082;1211027;0;0;0;372064;1583091;72719173;3334781;0;8865275;115144282;0;0;127344338;200063511;
3186;860002595;2019-12-31;2018;MILES;7704005;0;138236280;39421700;185361985;2418419;0;0;7260262;0;9678681;195040666;0;58261173;399874;0;9834568;2282096;70777711;0;0;0;0;356548;356548;71134259;3334781;0;8865275;111706351;0;0;123906407;195040666;
3187;800000946;2019-12-31;2019;MILES;18723780;58161176;204805319;77287398;358977673;127841222;0;0;12481332;0;140322554;499300227;0;160194872;66239088;0;8608868;5296853;240339681;0;0;0;0;0;0;240339681;81393308;13677575;44038773;119850890;0;0;258960546;499300227;
3188;800000946;2019-12-31;2018;MILES;13004391;41952023;143273509;82158367;280388290;51873857;0;0;4231964;0;56105821;336494111;0;107651581;57585134;0;11971981;0;177208696;0;0;0;0;0;0;177208696;32212968;13677575;18950032;94444840;0;0;159285415;336494111;
3189;804003244;2019-12-31;2019;MILES;3883599;1588791;10540362;972476;16985228;1690274;0;1490044;192120;0;3372438;20357666;0;289986;0;149977;57369;3472967;3970299;9956253;0;383161;0;0;10339414;14309713;424000;0;86991;5536962;0;0;6047953;20357666;
3190;804003244;2019-12-31;2018;MILES;864577;521881;7499186;1436654;10322298;1618079;0;1490044;192120;0;3300243;13622541;0;3877324;0;72350;22438;689574;4661686;3696569;0;383161;0;0;4079730;8741416;424000;0;86991;4370134;0;0;4881125;13622541;
3191;900249144;2019-12-31;2019;MILES;902978;431873;11066400;0;12401251;0;0;0;0;0;0;12401251;0;1846326;0;5491892;47;0;7338265;0;0;0;0;1669927;1669927;9008192;1000000;0;2145490;247569;0;0;3393059;12401251;
3192;900249144;2019-12-31;2018;MILES;576743;404029;9993630;0;10974402;3002920;265691;0;-265691;265691;3268611;14243013;0;1989391;0;5097143;43;0;7086577;0;2887000;0;0;1123900;4010900;11097477;1000000;0;1924364;221172;0;0;3145536;14243013;
3193;800161656;2019-12-31;2019;MILES;9256698;2128417;2215308;14709158;28309581;31176947;0;25912921;22091956;0;79181824;107491405;7645431;7559829;0;1164968;3989727;450367;20810322;0;0;2067176;0;22299265;24366441;45176763;1096920;479920;8984572;51545207;0;208023;62314642;107491405;
3194;800161656;2019-12-31;2018;MILES;9314226;1580784;1600968;16208066;28704044;30034608;0;26427863;537357;0;56999828;85703872;11216648;4340243;0;985873;3740787;148656;20432207;0;0;2551075;0;634609;3185684;23617891;1096920;479920;10385540;49915578;0;208023;62085981;85703872;
3195;891500059;2019-12-31;2019;MILES;455951;1290879;1337267;1161766;4245863;30316941;0;0;1278240;0;31595181;35841044;560464;883631;0;0;431793;0;1875888;4280921;0;2893682;0;346771;7521374;9397262;3000000;0;1403901;21603398;0;436483;26443782;35841044;
3196;891500059;2019-12-31;2018;MILES;302009;855556;1176555;1860331;4194451;30385533;0;0;1150320;0;31535853;35730304;425492;484720;0;0;441707;0;1351919;4927499;0;2893683;0;291544;8112726;9464645;3000000;0;1403901;21425275;0;436483;26265659;35730304;
3197;900569980;2019-12-31;2019;MILES;206171;904122;2864138;979589;4954020;1771;0;0;807118;0;808889;5762909;2712;3015101;0;12054;99137;23001;3152005;0;1332562;0;0;0;1332562;4484567;1740816;1662683;0;-2125157;0;0;1278342;5762909;
3198;900569980;2019-12-31;2018;MILES;1050672;613264;1848005;473478;3985419;5752;0;0;813430;0;819182;4804601;428689;2456205;0;13117;9801;5182;2912994;0;592774;0;0;0;592774;3505768;1740816;1662682;0;-2104665;0;0;1298833;4804601;
3199;891408848;2019-12-31;2019;MILES;13256;783261;29688703;0;30485220;77074169;0;0;34818;0;77108987;107594207;2161104;3165308;0;263396;0;10547;5600355;13945304;0;13486994;0;0;27432298;33032653;714773;259871;14663309;36704622;0;22218979;74561554;107594207;
3200;891408848;2019-12-31;2018;MILES;26737;954380;30311800;0;31292917;76316644;0;0;77167;0;76393811;107686728;2147685;2458571;0;270902;0;9609;4886767;16117130;0;13356891;0;0;29474021;34360788;714773;259871;12881209;37251108;0;22218979;73325940;107686728;
3201;900576847;2019-12-31;2019;MILES;410801;17350;14895022;0;15323173;461904;460500;0;-69614;460500;1313290;16636463;7897163;726002;0;80288;549263;149694;9402410;462500;0;148797;0;395410;1006707;10409117;114000;4606000;466301;1041045;0;0;6227346;16636463;
3202;900576847;2019-12-31;2018;MILES;783523;61194;11699828;0;12544545;13147;2154993;0;-1937427;2154993;2385706;14930251;6547817;533438;0;78017;967649;127379;8254300;0;0;218;0;0;218;8254518;114000;4606000;2646296;-690563;0;0;6675733;14930251;
3203;900387076;2019-12-31;2019;MILES;2206878;9467486;17798199;15401379;44873942;493692;0;0;196788;0;690480;45564422;2002370;6511869;0;618096;4843321;9556330;23531986;0;21911769;0;0;0;21911769;45443755;18070;0;156748;-1568158;0;1514007;120667;45564422;
3204;900387076;2019-12-31;2018;MILES;6899871;8200718;11765418;8996298;35862305;536032;0;0;374498;0;910530;36772835;14529;6401902;0;0;2865816;5825291;15107538;0;19619966;6102;0;0;19626068;34733606;18070;0;156748;350404;0;1514007;2039229;36772835;
3205;900122793;2019-12-31;2019;MILES;634846;2417895633;46922;0;2418577401;0;0;0;0;0;0;2418577401;0;269;0;0;0;0;269;0;0;0;0;0;0;269;11100000;2255880015;38059092;113538025;0;0;2418577132;2418577401;
3206;900122793;2019-12-31;2018;MILES;245698;2344957907;1555;0;2345205160;0;0;0;0;0;0;2345205160;0;522;0;0;0;0;522;0;0;0;0;0;0;522;11100000;2255880015;-13253075;91477698;0;0;2345204638;2345205160;
3207;800249678;2019-12-31;2019;MILES;953122;4081042;13366751;10659040;29059955;17804505;0;0;1300246;0;19104751;48164706;8234544;15807541;185984;849934;199750;597496;25875249;16633333;0;0;0;2387777;19021110;44896359;1530000;4683320;753770;-3698743;0;0;3268347;48164706;
3208;800249678;2019-12-31;2018;MILES;2068838;2818232;9602026;9366227;23855323;10173839;0;0;1405808;0;11579647;35434970;8374257;13915991;111593;556702;121928;668930;23749401;234730;8300000;0;0;0;8534730;32284131;1530000;4683320;753770;-3816251;0;0;3150839;35434970;
3209;802012179;2019-12-31;2019;MILES;3767441;0;14870329;85010;18722780;11564230;100699569;0;-51672285;100699569;161291083;180013863;2278010;4649309;0;461902;902695;1579147;9871063;9112041;0;44608224;0;0;53720265;63591328;1200000;0;1200000;114022535;0;0;116422535;180013863;
3210;802012179;2019-12-31;2018;MILES;3827704;0;14291086;79771;18198561;11598289;86781623;888918;-37988296;86781623;148062157;166260718;2993292;5317762;0;461199;1145086;1971036;11888375;8979873;0;40728598;0;0;49708471;61596846;1200000;0;1200000;102263872;0;0;104663872;166260718;
3211;812006240;2019-12-31;2019;MILES;14771;3389709;7781482;493504;11679466;3794070;0;0;3432687;0;7226757;18906223;0;8437136;109625;320024;0;148686;9015471;0;0;2070262;0;0;2070262;11085733;100000;210000;67256;4367131;0;3076103;7820490;18906223;
3212;812006240;2019-12-31;2018;MILES;77522;3677876;7868792;618111;12242301;9118424;0;0;3432687;0;12551111;24793412;20024;8970613;109625;177400;24380;335009;9637051;0;0;2070262;0;0;2070262;11707313;100000;210000;67256;9632740;0;3076103;13086099;24793412;
3213;900036347;2019-12-31;2019;MILES;2528335;82946;8221658;7161415;17994354;2998933;0;0;2130064;0;5128997;23123351;1785734;3686153;0;1636598;251696;971710;8331891;7144165;0;0;0;2156600;9300765;17632656;5098713;0;0;-5052561;0;5444543;5490695;23123351;
3214;900036347;2019-12-31;2018;MILES;3486736;790915;8644546;6233665;19155862;2511346;0;0;1940473;0;4451819;23607681;1680056;4709510;0;1540282;0;837141;8766989;9846743;0;0;0;2087087;11933830;20700819;5098713;0;0;-9297004;0;7105153;2906862;23607681;
3215;900150942;2019-12-31;2019;MILES;34495;5893113;178884648;718841;185531097;131762508;0;0;6609734;0;138372242;323903339;26707444;4447013;0;91341;67480;473020;31786298;20976568;0;16153852;0;0;37130420;68916718;10545000;1500000;163278964;28313652;0;51349005;254986621;323903339;
3216;900150942;2019-12-31;2018;MILES;681562;8053909;161981922;1995602;172712995;128624941;0;0;7337006;0;135961947;308674942;15279237;15643552;0;94501;112841;1933432;33063563;22440196;0;15274252;0;0;37714448;70778011;10545000;1500000;153932652;25936283;0;45982996;237896931;308674942;
3217;800237456;2019-12-31;2019;MILES;30139509;23972889;108411879;1276619;163800896;19849306;1297651;0;77419688;1297651;99864296;263665192;0;19712892;0;0;11727426;57069691;88510009;0;0;0;0;55995426;55995426;144505435;85066096;0;8134624;25813337;0;145700;119159757;263665192;
3218;800237456;2019-12-31;2018;MILES;31225692;22561282;99958458;883388;154628820;15610702;1376438;0;9195616;1376438;27559194;182188014;27733;17717570;0;0;7726542;40789982;66261827;0;0;0;0;132458;132458;66394285;85066096;0;6750508;23936554;0;40571;115793729;182188014;
3219;900557347;2019-12-31;2019;MILES;5342713;3866837;42427057;6210344;57846951;1226996;0;0;441202;0;1668198;59515149;8110891;36625527;0;301759;0;697082;45735259;835676;0;0;0;0;835676;46570935;11256455;0;0;1687759;0;0;12944214;59515149;
3220;900557347;2019-12-31;2018;MILES;8221909;3112208;36243354;7221679;54799150;0;0;0;546545;0;546545;55345695;10948302;31818427;0;303859;0;107957;43178545;0;0;0;0;0;0;43178545;11256455;0;0;910695;0;0;12167150;55345695;
3221;802012043;2019-12-31;2019;MILES;1643728;11816289;9697429;22815814;45973260;38921880;0;0;12617561;0;51539441;97512701;3323857;7583648;0;909519;167167;522910;12507101;14696141;9016401;6915510;0;7344811;37972863;50479964;5000000;4672316;21221073;16139348;0;0;47032737;97512701;
3222;802012043;2019-12-31;2018;MILES;1263380;11868672;9528694;24543783;47204529;40403350;0;0;4978024;0;45381374;92585903;3891534;17583111;0;969871;392622;437035;23274173;16520971;0;6389343;0;177905;23088219;46362392;5000000;4672316;19305644;17245551;0;0;46223511;92585903;
3223;900298043;2019-12-31;2019;MILES;1986571;62883;56870529;0;58919983;13790406;0;0;133647;0;13924053;72844036;1044861;49497513;0;1318965;1354033;0;53215372;12498442;0;0;0;0;12498442;65713814;220000;0;110000;6800222;0;0;7130222;72844036;
3224;900298043;2019-12-31;2018;MILES;1221955;47695;68792093;0;70061743;151412;0;0;61937;0;213349;70275092;0;63631911;0;1022257;905828;0;65559996;0;0;0;0;0;0;65559996;220000;0;110000;4385096;0;0;4715096;70275092;
3225;860049042;2019-12-31;2019;MILES;2274545;2545409;15237499;11826248;31883701;94335413;0;0;7677081;0;102012494;133896195;3515431;10216209;0;0;2330298;1785671;17847609;11336016;4957143;29591939;0;0;45885098;63732707;9119415;1379600;952219;34175952;0;24536302;70163488;133896195;
3226;860049042;2019-12-31;2018;MILES;3176649;1922140;15817623;10936958;31853370;81062286;0;0;7189539;0;88251825;120105195;2095550;10383396;0;0;3442730;1725296;17646972;13311965;6763602;24058354;0;0;44133921;61780893;9119415;1379600;952219;38014857;0;8858211;58324302;120105195;
3227;891300043;2019-12-31;2019;MILES;10546080;45342;15689632;5243547;31524601;18499244;0;0;86848;0;18586092;50110693;0;9809425;2923;0;3014248;0;12826596;0;0;1522504;0;0;1522504;14349100;550000;0;607225;34604368;0;0;35761593;50110693;
3228;891300043;2019-12-31;2018;MILES;9078131;46664;14127875;5559054;28811724;17986962;0;0;81437;0;18068399;46880123;0;9335238;2398367;0;854837;771;12589213;0;594596;1514486;0;0;2109082;14698295;550000;0;607225;31024603;0;0;32181828;46880123;
3229;860072045;2019-12-31;2019;MILES;152925;5303972;17739202;3249792;26445891;20584570;1019943;0;26728251;1019943;49352707;75798598;5617951;19689176;0;1226200;4049469;7727783;38310579;35699676;6924604;4916389;0;209039;47749708;86060287;12000000;0;2376123;-24637812;0;0;-10261689;75798598;
3230;860072045;2019-12-31;2018;MILES;1051590;3736441;41921692;716568;47426291;21988020;607983;0;18546336;607983;41750322;89176613;4385380;21241114;0;2892323;5574099;17895396;51988312;35665859;7393838;4583575;0;209039;47852311;99840623;12000000;0;2376123;-25040133;0;0;-10664010;89176613;
3231;804015850;2019-12-31;2019;MILES;0;31396;38723;0;70119;5546910;0;0;0;0;5546910;5617029;0;146232;0;283908;667623;0;1097763;7275532;0;0;0;5408174;12683706;13781469;11200000;0;69702;-19434142;0;0;-8164440;5617029;
3232;804015850;2019-12-31;2018;MILES;0;31739;38723;0;70462;5546910;0;0;0;0;5546910;5617372;0;146232;0;283908;615449;0;1045589;7270244;0;0;0;5408174;12678418;13724007;11200000;0;69702;-19376337;0;0;-8106635;5617372;
3233;860034944;2019-12-31;2019;MILES;15876270;12880666;84806182;23376580;136939698;40799622;2209871;0;-1078346;2209871;44141018;181080716;531909;30756394;0;1637813;21894950;9686143;64507209;0;0;0;0;23925529;23925529;88432738;1902964;48122240;72697;42550077;0;0;92647978;181080716;
3234;860034944;2019-12-31;2018;MILES;2628682;12640378;79641360;49125039;144035459;15936613;535674;0;-310690;535674;16697271;160732730;21839775;43043855;0;1575203;15185712;3195594;84840139;0;0;0;0;0;0;84840139;1902964;48122240;72697;25794690;0;0;75892591;160732730;
3235;860000760;2019-12-31;2019;MILES;368754;47163;58124453;69520499;128060869;19732898;0;0;2866461;0;22599359;150660228;266620;21583223;60000;1418543;13751;0;23342137;1125969;0;0;0;4676217;5802186;29144323;21424464;45440725;0;54650716;0;0;121515905;150660228;
3236;860000760;2019-12-31;2018;MILES;2894605;78261;50958279;70685934;124617079;17122160;0;0;1770626;0;18892786;143509865;0;23711304;60000;1418592;7954637;0;33144533;0;0;0;0;4120630;4120630;37265163;21424464;45440725;0;39379513;0;0;106244702;143509865;
3237;890800450;2019-12-31;2019;MILES;424806;4205787;7775045;6613696;19019334;22614749;0;0;2002120;0;24616869;43636203;1506934;8865703;7810;774718;1121470;1280771;13557406;15536205;0;0;0;843505;16379710;29937116;194791;400000;5933050;5584207;0;1587039;13699087;43636203;
3238;890800450;2019-12-31;2018;MILES;356122;5553732;6957631;5855299;18722784;23709218;0;0;274181;0;23983399;42706183;3211063;7914008;0;760123;1096556;1441597;14423347;14301116;0;0;0;925088;15226204;29649551;194791;400000;4719913;4464487;0;3277441;13056632;42706183;
3239;900430878;2019-12-31;2019;MILES;1987200;3252271;4516618;2621509;12377598;3716417;0;0;42992000;0;46708417;59086015;6542667;5527120;1610657;879548;1386078;2751450;18697520;1267823;0;0;0;0;1267823;19965343;53017303;0;1395011;-15291642;0;0;39120672;59086015;
3240;900430878;2019-12-31;2018;MILES;561466;2731376;10704026;2058316;16055184;1805403;0;0;45007045;0;46812448;62867632;15635025;6336396;707838;735284;563859;1321623;25300025;0;0;0;0;0;0;25300025;36848471;0;1395011;-4698205;0;4022330;37567607;62867632;
3241;900818642;2019-12-31;2019;MILES;32654364;9848465;107927285;28001268;178431382;14896378;8984836;0;4312739;8984836;37178789;215610171;0;60079907;0;1075269;1554289;0;62709465;0;24468203;0;0;144068797;168537000;231246465;280000;0;142351432;-158267726;0;0;-15636294;215610171;
3242;900818642;2019-12-31;2018;MILES;7652324;8974842;124711426;30728496;172067088;16418360;0;0;11150083;0;27568443;199635531;0;72352325;0;3126060;1758452;0;77236837;0;121446532;0;0;0;121446532;198683369;280000;0;72420920;-71748758;0;0;952162;199635531;
3243;860536256;2019-12-31;2019;MILES;2943667;449167;2161690;4433677;9988201;13256367;0;0;1161;0;13257528;23245729;0;949015;0;456063;1607282;0;3012360;0;190000;3250313;0;0;3440313;6452673;8000;0;2407336;14377720;0;0;16793056;23245729;
3244;860536256;2019-12-31;2018;MILES;2436648;810784;3034676;4785082;11067190;13607287;0;0;0;0;13607287;24674477;0;2904826;0;402320;1965267;0;5272413;0;190000;3072758;0;0;3262758;8535171;8000;0;2977498;13153808;0;0;16139306;24674477;
3245;800011987;2019-12-31;2019;MILES;29127345;61388662;199000000;313169571;602685578;807201966;981370;459616;7506966;981370;817131288;1419816866;89672534;129390504;316244;8532456;6084949;0;233996687;407434511;0;42591314;0;3053844;453079669;687076356;182539542;340171975;185649357;24379636;0;0;732740510;1419816866;
3246;800011987;2019-12-31;2018;MILES;63215525;47839524;281799011;314845953;707700013;826761617;1413340;496281;7945863;1413340;838030441;1545730454;782335555;230482804;2427427;7299060;17727238;0;1040272084;0;0;0;0;8418292;8418292;1048690376;166113840;192340675;181968516;-43382953;0;0;497040078;1545730454;
3247;900886644;2019-12-31;2019;MILES;2900646;1367649;7025164;5209901;16503360;2165660;0;0;2043706;0;4209366;20712726;59367;2723583;0;466284;907976;24071;4181281;0;0;0;0;0;0;4181281;16040673;0;629630;-138858;0;0;16531445;20712726;
3248;900886644;2019-12-31;2018;MILES;2438550;783103;6946092;4038794;14206539;3301421;0;0;2249493;0;5550914;19757453;14283;3440052;0;350317;399106;46387;4250145;0;0;0;0;0;0;4250145;16040673;0;629630;-1162995;0;0;15507308;19757453;
3249;811009244;2019-12-31;2019;MILES;11044338;0;25081181;1042961;37168480;450452;0;0;10134;0;460586;37629066;0;21270277;0;0;0;0;21270277;0;13176200;0;0;0;13176200;34446477;202300;3796480;251491;-1067682;0;0;3182589;37629066;
3250;811009244;2019-12-31;2018;MILES;1128928;0;90703124;1767664;93599716;530047;0;0;24019;0;554066;94153782;0;91018250;0;0;0;0;91018250;0;0;0;0;0;0;91018250;202300;3796480;251491;-1114739;0;0;3135532;94153782;
3251;900248668;2019-12-31;2019;MILES;21780;88520;220409;0;330709;150634544;0;0;0;0;150634544;150965253;0;642183;0;0;0;0;642183;0;0;14140920;0;0;14140920;14783103;10000;0;0;-27178116;0;163350266;136182150;150965253;
3252;900248668;2019-12-31;2018;MILES;7979;0;192690;0;200669;150638832;0;0;0;0;150638832;150839501;0;370873;0;0;59535;0;430408;0;0;14140920;0;0;14140920;14571328;10000;0;0;-27057643;0;163315816;136268173;150839501;
3253;890920043;2019-12-31;2019;MILES;6261727;5112026;54365853;55862406;121602012;207904643;0;0;101577285;0;309481928;431083940;66335855;71373509;0;0;15754883;3192739;156656986;114338884;0;9623197;0;1205254;125167335;281824321;2861400;2976439;1733907;-1497079;0;143184952;149259619;431083940;
3254;890920043;2019-12-31;2018;MILES;3079759;5151610;44316843;54348628;106896840;136051265;0;0;30492056;0;166543321;273440161;69575946;55009881;0;0;16688509;2765078;144039414;45651166;0;7889202;0;0;53540368;197579782;2861400;2976439;1733907;2843122;0;65445511;75860379;273440161;
3255;900275659;2019-12-31;2019;MILES;572168;0;2;0;572170;3947602;6131536;0;51225516;6131536;67436190;68008360;0;280080;0;0;107677;0;387757;0;0;12063;0;0;12063;399820;22335000;62615973;0;-17342433;0;0;67608540;68008360;
3256;900275659;2019-12-31;2018;MILES;241283;0;2;0;241285;3598088;6020743;0;48260211;6020743;63899785;64141070;0;97726;8770;114948;0;0;221444;0;0;8924;0;0;8924;230368;22235000;59430715;0;-17755013;0;0;63910702;64141070;
3257;800137443;2019-12-31;2019;MILES;168764;2598835;1465435;271569;4504603;6968803;36319;0;32554;36319;7073995;11578598;213061;1626529;25357;408835;749517;0;3023299;807975;0;566221;0;0;1374196;4397495;125000;0;101539;6954564;0;0;7181103;11578598;
3258;800137443;2019-12-31;2018;MILES;371117;1885541;1519412;175110;3951180;5557931;58977;0;50144;58977;5726029;9677209;70741;851331;32125;386598;1005005;0;2345800;290476;0;515750;0;0;806226;3152026;125000;0;101539;6298644;0;0;6525183;9677209;
3259;800149149;2019-12-31;2019;MILES;25929805;17799767;16986651;127051702;187767925;102163739;0;0;1964406;0;104128145;291896070;97452074;87014819;0;0;47146;0;184514039;26266982;701755;12264648;0;0;39233385;223747424;39907263;0;3842769;24512659;0;-114045;68148646;291896070;
3260;800149149;2019-12-31;2018;MILES;17670963;16472448;16782136;87196420;138121967;83556706;0;0;2296470;0;85853176;223975143;59716136;72361477;0;0;3866826;0;135944439;11294045;0;11474406;0;0;22768451;158712890;37407263;0;2165980;25803055;0;-114045;65262253;223975143;
3261;800230447;2019-12-31;2019;MILES;37976786;11403809;75683348;8855226;133919169;20734490;0;0;3014247;0;23748737;157667906;9611724;64089945;507597;27158639;0;16364913;117732818;0;0;0;0;0;0;117732818;458290;466570;375170;38635058;0;0;39935088;157667906;
3262;800230447;2019-12-31;2018;MILES;15955874;14206887;68977754;8200717;107341232;12754783;0;0;1782277;0;14537060;121878292;0;51873423;316808;28013116;0;15417858;95621205;0;0;0;0;0;0;95621205;458290;466570;375170;24957057;0;0;26257087;121878292;
3263;860500480;2019-12-31;2019;MILES;15132906;5479049;7353350;29864742;57830047;20512499;0;0;27172947;0;47685446;105515493;1291985;37912543;121627;3691831;895766;16014893;59928645;7034919;0;300499;0;33446744;40782162;100710807;1536000;20916761;1724208;-19372283;0;0;4804686;105515493;
3264;860500480;2019-12-31;2018;MILES;10821085;4686579;9726929;30244022;55478615;19473902;0;0;2617424;0;22091326;77569941;486973;31174193;155365;2975366;1151332;5417710;41360939;19281529;0;0;0;2411716;21693245;63054184;336000;16116761;1820456;-3757460;0;0;14515757;77569941;
3265;830078644;2019-12-31;2019;MILES;300162;0;33802940;12623482;46726584;3882668;0;0;1277364;0;5160032;51886616;22705547;32287621;0;0;0;0;54993168;0;0;0;0;0;0;54993168;2163992;0;615124;-7054000;0;1168332;-3106552;51886616;
3266;830078644;2019-12-31;2018;MILES;279711;0;51188010;7443631;58911352;21299768;0;0;1478;0;21301246;80212598;33207324;44674150;0;0;0;0;77881474;0;0;1660586;0;0;1660586;79542060;2163992;0;615124;-5757890;0;3649312;670538;80212598;
3267;900311343;2019-12-31;2019;MILES;0;0;0;0;0;0;0;21634950;0;0;21634950;21634950;0;258370;0;0;0;0;258370;0;0;1933495;0;0;1933495;2191865;140000;0;1901630;17401455;0;0;19443085;21634950;
3268;900311343;2019-12-31;2018;MILES;0;0;0;0;0;0;0;21262810;0;0;21262810;21262810;0;258370;0;0;0;0;258370;0;0;1896281;0;0;1896281;2154651;140000;0;1901630;17066529;0;0;19108159;21262810;
3269;830111642;2019-12-31;2019;MILES;35561832;11350168;3293914;0;50205914;364355083;0;0;37788153;0;402143236;452349150;579630;13210424;0;65333;0;3607972;17463359;40257;0;21709779;0;429201;22179237;39642596;27430;0;113535008;269740114;0;29404002;412706554;452349150;
3270;830111642;2019-12-31;2018;MILES;17180863;56203;7613502;0;24850568;348282741;0;0;46306717;0;394589458;419440026;0;4944823;0;93589;0;770489;5808901;0;0;24300668;0;531484;24832152;30641053;27430;0;113786473;274099264;0;885806;388798973;419440026;
3271;860065746;2019-12-31;2019;MILES;1062849;0;5213777;48544400;54821026;4025332;49307;0;419240;49307;4543186;59364212;186000;8300844;0;296803;474083;35776;9293506;12114282;0;0;0;0;12114282;21407788;7542953;0;2326611;28086860;0;0;37956424;59364212;
3272;860065746;2019-12-31;2018;MILES;2320896;0;4728310;44990947;52040153;4071958;21246;0;671316;21246;4785766;56825919;200191;9151620;0;319473;39;362467;10033790;11444176;0;0;0;0;11444176;21477966;7542953;0;2196998;25608002;0;0;35347953;56825919;
3273;830074144;2019-12-31;2019;MILES;2248442;28471760;81557555;30078929;142356686;1194064;0;0;1824136;0;3018200;145374886;70519464;45301995;0;886097;2171132;2671263;121549951;0;0;0;0;0;0;121549951;25400700;2071126;443023;-4355640;0;265726;23824935;145374886;
3274;830074144;2019-12-31;2018;MILES;6005984;21349978;66434058;25984408;119774428;1483815;0;0;3904374;0;5388189;125162617;64633271;38885606;0;816452;1699991;1081874;107117194;0;0;0;0;0;0;107117194;25400700;2071126;443023;-10135152;0;265726;18045423;125162617;
3275;890504445;2019-12-31;2019;MILES;3937585;14466862;1042376;824698;20271521;2286963;0;0;0;0;2286963;22558484;12506;3576576;0;0;284631;420102;4293815;3112795;5497152;0;0;1358544;9968491;14262306;908701;0;378470;7009007;0;0;8296178;22558484;
3276;890504445;2019-12-31;2018;MILES;1481432;12339584;1507727;2742691;18071434;2294435;0;0;0;0;2294435;20365869;5;1922427;0;0;12776;63582;1998790;3735232;3733317;0;0;4348394;11816943;13815733;908701;0;327378;5314057;0;0;6550136;20365869;
3277;830023844;2019-12-31;2019;MILES;6380268;2976597;21717263;9898803;40972931;12373266;0;0;2947369;0;15320635;56293566;2208333;21717291;128321;1270109;4632084;582180;30538318;1104167;0;0;0;682591;1786758;32325076;502923;0;5144557;14553170;0;3767840;23968490;56293566;
3278;830023844;2019-12-31;2018;MILES;4707025;2551791;21544975;8248244;37052035;8728029;0;0;2135913;0;10863942;47915977;6500000;13032908;262715;1218306;4160667;363118;25537714;1333333;0;0;0;56569;1389902;26927616;502923;0;5144557;11573041;0;3767840;20988361;47915977;
3279;806009543;2019-12-31;2019;MILES;12715542;4321666;48217332;113044;65367584;226882414;0;0;18992975;0;245875389;311242973;9441150;58738575;0;0;7443881;12467479;88091085;10149857;13799401;0;0;111070062;135019320;223110405;1180000;0;-2926033;89878601;0;0;88132568;311242973;
3280;806009543;2019-12-31;2018;MILES;7764402;302841;42124836;113044;50305123;207872326;0;0;5994384;0;213866710;264171833;7386587;59072251;0;0;8420858;12494054;87373750;1142864;12459196;0;0;108152734;121754794;209128544;1180000;0;-2926033;56789322;0;0;55043289;264171833;
3281;900674442;2019-12-31;2019;MILES;77150;0;1000;24591444;24669594;0;0;5609000;0;0;5609000;30278594;0;336785;0;0;0;0;336785;8896000;8279578;0;0;12042047;29217625;29554410;100000;0;52298;571886;0;0;724184;30278594;
3282;900674442;2019-12-31;2018;MILES;361308;0;5221;19134484;19501013;0;0;0;0;0;0;19501013;0;221697;0;0;0;0;221697;4372637;7204991;0;0;7078704;18656332;18878029;100000;0;42917;480067;0;0;622984;19501013;
3283;900213856;2019-12-31;2019;MILES;50473085;1337037;1255358;0;53065480;6196027;0;617291;0;0;6813318;59878798;0;1692126;0;8255372;0;1394000;11341498;0;0;515415;0;3423000;3938415;15279913;24000000;0;4018573;13778724;0;2801588;44598885;59878798;
3284;900213856;2019-12-31;2018;MILES;43573775;2932;23069083;0;66645790;6182480;0;644000;0;0;6826480;73472270;0;1228185;0;6959258;6554714;1290000;16032157;0;0;1498000;0;3490000;4988000;21020157;24000000;0;2301491;14693142;0;11457480;52452113;73472270;
3285;900763043;2019-12-31;2019;MILES;4510;38265;0;0;42775;0;63427;0;165312603;63427;165439457;165482232;0;1895781;0;0;145112;0;2040893;0;37738061;0;0;0;37738061;39778954;19100600;75810400;651829;26587428;0;3553021;125703278;165482232;
3286;900763043;2019-12-31;2018;MILES;6956;38921;151277;0;197154;0;39776;0;156464570;39776;156544122;156741276;0;1896914;0;0;161194;0;2058108;0;37556992;0;0;0;37556992;39615100;19100600;75810400;651829;18010326;0;3553021;117126176;156741276;
3287;860000452;2019-12-31;2019;MILES;9932769;17029464;281722498;287440495;596125226;89978131;0;34757234;6397387;0;131132752;727257978;211657691;82969708;0;10045428;21028984;14961279;340663090;3279148;0;5366480;0;0;8645628;349308718;1617210;146526295;143440941;66998517;0;19366297;377949260;727257978;
3288;860000452;2019-12-31;2018;MILES;6772584;17235397;296903054;348218715;669129750;138828232;0;0;4911;0;138833143;807962893;311985019;87243944;0;9276745;12961806;11655642;433123156;52889681;0;0;0;31450;52921131;486044287;1127960;98090481;161972685;41993184;0;18734296;321918606;807962893;
3289;830000556;2019-12-31;2019;MILES;5384587;327305;17920136;5051500;28683528;34980725;0;0;1063411;0;36044136;64727664;696388;8198870;423158;1202153;2597666;0;13118235;2673527;0;1117;0;0;2674644;15792879;8951470;9987220;3272268;9153589;0;17570238;48934785;64727664;
3290;830000556;2019-12-31;2018;MILES;3453777;2127305;14557159;4010765;24149006;36119868;0;0;968828;0;37088696;61237702;1518930;5943568;572133;1438197;3258215;0;12731043;4197925;0;28743;0;0;4226668;16957711;8951470;9987220;1774522;5996541;0;17570238;44279991;61237702;
3291;900177645;2019-12-31;2019;MILES;571751;875997;4776818;0;6224566;1552785;0;0;9176783;0;10729568;16954134;0;859740;0;890491;519605;0;2269836;9565034;0;0;0;0;9565034;11834870;7746675;0;286917;-2914328;0;0;5119264;16954134;
3292;900177645;2019-12-31;2018;MILES;618583;1335025;2215941;0;4169549;1651104;0;15000;0;0;1666104;5835653;0;675848;0;1451549;101895;0;2229292;0;0;0;0;0;0;2229292;7746675;0;286917;-4427231;0;0;3606361;5835653;
3293;900381346;2019-12-31;2019;MILES;294918;208125;300565;34745;838353;8555708;0;3000;25578;0;8584286;9422639;60708;54374;0;47621;149309;3888;315900;5470306;0;35329;0;0;5505635;5821535;10000;0;1602963;1988141;0;0;3601104;9422639;
3294;900381346;2019-12-31;2018;MILES;60633;150347;263495;18529;493004;8606636;0;3000;25578;0;8635214;9128218;77622;817019;0;35459;26770;9209;966079;6181887;0;33287;0;0;6215174;7181253;10000;0;5000;1931965;0;0;1946965;9128218;
3295;816007864;2019-12-31;2019;MILES;445350;70188;24778;0;540316;1178943;0;260193;214941;0;1654077;2194393;350;109239;0;0;5706;0;115295;0;0;271272;0;0;271272;386567;3150000;0;2408346;-3750520;0;0;1807826;2194393;
3296;816007864;2019-12-31;2018;MILES;1272972;763666;5418013;284359;7739010;1199757;0;1158014;256087;0;2613858;10352868;1042;310059;0;0;21061;13863;346025;10365700;0;271272;0;0;10636972;10982997;3150000;0;2408346;-6188475;0;0;-630129;10352868;
3297;900489069;2019-12-31;2019;MILES;90188;793067;350;0;883605;8104388;0;0;0;0;8104388;8987993;694607;6;0;0;0;2613;697226;0;0;20583;0;0;20583;717809;19321;11840360;0;-3589497;0;0;8270184;8987993;
3298;900489069;2019-12-31;2018;MILES;41095;1192614;345;0;1234054;8104388;0;0;0;0;8104388;9338442;1155512;8;0;0;67814;1855;1225189;0;0;23566;0;0;23566;1248755;19241;11620440;0;-3549994;0;0;8089687;9338442;
3299;900267940;2019-12-31;2019;MILES;4000303;2867048;6256745;249702;13373798;15061264;0;0;286917;0;15348181;28721979;1206585;7527301;0;159706;416256;889459;10199307;2471192;1255847;1268044;0;0;4995083;15194390;638462;6379919;393438;1011217;0;5104553;13527589;28721979;
3300;900267940;2019-12-31;2018;MILES;214677;129164;0;7986755;8330596;12533322;364370;1600000;-347924;364370;14514138;22844734;48557;8978279;0;0;4001;370245;9401082;5598859;0;897649;0;0;6496508;15897590;600000;0;393438;849153;0;5104553;6947144;22844734;
3301;860033245;2019-12-31;2019;MILES;12797212;0;22332489;10728210;45857911;6685536;0;49759;0;0;6735295;52593206;16141984;3510120;0;318869;1471339;0;21442312;5139698;0;0;0;775954;5915652;27357964;360000;0;180000;24695242;0;0;25235242;52593206;
3302;860033245;2019-12-31;2018;MILES;6698604;0;23764761;10841287;41304652;6477882;0;62951;4148;0;6544981;47849633;15183788;3799448;0;224847;909410;0;20117493;5512860;0;0;0;770516;6283376;26400869;360000;0;180000;20908764;0;0;21448764;47849633;
3303;800232356;2019-12-31;2019;MILES;536618;3508209;16564290;36471269;57080386;20861162;344063;26161501;18655940;344063;66366729;123447115;0;25392633;0;860659;1189061;880093;28322446;19426888;0;548961;0;0;19975849;48298295;10552388;2546;18108546;1702947;0;44782393;75148820;123447115;
3304;800232356;2019-12-31;2018;MILES;12098104;10517484;29972307;31448145;84036040;23127924;0;44355729;19209814;0;86693467;170729507;0;6960329;0;1542966;1786289;989656;11279240;119547171;0;381656;0;0;119928827;131208067;10552388;2546;18108546;-52118661;0;62976621;39521440;170729507;
3305;860400249;2019-12-31;2019;MILES;1033859;0;57727;0;1091586;9367;0;0;480358;0;489725;1581311;0;20309;0;46055;38872;81062;186298;0;0;1542;0;0;1542;187840;130000;0;955846;78309;0;229316;1393471;1581311;
3306;860400249;2019-12-31;2018;MILES;968143;0;47582;0;1015725;9365;0;0;458957;0;468322;1484047;0;19441;0;41516;40589;62880;164426;0;0;0;0;0;0;164426;130000;0;768372;191933;0;229316;1319621;1484047;
3307;830078966;2019-12-31;2019;MILES;4269492;270304;100370807;221207874;326118477;221046798;0;31566486;14254269;0;266867553;592986030;153206411;92553574;8390316;1477666;9407624;0;265035591;10923719;0;7978687;0;25946822;44849228;309884819;40000000;0;116206481;10172729;0;116722001;283101211;592986030;
3308;830078966;2019-12-31;2018;MILES;23546526;0;44969913;229364045;297880484;223179171;0;21409583;10311773;0;254900527;552781011;155863985;81341479;9082258;1674812;6384139;0;254346673;0;0;4404051;0;23791620;28195671;282542344;40000000;0;107624881;10331600;0;112282186;270238667;552781011;
3309;900330496;2019-12-31;2019;MILES;160699;0;519;0;161218;0;0;0;196359798;0;196359798;196521016;0;0;0;0;1770;2423;4193;0;0;10377136;0;0;10377136;10381329;1009299;82394446;102737309;-1367;0;0;186139687;196521016;
3310;900330496;2019-12-31;2018;MILES;4458647;85027;1678075;0;6221749;0;0;0;185866357;0;185866357;192088106;0;125;0;0;35369;43447;78941;0;0;9488781;0;0;9488781;9567722;1009299;82394446;93206597;5910042;0;0;182520384;192088106;
3311;830071246;2019-12-31;2019;MILES;4148;154600;1669005;2480198;4307951;15781581;0;32508728;30964864;0;79255173;83563124;81833;43963;0;42290;795081;3000;966167;0;0;3584440;0;0;3584440;4550607;2064110;6515062;11203559;43755425;0;15474361;79012517;83563124;
3312;830071246;2019-12-31;2018;MILES;175198;2697;92299;2276663;2546857;16544392;0;32622380;30140169;0;79306941;81853798;516718;166661;0;0;130503;36844;850726;0;0;4016649;0;0;4016649;4867375;2064110;6515062;11203559;41564753;0;15638939;76986423;81853798;
3313;900311868;2019-12-31;2019;MILES;552786;1433408;9086960;17120650;28193804;60582072;0;0;0;0;60582072;88775876;20429324;34311198;0;0;413762;23189;55177473;16995529;0;3303171;0;0;20298700;75476173;4727375;66152805;0;-59805695;0;2225218;13299703;88775876;
3314;900311868;2019-12-31;2018;MILES;230784;1021197;14141646;28408212;43801839;61421548;0;0;6696277;0;68117825;111919664;15849790;50382989;0;0;1710301;176552;68119632;18070317;0;0;0;0;18070317;86189949;4727375;66152805;0;-47013739;0;1863274;25729715;111919664;
3315;890807047;2019-12-31;2019;MILES;2556176;195778;1348578;2784157;6884689;4560476;0;0;146529;0;4707005;11591694;17000;2552986;0;0;0;0;2569986;0;0;0;0;0;0;2569986;2950000;0;1200737;4870971;0;0;9021708;11591694;
3316;890807047;2019-12-31;2018;MILES;2863148;139400;688111;2264400;5955059;3964431;0;0;106993;0;4071424;10026483;17000;1180128;0;0;848700;217136;2262964;0;0;0;0;0;0;2262964;2950000;0;1154840;3658679;0;0;7763519;10026483;
3317;830055643;2019-12-31;2019;MILES;15348637;5400308;2118719;5971634;28839298;172693183;0;0;101136417;0;273829600;302668898;10813237;42650713;3183326;0;4004507;0;60651783;0;139891263;6827000;0;0;146718263;207370046;2000000;46841055;78402736;-31944939;0;0;95298852;302668898;
3318;830055643;2019-12-31;2018;MILES;12399625;5026844;3340193;6234383;27001045;171911425;0;0;1282297;0;173193722;200194767;9371420;29503317;1622778;0;3594461;0;44091976;0;77754709;6575000;0;0;84329709;128421685;1151500;8890435;78402736;-16671589;0;0;71773082;200194767;
3319;800206842;2019-12-31;2019;MILES;7538657;16405512;269531683;128078216;421554068;97941933;0;0;15741033;0;113682966;535237034;0;113732477;21078234;7885598;0;19308986;162005295;0;0;0;0;15056084;15056084;177061379;262442;0;36540996;133186520;0;188185697;358175655;535237034;
3320;800206842;2019-12-31;2018;MILES;5068160;13313328;142960246;105085236;266426970;57364125;0;0;1949563;0;59313688;325740658;0;57770710;18028825;4797146;0;22894602;103491283;0;0;0;0;6325165;6325165;109816448;262442;0;48045466;107001023;0;60615279;215924210;325740658;
3321;830012344;2019-12-31;2019;MILES;10437840;53871;9453402;320042;20265155;1439185;0;0;2716182;0;4155367;24420522;530746;2348922;0;388458;40894;341330;3650350;1132700;0;0;0;869370;2002070;5652420;1418925;3157376;15056351;-864550;0;0;18768102;24420522;
3322;830012344;2019-12-31;2018;MILES;9025173;584455;8223592;1156442;18989662;351731;0;0;439393;0;791124;19780786;0;1323602;0;219824;0;116438;1659864;0;0;0;0;0;0;1659864;1418925;3157376;15179844;-1635223;0;0;18120922;19780786;
3323;800023543;2019-12-31;2019;MILES;439767;0;240446;932283;1612496;1194299;0;167333;46850;0;1408482;3020978;169850;137066;0;50827;214181;307030;878954;0;0;251746;0;0;251746;1130700;200000;0;61900;1628378;0;0;1890278;3020978;
3324;800023543;2019-12-31;2018;MILES;207668;0;162928;916468;1287064;1158943;0;167333;142488;0;1468764;2755828;15409;822525;0;43003;198195;313346;1392478;0;0;241398;0;0;241398;1633876;200000;0;61900;860052;0;0;1121952;2755828;
3325;860035047;2019-12-31;2019;MILES;14009897;1348330;22191704;13718337;51268268;42300690;0;1071699;3060937;0;46433326;97701594;10480000;21133910;0;1740866;2237069;0;35591845;0;0;6532615;0;0;6532615;42124460;2400000;0;1200000;41645111;0;10332023;55577134;97701594;
3326;860035047;2019-12-31;2018;MILES;9850246;2198730;25064042;17999925;55112943;36698088;0;1064274;2624723;0;40387085;95500028;5530807;27597133;0;1299361;4521775;0;38949076;0;0;7428749;0;0;7428749;46377825;2400000;0;1200000;37093293;0;8428910;49122203;95500028;
3327;900131246;2019-12-31;2019;MILES;183808;28163;1716847;942403;2871221;700022;0;0;27352;0;727374;3598595;138941;402208;0;132543;55827;368641;1098160;200000;0;0;0;505731;705731;1803891;700000;0;100668;994036;0;0;1794704;3598595;
3328;900131246;2019-12-31;2018;MILES;167413;32175;893260;563676;1656524;627315;0;0;14044;0;641359;2297883;23216;296374;0;71161;36204;14940;441895;36117;0;3454;0;323471;363042;804937;700000;0;82802;710144;0;0;1492946;2297883;
3329;900320751;2019-12-31;2019;MILES;1679701;439420;1936669;2539565;6595355;1466068;0;0;22363;0;1488431;8083786;0;2620909;0;206857;304886;26703;3159355;1161947;0;0;0;0;1161947;4321302;300000;0;239969;3222515;0;0;3762484;8083786;
3330;900320751;2019-12-31;2018;MILES;2391946;435340;687667;2481563;5996516;1668657;0;0;77620;0;1746277;7742793;0;2641909;0;222900;468590;53663;3387062;1488828;0;0;0;0;1488828;4875890;300000;0;182811;2384092;0;0;2866903;7742793;
3331;900070142;2019-12-31;2019;MILES;80708;0;4682368;7308228;12071304;4738947;0;480000;17596;0;5236543;17307847;1671547;2030493;0;55557;556462;0;4314059;0;0;162860;0;7550814;7713674;12027733;300000;0;35008;4945106;0;0;5280114;17307847;
3332;900070142;2019-12-31;2018;MILES;33551;0;2387973;6982952;9404476;4519431;0;0;26700;0;4546131;13950607;771886;2015821;0;49437;515715;0;3352859;0;0;173714;0;5346975;5520689;8873548;300000;0;35008;4742051;0;0;5077059;13950607;
3333;900328547;2019-12-31;2019;MILES;12036;1198816;160;0;1211012;1540769;0;77711;34416473;0;36034953;37245965;6097126;1312773;0;0;83701;127986;7621586;11800383;0;0;0;0;11800383;19421969;58227109;2161926;0;-42565039;0;0;17823996;37245965;
3334;900328547;2019-12-31;2018;MILES;30285;866494;4838;0;901617;1577235;0;77711;31138095;0;32793041;33694658;5653233;352564;0;0;147546;186454;6339797;7545559;0;0;0;0;7545559;13885356;58227109;2161926;0;-40579733;0;0;19809302;33694658;
3335;900583745;2019-12-31;2019;MILES;554786;4120582;10355761;0;15031129;3223843;0;0;6110905;0;9334748;24365877;2669585;6543959;0;8011201;0;0;17224745;2881330;0;0;0;0;2881330;20106075;1795000;0;6659439;-4194637;0;0;4259802;24365877;
3336;900583745;2019-12-31;2018;MILES;687167;5442699;10125944;0;16255810;2815905;0;0;2084536;0;4900441;21156251;2000000;7356438;0;6543777;0;0;15900215;0;0;0;0;0;0;15900215;1795000;0;6659440;-3198404;0;0;5256036;21156251;
3337;900380603;2019-12-31;2019;MILES;145242;8840119;336513;0;9321874;474012;0;0;9000;0;483012;9804886;13164;0;0;0;0;0;13164;0;0;9000;0;0;9000;22164;76063;4732214;0;3776275;0;1198170;9782722;9804886;
3338;900380603;2019-12-31;2018;MILES;111581;8251398;325460;0;8688439;401042;0;0;9000;0;410042;9098481;0;0;0;300;47490;17580;65370;0;0;9000;0;0;9000;74370;76063;4732214;0;3505123;0;710711;9024111;9098481;
3339;900347344;2019-12-31;2019;MILES;4041;75877;1472337;353965;1906220;6296463;1501865;0;2248550;1501865;11548743;13454963;0;576980;0;0;11740;0;588720;588009;0;0;0;204390;792399;1381119;11550239;0;65594;458011;0;0;12073844;13454963;
3340;900347344;2019-12-31;2018;MILES;118167;205206;1844786;152185;2320344;5375926;8166797;0;-5993592;8166797;15715928;18036272;0;513909;0;0;111024;0;624933;5914545;0;0;0;0;5914545;6539478;11550239;0;51567;-105012;0;0;11496794;18036272;
3341;890114642;2019-12-31;2019;MILES;2699699;3712979;1685265;17369801;25467744;31301089;237868;0;28150564;237868;59927389;85395133;7263;7891530;0;3834766;936085;8153743;20823387;0;194341;0;0;3825832;4020173;24843560;2151990;0;38294786;5591744;0;14513053;60551573;85395133;
3342;890114642;2019-12-31;2018;MILES;3905236;6096956;1177422;2768950;13948564;31787605;9499625;0;1132558;9499625;51919413;65867977;7563;5897400;0;3345825;0;6804105;16054893;0;0;2604;0;3771961;3774565;19829458;2151990;0;35065359;5591744;0;3229426;46038519;65867977;
3343;800130144;2019-12-31;2019;MILES;1234607;435512;1267592;8950588;11888299;14725558;0;0;4370900;0;19096458;30984757;0;2126572;0;0;2000442;484619;4611633;4360391;788794;2318661;0;0;7467846;12079479;450000;0;632384;2353209;0;15469685;18905278;30984757;
3344;800130144;2019-12-31;2018;MILES;1142802;664890;1842210;7855429;11505331;14182810;0;0;2692;0;14185502;25690833;1078899;1364630;0;0;1461779;421598;4326906;0;360847;2295902;0;0;2656749;6983655;450000;0;225000;2562500;0;15469678;18707178;25690833;
3345;800249942;2019-12-31;2019;MILES;10676191;212823;8004323;0;18893337;0;765739483;154000;1218864198;765739483;2750497164;2769390501;0;10283854;0;0;3171711;788814;14244379;0;0;509258;0;297583;806841;15051220;289472310;567048934;838575721;1054741062;0;4501254;2754339281;2769390501;
3346;800249942;2019-12-31;2018;MILES;15493344;202641;10751144;0;26447129;0;521747997;142000;624452880;521747997;1668090874;1694538003;0;7028576;0;0;7149857;34427;14212860;0;0;679285;0;297583;976868;15189728;245894160;313005750;80449234;1033956828;0;6042303;1679348275;1694538003;
3347;800248194;2019-12-31;2019;MILES;186844;424166;5621939;0;6232949;0;0;0;561933;0;561933;6794882;232136;6614357;0;0;0;0;6846493;660747;0;0;0;398744;1059491;7905984;324835;0;0;-52763029;0;51327092;-1111102;6794882;
3348;800248194;2019-12-31;2018;MILES;431141;1996776;5624230;0;8052147;0;0;0;559981;0;559981;8612128;554108;7701712;0;0;0;0;8255820;396732;0;0;0;398431;795163;9050983;324835;0;0;-52090782;0;51327092;-438855;8612128;
3349;830065842;2019-12-31;2019;MILES;7146150;6437696;75087828;0;88671674;71248195;0;0;7897798;0;79145993;167817667;36667161;22400947;27915;14453715;9356576;0;82906314;46418512;0;0;0;0;46418512;129324826;2997460;9316417;3700644;22478320;0;0;38492841;167817667;
3350;830065842;2019-12-31;2018;MILES;9274384;12157303;62607659;0;84039346;31259471;0;0;14206178;0;45465649;129504995;41195688;33960080;825355;12958057;8240709;0;97179889;0;0;0;0;0;0;97179889;2997460;9316417;3600779;16410450;0;0;32325106;129504995;
3351;860534244;2019-12-31;2019;MILES;1736659;7086362;17717487;9473149;36013657;1705675;0;0;4221395;0;5927070;41940727;12563061;6641656;810502;0;1617630;474877;22107726;3150344;0;0;0;0;3150344;25258070;27349346;0;1413955;-12080644;0;0;16682657;41940727;
3352;860534244;2019-12-31;2018;MILES;1561045;6346379;20816372;10438802;39162598;1478953;0;0;311301;0;1790254;40952852;12338766;8821333;0;0;2033599;702460;23896158;0;0;0;0;0;0;23896158;27349363;0;1413955;-11706624;0;0;17056694;40952852;
3353;900248065;2019-12-31;2019;MILES;93934;671473;1501432;0;2266839;20323;5434482;0;-5434482;5434482;5454805;7721644;341837;1207296;0;209356;0;370901;2129390;0;275141;0;0;0;275141;2404531;100028;5389134;1836568;-2008617;0;0;5317113;7721644;
3354;900248065;2019-12-31;2018;MILES;86694;421420;4639896;0;5148010;39170;4474547;0;-4474547;4474547;4513717;9661727;233238;1737973;0;443266;0;465684;2880161;0;128268;0;0;0;128268;3008429;100022;4818582;1836568;-101874;0;0;6653298;9661727;
3355;900833255;2019-12-31;2019;MILES;1397735;455733;777645;41621462;44252575;0;0;0;0;0;0;44252575;16577606;460027;47569;0;7478;0;17092680;0;26317246;0;0;0;26317246;43409926;5000;0;0;57649;0;780000;842649;44252575;
3356;900833255;2019-12-31;2018;MILES;421199;331165;2733798;34392915;37879077;0;0;0;0;0;0;37879077;13656910;1537351;17159;0;10351;0;15221771;0;21829841;0;0;0;21829841;37051612;5000;0;0;42465;0;780000;827465;37879077;
3357;830514150;2019-12-31;2019;MILES;2168;42719;3529975;30056235;33631097;2446467;0;0;0;0;2446467;36077564;119549;428785;106200;17446;499782;0;1171762;7860369;8708759;35046;0;0;16604174;17775936;1826770;4015150;32061;12287367;0;140280;18301628;36077564;
3358;830514150;2019-12-31;2018;MILES;11924;223124;1627031;35472739;37334818;2427038;3534335;0;-3534335;3534335;5961373;43296191;2111765;1008425;66751;30867;528250;0;3746058;7301869;12713616;0;0;0;20015485;23761543;1826770;4015150;32061;13520387;0;140280;19534648;43296191;
3359;900053261;2019-12-31;2019;MILES;1593313;1183527;4060555;7413613;14251008;432846;0;0;16235;0;449081;14700089;3393329;3126338;0;0;0;246838;6766505;0;0;127361;0;0;127361;6893866;1800000;1255560;422265;4328398;0;0;7806223;14700089;
3360;900053261;2019-12-31;2018;MILES;400366;1216621;5061611;11507493;18186091;455643;0;0;20165;0;475808;18661899;6721434;3876071;0;0;0;269199;10866704;0;0;86356;0;0;86356;10953060;1800000;1255560;349385;4303894;0;0;7708839;18661899;
3361;900482870;2019-12-31;2019;MILES;13439;12000;339636;0;365075;320798;0;0;351005;0;671803;1036878;0;288889;0;54451;1190;0;344530;0;0;0;0;0;0;344530;2000;1453296;5128;-768076;0;0;692348;1036878;
3362;900482870;2019-12-31;2018;MILES;125528;2135;21900;0;149563;188450;0;0;341157;0;529607;679170;0;31126;0;0;750;0;31876;0;0;0;0;0;0;31876;2000;1453296;0;-808002;0;0;647294;679170;
3363;890929052;2019-12-31;2019;MILES;2681024;5297;10917497;0;13603818;0;1865025;15593839;1059055;1865025;20382944;33986762;2266335;234584;0;0;135402;1839766;4476087;5677374;18839;893916;0;0;6590129;11066216;530000;1340209;4207914;16842423;0;0;22920546;33986762;
3364;890929052;2019-12-31;2018;MILES;1681008;21018;7945643;0;9647669;5060;2871000;15959265;-585271;2871000;21121054;30768723;907706;240908;0;0;24818;947495;2120927;8349676;53575;757654;0;0;9160905;11281832;530000;1340209;3898726;13717956;0;0;19486891;30768723;
3365;890929171;2019-12-31;2019;MILES;4846694;5902700;2155271;296820;13201485;24723836;0;0;2218707;0;26942543;40144028;687466;2082251;2996154;780218;1403994;144230;8094313;0;0;1102696;2397784;0;3500480;11594793;459000;0;369837;21266098;0;6454300;28549235;40144028;
3366;890929171;2019-12-31;2018;MILES;4300881;3019971;5108533;0;12429385;24849304;0;0;39901;0;24889205;37318590;4774415;2832926;0;0;0;0;7607341;0;0;1468511;0;0;1468511;9075852;459000;0;369837;20959601;0;6454300;28242738;37318590;
3367;802013061;2019-12-31;2019;MILES;498812;0;10690173;325819;11514804;152472;0;0;641531;0;794003;12308807;33593;9818642;0;329476;219505;0;10401216;0;0;0;0;0;0;10401216;450000;3400000;131389;-3422387;0;1348589;1907591;12308807;
3368;802013061;2019-12-31;2018;MILES;301863;0;7081765;341073;7724701;219240;0;0;1176595;0;1395835;9120536;3597;7366404;0;181888;84;0;7551973;0;0;0;0;0;0;7551973;450000;3400000;131389;-3761415;0;1348589;1568563;9120536;
3369;900248159;2019-12-31;2019;MILES;550784;1530724;1979852;7820590;11881950;22386105;0;0;75865;0;22461970;34343920;3593587;4712501;0;217190;423564;25330;8972172;19199306;0;586464;0;0;19785770;28757942;1013555;2488458;311390;1772575;0;0;5585978;34343920;
3370;900248159;2019-12-31;2018;MILES;603613;1544018;1924933;5969248;10041812;19105928;0;0;73424;0;19179352;29221164;1520821;2825292;0;249028;709742;4188;5309071;0;0;622218;0;18271905;18894123;24203194;1013555;2488458;311390;1204567;0;0;5017970;29221164;
3371;890304345;2019-12-31;2019;MILES;504386;1682787;11932469;11794359;25914001;7969712;526044;0;-499588;526044;8522212;34436213;8885839;9543197;0;0;967562;986388;20382986;2058610;0;1576673;0;0;3635283;24018269;1440663;500000;720332;6297457;0;1459492;10417944;34436213;
3372;890304345;2019-12-31;2018;MILES;1653208;867578;11522346;11472692;25515824;6715097;133521;0;-133521;133521;6848618;32364442;7608578;11707933;0;0;476885;1373113;21166509;2280467;0;0;0;0;2280467;23446976;1440663;500000;720332;5215262;0;1041209;8917466;32364442;
3373;900386472;2019-12-31;2019;MILES;787;24926;44929;0;70642;4754146;0;0;0;0;4754146;4824788;0;84692;0;0;0;0;84692;0;1896021;225212;0;0;2121233;2205925;200;488108;0;-152761;0;2283316;2618863;4824788;
3374;900386472;2019-12-31;2018;MILES;787;21405;43705;0;65897;4754146;0;0;0;0;4754146;4820043;0;65288;0;0;0;0;65288;0;1896021;225212;0;0;2121233;2186521;200;488108;0;-138102;0;2283316;2633522;4820043;
3375;900826594;2019-12-31;2019;MILES;104098;101852;617736;2092348;2916034;2216;0;3326400;0;0;3328616;6244650;108544;195285;0;4825;97333;0;405987;1631302;0;420856;0;1100388;3152546;3558533;102000;0;0;1582717;0;1001400;2686117;6244650;
3376;900826594;2019-12-31;2018;MILES;121373;168885;676410;4854425;5821093;2932;0;0;0;0;2932;5824025;1626661;775045;0;13566;251729;0;2667001;0;0;332216;0;1427451;1759667;4426668;102000;0;0;1295357;0;0;1397357;5824025;
3377;890941649;2019-12-31;2019;MILES;46171;0;378262;0;424433;157171;1295883;5012298;-1185523;1295883;6575712;7000145;0;392166;0;0;8325;243881;644372;114961;7295;0;0;0;122256;766628;36000;0;36548;6160969;0;0;6233517;7000145;
3378;890941649;2019-12-31;2018;MILES;51261;32646;203072;0;286979;155108;0;5012298;1308793;0;6476199;6763178;22107;198154;0;0;0;235119;455380;110164;0;0;0;0;110164;565544;36000;0;36548;6125086;0;0;6197634;6763178;
3379;860029997;2019-12-31;2019;MILES;5450241;8258126;15219104;24686402;53613873;125579461;0;0;5284788;0;130864249;184478122;36184161;16800602;693313;500927;0;0;54179003;0;0;209668;0;0;209668;54388671;43821800;0;1582820;84684831;0;0;130089451;184478122;
3380;860029997;2019-12-31;2018;MILES;5089840;15602948;10831285;25907370;57431443;127527109;0;0;5565020;0;133092129;190523572;29729320;24112010;3237000;598030;0;2370700;60047060;0;0;795590;0;0;795590;60842650;43821800;0;1319872;84539250;0;0;129680922;190523572;
3381;830042244;2019-12-31;2019;MILES;12382291;3749695;32903563;1111904;50147453;720715;0;0;10376739;0;11097454;61244907;5370768;7473564;0;0;2179654;140927;15164913;1227074;0;0;4190905;0;5417979;20582892;610001;17599999;305000;22147015;0;0;40662015;61244907;
3382;830042244;2019-12-31;2018;MILES;6555330;5688161;22621678;0;34865169;1915290;0;0;4721750;0;6637040;41502209;3673962;2029865;93567;0;8477008;65447;14339849;114404;0;0;4190905;0;4305309;18645158;610000;0;305000;21942051;0;0;22857051;41502209;
3383;805022756;2019-12-31;2019;MILES;965741;1610364;18784529;0;21360634;286847;0;0;78670;0;365517;21726151;0;2958618;0;6360745;2356162;0;11675525;0;0;386688;5491222;0;5877910;17553435;93000;0;75706;4004010;0;0;4172716;21726151;
3384;805022756;2019-12-31;2018;MILES;1495510;1675426;19404088;0;22575024;400872;0;0;103551;0;504423;23079447;0;2742783;0;5248071;1803914;0;9794768;0;0;92228;9449025;0;9541253;19336021;93000;0;75706;3574720;0;0;3743426;23079447;
3385;900617448;2019-12-31;2019;MILES;1107717;362836;2348247;817029;4635829;30349584;0;0;508307;0;30857891;35493720;73295;1855486;0;0;0;930154;2858935;10878896;0;595622;0;0;11474518;14333453;32481759;0;0;-11321674;0;182;21160267;35493720;
3386;900617448;2019-12-31;2018;MILES;437577;121344;1406919;1362317;3328157;30553253;0;0;13785;0;30567038;33895195;81688;2211557;0;0;0;1172511;3465756;9588436;344355;595622;0;0;10528413;13994169;27116625;0;0;-8908115;0;1692516;19901026;33895195;
3387;860002693;2019-12-31;2019;MILES;10471469;40525576;112888361;52472693;216358099;64079181;0;0;2417645;0;66496826;282854925;41606893;94484327;8326597;5306841;6924523;381172;157030353;51500579;3725843;9584368;0;1623200;66433990;223464343;312317;0;1105200;57973065;0;0;59390582;282854925;
3388;860002693;2019-12-31;2018;MILES;9246520;16486041;98792599;42379379;166904539;61048830;0;0;2732990;0;63781820;230686359;16182644;99293674;7319406;3325288;3307875;100000;129528887;28260150;0;4305113;0;1535586;34100849;163629736;312317;0;1105200;65639106;0;0;67056623;230686359;
3389;890309556;2019-12-31;2019;MILES;4455241;4459504;68513475;0;77428220;1049496;0;0;19227753;0;20277249;97705469;0;6696322;0;8491333;924502;0;16112157;1114691;78743476;9279;0;0;79867446;95979603;6000000;3000000;1663618;-8937752;0;0;1725866;97705469;
3390;890309556;2019-12-31;2018;MILES;2798661;5171311;79999781;0;87969753;848100;0;0;23571245;0;24419345;112389098;0;8945255;0;7063113;2325869;0;18334237;2985594;83280836;571999;0;0;86838429;105172666;6000000;3000000;1663618;-3447186;0;0;7216432;112389098;
3391;830134991;2019-12-31;2019;MILES;134;731199;3192153;0;3923486;0;0;0;3320763;0;3320763;7244249;80826;1433896;0;0;0;0;1514722;0;8806305;44368;0;394373;9245046;10759768;400000;0;44184;-3959703;0;0;-3515519;7244249;
3392;830134991;2019-12-31;2018;MILES;8239;78745;8105454;0;8192438;15722;0;0;3946543;0;3962265;12154703;1588644;1558621;0;0;2029359;0;5176624;0;8363750;44368;0;453125;8861243;14037867;400000;0;44184;-2327348;0;0;-1883164;12154703;
3393;900777972;2019-12-31;2019;MILES;9116447;57839715;2085246;45317188;114358596;0;0;0;13184;0;13184;114371780;0;14570046;0;216573;970732;81658034;97415385;0;16229614;35333;0;0;16264947;113680332;154170;412934;0;124344;0;0;691448;114371780;
3394;900777972;2019-12-31;2018;MILES;15967118;46349549;3620066;67564238;133500971;0;0;0;0;0;0;133500971;0;14768420;0;147555;2624176;105209939;122750090;0;10488286;0;0;0;10488286;133238376;154170;412934;0;-304509;0;0;262595;133500971;
3395;900300996;2019-12-31;2019;MILES;1272369;680171;5019141;5465470;12437151;327700;14174;0;433295;14174;789343;13226494;34059;4331926;150000;192969;0;167614;4876568;27150;0;0;0;122755;149905;5026473;250000;1965635;443853;5540533;0;0;8200021;13226494;
3396;900300996;2019-12-31;2018;MILES;1891868;1259351;16599043;5020106;24770368;212095;36055;0;791955;36055;1076160;25846528;27302;19855873;698043;94539;0;125419;20801176;58155;0;0;0;0;58155;20859331;250000;1965635;0;2771562;0;0;4987197;25846528;
3397;900585053;2019-12-31;2019;MILES;37525015;29405372;311041678;63327250;441299315;0;0;0;5802133;0;5802133;447101448;0;395759482;0;61511;7091676;5493857;408406526;0;32370137;0;0;0;32370137;440776663;586368;8550509;111128;-2923220;0;0;6324785;447101448;
3398;900585053;2019-12-31;2018;MILES;29720978;76902291;278713243;35606658;420943170;0;0;0;7047047;0;7047047;427990217;0;352995524;0;59989;6821582;0;359877095;0;63948680;0;0;0;63948680;423825775;563577;6294200;0;-2693335;0;0;4164442;427990217;
3399;890922549;2019-12-31;2019;MILES;942155;9458001;63964267;25656622;100021045;28302145;309054;53485604;49797131;309054;132202988;232224033;35187635;78148390;0;0;2150474;0;115486499;21792225;0;9436437;0;0;31228662;146715161;1561999;4890852;33803421;38951807;0;6300793;85508872;232224033;
3400;890922549;2019-12-31;2018;MILES;952318;8818300;61083160;30170509;101024287;27194002;245971;53445219;39255049;245971;120386212;221410499;21825932;81943782;0;0;2405762;0;106175476;29562632;0;8258437;0;0;37821069;143996545;1561999;4890852;18150022;47827233;0;4983848;77413954;221410499;
3401;900631450;2019-12-31;2019;MILES;2339517;2813415;1745835;0;6898767;4905996;0;530220440;208331;0;535334767;542233534;27912857;2758899;0;0;1439290;0;32111046;109828005;58529284;28812372;0;0;197169661;229280707;129125000;47525000;0;136302827;0;0;312952827;542233534;
3402;900631450;2019-12-31;2018;MILES;1668533;870862;1201101;0;3740496;5969939;0;565458180;171536;0;571599655;575340151;22040671;2483196;0;0;943995;0;25467862;129846657;58529284;26388937;0;0;214764878;240232740;129125000;47525000;0;158457411;0;0;335107411;575340151;
3403;900585067;2019-12-31;2019;MILES;35052113;295816726;166193978;57764027;554826844;0;0;0;0;0;0;554826844;0;513592535;0;113979;8188721;392852;522288087;0;20333787;530856;0;0;20864643;543152730;576348;7558530;155909;3383327;0;0;11674114;554826844;
3404;900585067;2019-12-31;2018;MILES;30309227;178887144;87322611;171088713;467607695;0;0;0;0;0;0;467607695;0;333574065;0;110372;0;103846021;437530458;0;10797131;1603033;0;0;12400164;449930622;576348;7558530;1481315;8060880;0;0;17677073;467607695;
3405;860000898;2019-12-31;2019;MILES;157338;11929342;11955485;93389820;117431985;45045008;0;1372611;5170731;0;51588350;169020335;103549812;3580300;0;0;359096;1218555;108707763;26447864;0;3555675;0;859160;30862699;139570462;5207691;0;18039603;6202579;0;0;29449873;169020335;
3406;860000898;2019-12-31;2018;MILES;41842;15248636;43552804;82326025;141169307;20020367;0;1448878;494303;0;21963548;163132855;129059195;2603411;0;0;266603;889140;132818349;0;0;1997013;0;829019;2826032;135644381;5207691;0;20500315;1780468;0;0;27488474;163132855;
3407;800169352;2019-12-31;2019;MILES;2645889;6228590;78597035;74103289;161574803;20204392;0;0;106021819;0;126226211;287801014;71552436;35911029;2544120;0;7060572;380753;117448910;76936188;0;4062613;0;0;80998801;198447711;200000;10900000;35897428;42355875;0;0;89353303;287801014;
3408;800169352;2019-12-31;2018;MILES;6298829;7741619;91004274;70711960;175756682;20829244;0;0;61886871;0;82716115;258472797;105028333;29143339;2257715;0;5808835;284460;142522682;24373126;0;4290670;0;0;28663796;171186478;200000;10900000;31854752;44331567;0;0;87286319;258472797;
3409;800061948;2019-12-31;2019;MILES;87326;453634;339544;0;880504;7403338;0;0;3729425;0;11132763;12013267;0;119283;0;186375;0;15675;321333;0;0;11716;0;0;11716;333049;58540;0;390638;-41123692;0;52354732;11680218;12013267;
3410;800061948;2019-12-31;2018;MILES;36567;144653;386840;0;568060;8760002;0;0;4609954;0;13369956;13938016;0;190507;0;147589;210658;359919;908673;0;0;0;0;517816;517816;1426489;58540;0;390638;-37220405;0;49282754;12511527;13938016;
3411;900083863;2019-12-31;2019;MILES;116095;883176;17922509;15645513;34567293;40690054;0;0;1454107;0;42144161;76711454;6176845;27594478;0;964871;720607;172896;35629697;8202633;0;4344131;0;0;12546764;48176461;7592;1580249;2311807;24635345;0;0;28534993;76711454;
3412;900083863;2019-12-31;2018;MILES;122427;1614689;16821428;9841955;28400499;35778046;0;0;9368;0;35787414;64187913;3335984;20096693;0;763008;1265727;203585;25664997;6869295;0;3601963;0;0;10471258;36136255;7592;1580249;1906751;24557066;0;0;28051658;64187913;
3413;830060858;2019-12-31;2019;MILES;2494359;0;2720337;18478484;23693180;2852921;0;11628;13782699;0;16647248;40340428;2534837;4255806;0;230858;273334;3612547;10907382;1137973;0;124091;0;3591165;4853229;15760611;7350895;3372163;8475433;5381326;0;0;24579817;40340428;
3414;830060858;2019-12-31;2018;MILES;3028928;0;1775137;24680250;29484315;2777019;0;11628;12420685;0;15209332;44693647;11093646;1122673;0;222754;238389;6232031;18909493;608632;0;114866;0;1358463;2081961;20991454;7350895;3372163;6038103;6941032;0;0;23702193;44693647;
3415;830504751;2019-12-31;2019;MILES;2255;79058;17511409;0;17592722;0;0;0;162777155;0;162777155;180369877;0;7770261;0;0;0;0;7770261;93191290;11234238;0;0;65809967;170235495;178005756;2522500;0;144647;-303026;0;0;2364121;180369877;
3416;830504751;2019-12-31;2018;MILES;12261;74313;17599263;0;17685837;0;0;0;160135567;0;160135567;177821404;0;7333517;0;0;0;0;7333517;82759330;11869358;0;0;65809967;160438655;167772172;2522500;0;144647;7382085;0;0;10049232;177821404;
3417;800039849;2019-12-31;2019;MILES;1280630;5427395;5203635;366386;12278046;27711816;0;0;0;0;27711816;39989862;24143;8068170;0;504143;29480;0;8625936;4737007;0;2927174;0;1028734;8692915;17318851;243501;0;366817;10618633;0;11442060;22671011;39989862;
3418;800039849;2019-12-31;2018;MILES;2697168;3733705;4588843;356020;11375736;14207220;0;0;0;0;14207220;25582956;24847;6269144;503750;0;87481;0;6885222;5413744;0;1655834;0;0;7069578;13954800;243501;0;366817;11017838;0;0;11628156;25582956;
3419;890930448;2019-12-31;2019;MILES;2222510;708605;587603;1725412;5244130;90635931;0;0;91145;0;90727076;95971206;9381507;2147316;0;1610849;0;630654;13770326;63551001;0;2944816;0;0;66495817;80266143;3828965;2720190;474362;8681546;0;0;15705063;95971206;
3420;890930448;2019-12-31;2018;MILES;1458105;319961;567004;1481595;3826665;49463086;0;0;82913;0;49545999;53372664;13218453;2523275;82030;1834266;440856;370473;18469353;15933612;0;3151418;0;0;19085030;37554383;3828965;2720190;474362;8794764;0;0;15818281;53372664;
3421;830080672;2019-12-31;2019;MILES;31148095;67085209;1432445063;8723600;1539401967;18539490;0;0;646587780;0;665127270;2204529237;0;61485351;86902739;2308006;4144774;102415;154943285;0;8230275;94689940;0;194179847;297100062;452043347;433825303;0;912238985;406421602;0;0;1752485890;2204529237;
3422;830080672;2019-12-31;2018;MILES;24476764;46158857;1071956903;44433906;1187026430;10750158;0;0;871544643;0;882294801;2069321231;0;56113118;70470881;2087796;5338553;385437;134395785;0;456782;72260181;0;181251690;253968653;388364438;433825303;0;885634458;361497032;0;0;1680956793;2069321231;
3423;860090365;2019-12-31;2019;MILES;2115729;21774600;26772304;12847404;63510037;60861115;301057;0;273620;301057;61736849;125246886;50642;27965781;0;687219;3231736;14887958;46823336;0;82635696;574677;0;0;83210373;130033709;2249740;21097394;1639870;-29773827;0;0;-4786823;125246886;
3424;860090365;2019-12-31;2018;MILES;1124608;9896533;20595923;15462156;47079220;57253768;24020;0;597565;24020;57899373;104978593;16903;21036234;0;652921;2322142;6375151;30403351;0;76133053;621583;0;0;76754636;107157987;2079740;17867394;1039870;-23166398;0;0;-2179394;104978593;
3425;900189181;2019-12-31;2019;MILES;362610;393468;29516325;27321236;57593639;301662170;906481;0;-906481;906481;302568651;360162290;0;75482783;0;2623647;5368369;4032234;87507033;0;0;10436305;0;617366;11053671;98560704;935500;0;467750;260164702;0;33634;261601586;360162290;
3426;900189181;2019-12-31;2018;MILES;1577321;427846;62519248;20435014;84959429;192261627;1020070;0;-1020070;1020070;193281697;278241126;0;53687154;34468;2249767;2415698;9414525;67801612;0;0;10069739;0;521563;10591302;78392914;935500;0;467750;198411328;0;33634;199848212;278241126;
3427;830021253;2019-12-31;2019;MILES;46853955;2558771;46197343;44092576;139702645;83664112;0;0;271340;0;83935452;223638097;27526227;40615247;0;1347012;5121244;155237;74764967;0;0;11253188;0;475110;11728298;86493265;3475540;0;32795688;100873604;0;0;137144832;223638097;
3428;830021253;2019-12-31;2018;MILES;10374430;5901598;115732488;74947177;206955693;78738348;0;0;0;0;78738348;285694041;35317874;106463616;0;0;0;0;141781490;0;0;11967904;0;0;11967904;153749394;3475540;0;32795688;95673419;0;0;131944647;285694041;
3429;800127156;2019-12-31;2019;MILES;13285891;179333;6896241;0;20361465;1799126;1421022;0;-1163333;1421022;3477837;23839302;57744;3006041;0;436309;977585;558326;5036005;2111460;0;119971;0;0;2231431;7267436;1376984;0;1164209;14030673;0;0;16571866;23839302;
3430;800127156;2019-12-31;2018;MILES;1153016;1088179;4449400;7169886;13860481;9660838;1421022;20004231;-1161270;1421022;31345843;45206324;17719;509649;0;439958;169294;305811;1442431;10722440;0;1852023;0;0;12574463;14016894;2204000;0;1164209;27821221;0;0;31189430;45206324;
3431;900430151;2019-12-31;2019;MILES;7523912;4205697;21742680;0;33472289;3339921;0;0;4393508;0;7733429;41205718;0;14913548;0;0;2028296;2358384;19300228;0;13763988;0;0;1729769;15493757;34793985;15150;9536450;0;-3139867;0;0;6411733;41205718;
3432;900430151;2019-12-31;2018;MILES;303726;9625450;22175100;0;32104276;640207;0;0;4558891;0;5199098;37303374;0;25115550;0;0;583749;4183792;29883091;0;2829697;0;0;0;2829697;32712788;15150;9536450;0;-4961014;0;0;4590586;37303374;
3433;900839078;2019-12-31;2019;MILES;867730;786094;10309789;12549018;24512631;55238070;1115475;0;1213068;1115475;58682088;83194719;390425;50955909;524902;604865;2478;3016422;55495001;0;16666667;0;0;162065;16828732;72323733;10163169;18000000;0;-17292183;0;0;10870986;83194719;
3434;900839078;2019-12-31;2018;MILES;360128;293712;9790164;9575293;20019297;57982350;1300814;0;-556754;1300814;60027224;80046521;10664574;15057220;0;552629;678;2259808;28534909;30014348;3654262;0;0;112166;33780776;62315685;10163169;18000000;0;-10432333;0;0;17730836;80046521;
3435;800118660;2019-12-31;2019;MILES;10737079;2080837;3368411;11631216;27817543;10810316;0;10192;953271;0;11773779;39591322;0;3211005;238619;454761;1880640;426896;6211921;0;0;2332959;0;1857038;4189997;10401918;2295000;2437095;641666;23815643;0;0;29189404;39591322;
3436;800118660;2019-12-31;2018;MILES;7440592;2488404;3881045;9919411;23729452;9141009;0;10192;195019;0;9346220;33075672;0;2375449;2902;404701;1624016;0;4407068;0;0;1625387;0;0;1625387;6032455;2295000;2437095;641666;21669456;0;0;27043217;33075672;
3437;860029949;2019-12-31;2019;MILES;4415913;735658;7719862;4522782;17394215;33003772;0;1874600;1509;0;34879881;52274096;0;1960078;0;0;2158206;20002;4138286;0;0;3279144;0;0;3279144;7417430;9100000;0;3963731;11738350;0;20054585;44856666;52274096;
3438;860029949;2019-12-31;2018;MILES;1128906;622338;10208355;5982516;17942115;23596356;0;1854000;19527;0;25469883;43411998;0;4307308;0;0;1519791;5521;5832620;0;0;851147;0;0;851147;6683767;9100000;0;3562629;4011017;0;20054585;36728231;43411998;
3439;800186656;2019-12-31;2019;MILES;2547794;1672437;22908412;33773652;60902295;1740275;0;0;372992;0;2113267;63015562;12807;26256188;748844;868208;2654012;0;30540059;0;79600;47438;0;0;127038;30667097;1270000;16381986;982948;13713531;0;0;32348465;63015562;
3440;800186656;2019-12-31;2018;MILES;1761979;1837439;36843969;40992043;81435430;1825147;0;0;291278;0;2116425;83551855;14732;49287027;966573;801278;3889405;0;54959015;0;79600;59417;0;0;139017;55098032;1270000;16381986;982948;9818889;0;0;28453823;83551855;
3441;860031451;2019-12-31;2019;MILES;0;0;1366;0;1366;0;0;14682231;0;0;14682231;14683597;0;1091135;0;0;0;0;1091135;0;1028061;1421704;0;0;2449765;3540900;1400;0;0;11141297;0;0;11142697;14683597;
3442;860031451;2019-12-31;2018;MILES;0;0;1366;0;1366;0;0;14726184;0;0;14726184;14727550;0;794962;0;0;0;0;794962;0;957985;1436208;0;0;2394193;3189155;1400;0;0;11536995;0;0;11538395;14727550;
3443;860054249;2019-12-31;2019;MILES;5786062;37578718;152489728;82218988;278073496;14723950;0;13559581;375254;0;28658785;306732281;126700000;63048691;2715935;1037842;11271840;0;204774308;0;14685192;99719;0;0;14784911;219559219;21781600;0;11755279;53636183;0;0;87173062;306732281;
3444;860054249;2019-12-31;2018;MILES;3592116;24684111;128955823;58086808;215318858;15110026;0;13663976;227964;0;29001966;244320824;87995406;62427382;1032235;981645;10003357;0;162440025;0;13905277;0;0;0;13905277;176345302;21781600;0;11755279;34438643;0;0;67975522;244320824;
3445;900311569;2019-12-31;2019;MILES;335515;1393995;4306999;2082669;8119178;3567475;0;0;2438894;0;6006369;14125547;336286;6072317;0;0;68695;246810;6724108;0;0;311368;4820328;0;5131696;11855804;1625000;0;0;644743;0;0;2269743;14125547;
3446;900311569;2019-12-31;2018;MILES;796876;955835;3945036;2633710;8331457;3581587;0;0;2643997;0;6225584;14557041;237271;7097907;0;0;76065;320735;7731978;0;0;672586;3916250;0;4588836;12320814;1625000;0;0;611227;0;0;2236227;14557041;
3447;900762556;2019-12-31;2019;MILES;204857;112020;2802856;0;3119733;55800079;0;0;1734224;0;57534303;60654036;0;1008028;0;0;207393;7691;1223112;20000000;9152381;379584;0;0;29531965;30755077;132500;0;804100;6483389;0;22478970;29898959;60654036;
3448;900762556;2019-12-31;2018;MILES;815110;0;1364107;0;2179217;36617689;0;0;1487149;0;38104838;40284055;0;3022222;0;0;290350;18648;3331220;0;6229694;379584;0;0;6609278;9940498;132500;0;804100;6927987;0;22478970;30343557;40284055;
3449;900430148;2019-12-31;2019;MILES;13424524;7135838;9424466;1486086;31470914;8876758;0;0;43996850;0;52873608;84344522;3711780;5081928;0;1591339;3192316;3603518;17180881;0;0;8653477;0;8509334;17162811;34343692;1912521;16473921;0;31614388;0;0;50000830;84344522;
3450;900430148;2019-12-31;2018;MILES;9218455;7194030;12058121;1970683;30441289;10306336;0;0;38847367;0;49153703;79594992;4092175;4908491;0;1879890;4339662;479086;15699304;0;0;8296304;0;8399337;16695641;32394945;632121;16473921;0;30094005;0;0;47200047;79594992;
3451;830132153;2019-12-31;2019;MILES;1839702;459626;12466204;0;14765532;0;9990893;0;-9654884;9990893;10326902;25092434;0;34721584;46508;23560;0;645557;35437209;0;0;0;0;0;0;35437209;2229516;26962063;0;-39536354;0;0;-10344775;25092434;
3452;830132153;2019-12-31;2018;MILES;2560;97505;13707856;232956;14040877;0;0;0;247582;0;247582;14288459;0;34038605;251826;10328;0;643917;34944676;0;0;163;0;0;163;34944839;2229516;26962063;0;-49847959;0;0;-20656380;14288459;
3453;900222252;2019-12-31;2019;MILES;12194;504545;46528320;0;47045059;5744;55160;0;2750584;55160;2866648;49911707;0;2161525;0;0;0;5750;2167275;0;0;0;0;0;0;2167275;17674;0;-572541;-38345714;0;86645013;47744432;49911707;
3454;900222252;2019-12-31;2018;MILES;103650;275926;305802;0;685378;6966;47293814;0;-44904464;47293814;49690130;50375508;0;2046772;0;0;565526;0;2612298;0;0;0;0;0;0;2612298;17674;0;-990348;-37909129;0;86645013;47763210;50375508;
3455;811002480;2019-12-31;2019;MILES;267100;4682674;34068239;7806598;46824611;27150273;67030;0;3793475;67030;31077808;77902419;20836344;11093628;0;0;2107228;0;34037200;14167874;0;3813167;0;0;17981041;52018241;573750;5052361;13480588;5610438;0;1167041;25884178;77902419;
3456;811002480;2019-12-31;2018;MILES;73131;4510188;19102200;11686837;35372356;17415717;73456;0;403765;73456;17966394;53338750;12853856;14209835;0;0;2173437;0;29237128;3654216;0;809637;0;0;4463853;33700981;573750;5052361;9025347;3819270;0;1167041;19637769;53338750;
3457;900260749;2019-12-31;2019;MILES;3403356;470822;13379127;0;17253305;6407741;0;0;544468;0;6952209;24205514;2907748;3833122;696400;0;2132200;0;9569470;0;0;32018;0;0;32018;9601488;90000;0;45000;14469026;0;0;14604026;24205514;
3458;900260749;2019-12-31;2018;MILES;2690301;156658;13773522;0;16620481;5970032;0;0;454068;0;6424100;23044581;2214546;9799719;545500;0;1569317;0;14129082;0;0;32018;0;0;32018;14161100;90000;0;45000;8748481;0;0;8883481;23044581;
3459;900407148;2019-12-31;2019;MILES;2513895;463526;2508840;13988695;19474956;72342200;0;0;40923010;0;113265210;132740166;13623203;13128919;760250;0;0;1410275;28922647;29936420;0;0;0;0;29936420;58859067;9982608;165271072;-18437;-101354144;0;0;73881099;132740166;
3460;900407148;2019-12-31;2018;MILES;1914482;1640631;3931611;16187392;23674116;29543748;0;0;41293752;0;70837500;94511616;54;15015721;1586190;0;0;1822057;18424022;0;0;0;0;0;0;18424022;9482608;160771072;179467;-94345553;0;0;76087594;94511616;
3461;900084871;2019-12-31;2019;MILES;37979800;2430891;15534033;0;55944724;0;0;0;19913985;0;19913985;75858709;0;2348677;0;0;4456776;92728;6898181;15117959;0;1452190;0;0;16570149;23468330;800000;0;14294431;35362635;0;1933313;52390379;75858709;
3462;900084871;2019-12-31;2018;MILES;1555868;1168834;15053443;0;17778145;16303;0;31520156;68952857;0;100489316;118267461;0;12517485;0;32899;181976;43420080;56152440;2997959;0;7476066;0;0;10474025;66626465;800000;0;27624707;21282976;0;1933313;51640996;118267461;
3463;900650395;2019-12-31;2019;MILES;3000;210044;1342289;4370180;5925513;33885130;115000;0;-32462;115000;34082668;40008181;0;4865461;52669;6254;0;0;4924384;0;0;0;0;0;0;4924384;7270561;28598243;0;-785007;0;0;35083797;40008181;
3464;900650395;2019-12-31;2018;MILES;0;0;842;0;842;19837640;120667;0;-120667;120667;19958307;19959149;0;20033792;0;0;1301;0;20035093;0;0;0;0;0;0;20035093;121000;0;0;-196944;0;0;-75944;19959149;
3465;900285758;2019-12-31;2019;MILES;634028;2213638;5963946;3730277;12541889;9736237;19575;0;3351258;19575;13126645;25668534;1500266;12658875;0;0;670727;0;14829868;5258692;0;1364420;0;0;6623112;21452980;500000;2750000;377562;-456431;0;1044423;4215554;25668534;
3466;900285758;2019-12-31;2018;MILES;175445;1387341;2322215;2712996;6597997;6355101;31023;0;3822886;31023;10240033;16838030;28564;13679465;0;0;211660;0;13919689;881377;0;471621;0;0;1352998;15272687;500000;2750000;377562;-3106642;0;1044423;1565343;16838030;
3467;830087251;2019-12-31;2019;MILES;0;2662;5624;0;8286;1928436;0;0;0;0;1928436;1936722;0;86447;0;0;1674;289;88410;0;0;186236;0;0;186236;274646;1354000;35200;944;271932;0;0;1662076;1936722;
3468;830087251;2019-12-31;2018;MILES;0;1143;0;0;1143;1974891;0;0;0;0;1974891;1976034;0;55070;0;0;0;300;55370;0;0;337990;0;0;337990;393360;1354000;35200;944;192530;0;0;1582674;1976034;
3469;830025149;2019-12-31;2019;MILES;9595140;4098977;390264243;103116108;507074468;68660746;0;0;16748200;0;85408946;592483414;3571164;174576514;6627955;7558514;5679071;1748367;199761585;122367279;0;0;0;0;122367279;322128864;11598996;184286434;2845562;71623558;0;0;270354550;592483414;
3470;830025149;2019-12-31;2018;MILES;29010948;784753;351068151;110135300;490999152;66953864;0;0;14011273;0;80965137;571964289;31175;133881791;4421817;3789173;8979802;1474113;152577871;155596703;0;0;0;0;155596703;308174574;11598996;184286434;2106731;65797554;0;0;263789715;571964289;
3471;900561151;2019-12-31;2019;MILES;2546216;1957011;10788176;2980318;18271721;3390331;0;0;1485024;0;4875355;23147076;14000000;4483697;434102;641921;691056;370500;20621276;0;0;13623;0;0;13623;20634899;67500;4702500;0;-2257823;0;0;2512177;23147076;
3472;900561151;2019-12-31;2018;MILES;2689665;1329792;16596834;4995130;25611421;2432404;0;0;1341863;0;3774267;29385688;2176000;21430181;485104;494803;328102;1168235;26082425;0;0;321192;0;0;321192;26403617;67500;4702500;0;-1787929;0;0;2982071;29385688;
3473;900037148;2019-12-31;2019;MILES;29108956;0;141031185;2990811;173130952;1825270;0;0;769722;0;2594992;175725944;0;1578695;0;0;1688493;145822314;149089502;0;0;0;0;0;0;149089502;6884500;0;4390565;15361377;0;0;26636442;175725944;
3474;900037148;2019-12-31;2018;MILES;33136796;0;148488116;2687062;184311974;2030103;0;0;0;0;2030103;186342077;0;3428130;0;0;2260565;161222365;166911060;0;0;1130165;0;0;1130165;168041225;6884500;0;3788894;7627458;0;0;18300852;186342077;
3475;900319750;2019-12-31;2019;MILES;541;0;0;48360866;48361407;0;0;0;0;0;0;48361407;0;5871;0;0;0;0;5871;0;0;0;0;0;0;5871;19427;0;0;98213;0;48237896;48355536;48361407;
3476;900319750;2019-12-31;2018;MILES;161;0;0;37866234;37866395;0;0;0;0;0;0;37866395;0;0;0;0;0;0;0;0;0;0;0;0;0;0;19427;0;0;122946;0;37724022;37866395;37866395;
3477;805014351;2019-12-31;2019;MILES;2848137;1809234;15976312;17875898;38509581;31889138;120654;0;8424386;120654;40554832;79064413;8718929;26787436;0;0;515224;2550776;38572365;16894429;0;967870;0;3167172;21029471;59601836;7466950;0;11177112;-7520771;0;8339286;19462577;79064413;
3478;805014351;2019-12-31;2018;MILES;542827;1519048;17318443;22764086;42144404;32532285;256514;0;7592460;256514;40637773;82782177;14408042;28663836;0;0;500661;1771699;45344238;8501190;0;1117966;0;1488443;11107599;56451837;7466950;0;8505680;2324419;0;8033291;26330340;82782177;
3479;900221267;2019-12-31;2019;MILES;92564;0;2693732;24775;2811071;1198960;0;0;11189;0;1210149;4021220;1333332;40583;0;82960;6120;26111;1489106;3992951;0;20144;0;71457;4084552;5573658;1000001;594428;161639;-3308506;0;0;-1552438;4021220;
3480;900221267;2019-12-31;2018;MILES;103152;0;6784465;5000;6892617;1213198;0;0;23897;0;1237095;8129712;1202332;13317;0;116469;36367;26179;1394664;5061621;0;20144;0;568807;5650572;7045236;1000001;594428;161639;-903690;0;232098;1084476;8129712;
3481;809009050;2019-12-31;2019;MILES;322139;1571979;12404742;10276801;24575661;67650368;19432281;0;-16949773;19432281;89565157;114140818;16144726;38158949;0;695252;2921523;1011998;58932448;17407394;15063419;875288;0;591503;33937604;92870052;3990000;0;2276944;15003822;0;0;21270766;114140818;
3482;809009050;2019-12-31;2018;MILES;401325;415996;6406651;7723248;14947220;65682524;13254663;0;-10941238;13254663;81250612;96197832;10273287;31526055;0;639788;2051859;0;44490989;19768237;15063419;749486;0;738738;36319880;80810869;3990000;0;2157253;9239710;0;0;15386963;96197832;
3483;890301753;2019-12-31;2019;MILES;16016553;1871234;17050604;55428992;90367383;39012415;401047;15623;10003368;401047;49833500;140200883;23970305;18863277;7605458;2205625;2514600;1135035;56294300;3084970;0;11083154;0;23414202;37582326;93876626;1806000;9789000;15582716;19146541;0;0;46324257;140200883;
3484;890301753;2019-12-31;2018;MILES;15860620;1246463;21535577;56391390;95034050;6268955;283081;10879;782002;283081;7627998;102662048;25144889;19994553;0;2183549;4170232;1386862;52880085;250000;0;1243659;0;0;1493659;54373744;1806000;9789000;19238716;17454588;0;0;48288304;102662048;
3485;860025565;2019-12-31;2019;MILES;1673456;979341;2049548;899711;5602056;27647013;0;0;7517494;0;35164507;40766563;311483;3476572;0;0;433832;1301252;5523139;182153;0;4300577;0;0;4482730;10005869;8171841;375188;187324;-5403169;0;27429510;30760694;40766563;
3486;860025565;2019-12-31;2018;MILES;211772;1183104;2251234;713540;4359650;28181061;0;0;9064340;0;37245401;41605051;241512;3543214;0;0;150889;1309365;5244980;392044;0;4802917;0;70157;5265118;10510098;8171841;375188;187324;-5473041;0;27833641;31094953;41605051;
3487;830058969;2019-12-31;2019;MILES;2391815;73690;7208717;4061791;13736013;4190124;0;7315550;1322;0;11506996;25243009;118863;673335;0;0;2094031;8098;2894327;0;0;1146189;0;0;1146189;4040516;186000;1381513;655827;16354380;0;2624773;21202493;25243009;
3488;830058969;2019-12-31;2018;MILES;4534384;69079;4688933;3585197;12877593;3897382;0;7315550;88077;0;11301009;24178602;38465;730594;0;0;2459362;12237;3240658;0;0;1011970;0;0;1011970;4252628;186000;1381513;655827;15496955;0;2205679;19925974;24178602;
3489;811018252;2019-12-31;2019;MILES;48059;2322720;21684055;8027229;32082063;57093698;0;42225735;5578073;0;104897506;136979569;0;15693386;0;637770;396653;0;16727809;0;0;2877302;0;188132;3065434;19793243;1504220;19132232;1872188;12762652;0;81915034;117186326;136979569;
3490;811018252;2019-12-31;2018;MILES;5995029;2494218;15937353;9617815;34044415;60514092;0;42225735;1426233;0;104166060;138210475;0;11820954;0;2756262;857085;847546;16281847;0;0;3312423;0;233142;3545565;19827412;1504220;19132232;1872188;14056858;0;81817565;118383063;138210475;
3491;900384749;2019-12-31;2019;MILES;1105649;13265374;205042;0;14576065;0;0;0;13;0;13;14576078;0;1807336;0;0;0;0;1807336;0;0;989505;0;0;989505;2796841;192662;1283959;2140484;8162132;0;0;11779237;14576078;
3492;900384749;2019-12-31;2018;MILES;0;13695914;136169;0;13832083;0;0;0;13;0;13;13832096;0;2020127;0;0;0;0;2020127;0;0;989505;0;0;989505;3009632;192662;1283959;2140484;7205359;0;0;10822464;13832096;
3493;860350170;2019-12-31;2019;MILES;485191;1410602;3363027;8793792;14052612;550802;0;0;1112392;0;1663194;15715806;5656137;2366412;0;365956;170349;111954;8670808;1399746;0;57576;0;0;1457322;10128130;701755;6733333;571949;-2419361;0;0;5587676;15715806;
3494;860350170;2019-12-31;2018;MILES;514482;1175496;3739708;7280874;12710560;450364;0;0;1024304;0;1474668;14185228;5905779;1672040;0;288222;111908;53174;8031123;1330311;0;22171;0;0;1352482;9383605;666667;6733333;571949;-3170326;0;0;4801623;14185228;
3495;900166687;2019-12-31;2019;MILES;5021633;0;109029375;0;114051008;665756087;11232358;0;2114166800;11232358;2802387603;2916438611;0;158320086;79937756;0;0;0;238257842;0;75555516;91187735;0;58285880;225029131;463286973;11238405;0;326676609;-189746336;0;2304982960;2453151638;2916438611;
3496;900166687;2019-12-31;2018;MILES;129207005;0;54013864;0;183220869;364922322;742887;0;1474808139;742887;1841216235;2024437104;0;150146933;3655969;0;0;0;153802902;0;72135586;51351305;0;36449193;159936084;313738986;11238405;0;-28020678;-123322803;0;1850803194;1710698118;2024437104;
3497;900281430;2019-12-31;2019;MILES;171871;0;4716530;111778;5000179;45208;399554;0;-103354;399554;740962;5741141;1279902;373808;0;246162;315235;1046715;3261822;705556;0;0;0;194536;900092;4161914;41987;2418652;0;-881412;0;0;1579227;5741141;
3498;900281430;2019-12-31;2018;MILES;107145;0;4308333;4604;4420082;189883;18561;0;117961;18561;344966;4765048;737170;460030;0;288969;58041;292043;1836253;266667;0;0;0;209475;476142;2312395;41987;2418652;0;-7986;0;0;2452653;4765048;
3499;830096048;2019-12-31;2019;MILES;6222;125129;9511;0;140862;132024;0;0;3140;0;135164;276026;0;187703;0;0;8589;11144;207436;0;0;41615;0;0;41615;249051;3600000;2957920;583497;-7114442;0;0;26975;276026;
3500;830096048;2019-12-31;2018;MILES;414634;90695;275980;369017;1150326;394867;0;0;3140;0;398007;1548333;57671;644972;20811;20521;109419;268200;1121594;0;0;0;0;0;0;1121594;3600000;2957920;583497;-6714678;0;0;426739;1548333;
3501;811021654;2019-12-31;2019;MILES;6728088;24976184;59747146;0;91451418;160946617;0;0;171774651;0;332721268;424172686;10328935;43729941;429995;5121133;12631445;17922010;90163459;159972646;0;0;0;101605595;261578241;351741700;43191217;117390800;14101041;-137265656;0;35013584;72430986;424172686;
3502;811021654;2019-12-31;2018;MILES;8038356;19780816;52040974;0;79860146;138431145;0;0;157038348;0;295469493;375329639;13152658;32065856;319062;3957972;9990244;26369850;85855642;138466667;0;1428348;0;77324325;217219340;303074982;0;0;0;0;0;72254657;72254657;375329639;
3503;901297266;2019-12-31;2019;MILES;5536405;40014;28402;0;5604821;1953804;0;0;30843;0;1984647;7589468;0;1015594;0;0;252;0;1015846;0;1144736;0;0;0;1144736;2160582;5500000;0;0;-71114;0;0;5428886;7589468;
3504;817004766;2019-12-31;2019;MILES;931871;59750;14341784;7341746;22675151;18979520;0;0;210235;0;19189755;41864906;12368526;2343326;0;519210;1074630;158235;16463927;4774626;0;1432364;0;0;6206990;22670917;4000000;0;3152374;9449139;0;2592476;19193989;41864906;
3505;817004766;2019-12-31;2018;MILES;737577;61917;12302215;6582668;19684377;19861003;0;0;373776;0;20234779;39919156;11109577;3124143;0;641086;980693;76773;15932272;5519117;0;1409222;0;0;6928339;22860611;4000000;0;3039748;7451008;0;2567789;17058545;39919156;
3506;900136900;2019-12-31;2019;MILES;1238050;1107525;3878868;3353549;9577992;7740500;0;0;28615;0;7769115;17347107;0;5072143;0;330822;131186;0;5534151;0;5193035;0;0;0;5193035;10727186;8977599;0;2163081;-6947530;0;2426771;6619921;17347107;
3507;900136900;2019-12-31;2018;MILES;1157118;1662559;3186201;2758983;8764861;4300573;0;0;771421;0;5071994;13836855;32808;4203116;0;402793;179117;0;4817834;0;0;0;0;0;0;4817834;8977599;0;2163081;-4340694;0;2219035;9019021;13836855;
3508;800000755;2019-12-31;2019;MILES;89536;5213378;12387741;198519;17889174;23682637;0;0;38928;0;23721565;41610739;0;1637400;0;0;0;0;1637400;6977350;3276701;0;0;0;10254051;11891451;1670000;0;3968146;9117319;0;14963823;29719288;41610739;
3509;800000755;2019-12-31;2018;MILES;255699;4672391;2817918;219017;7965025;28622107;0;0;32309;0;28654416;36619441;0;809605;0;234419;111665;57851;1213540;5818475;2128138;1023417;0;81972;9052002;10265542;1670000;0;3832969;7849022;0;13001908;26353899;36619441;
3510;900870841;2019-12-31;2019;MILES;327783;0;4328215;73896;4729894;0;0;0;1178290;0;1178290;5908184;0;26457;0;0;0;0;26457;0;378744;0;0;0;378744;405201;250000;0;0;5252983;0;0;5502983;5908184;
3511;900100549;2019-12-31;2019;MILES;5271660;1498644;2052715;0;8823019;1465099;765009;342460530;20655386;765009;366111033;374934052;6489716;575643;0;0;632129;0;7697488;16200000;0;0;0;0;16200000;23897488;84547892;238931032;5319852;22237788;0;0;351036564;374934052;
3512;900100549;2019-12-31;2018;MILES;10239090;3357382;299113;0;13895585;1480224;2539469;309612424;20621707;2539469;336793293;350688878;2130405;1297778;0;0;2039782;0;5467965;28275000;0;0;0;0;28275000;33742965;82264164;218377475;4361788;11942486;0;0;316945913;350688878;
3513;800180375;2019-12-31;2019;MILES;3576222;0;6065842;693856;10335920;1041090;15570069;0;-8594507;15570069;23586721;33922641;23287;6720276;0;980700;768787;1144823;9637873;566667;17341630;0;0;1659096;19567393;29205266;10000;0;491616;4215759;0;0;4717375;33922641;
3514;800180375;2019-12-31;2018;MILES;3890571;0;9030584;635864;13557019;1221805;12258170;44349;-4657914;12258170;21124580;34681599;97229;8273517;0;971591;748485;2537654;12628476;966667;15600476;0;0;3069022;19636165;32264641;10000;0;491616;1915342;0;0;2416958;34681599;
3515;900615557;2019-12-31;2019;MILES;1447392;361683;8812421;29057769;39679265;8688976;0;0;286416;0;8975392;48654657;6984399;34288095;0;41550;395281;379667;42088992;2098650;0;602980;0;0;2701630;44790622;1000000;0;51917;2812118;0;0;3864035;48654657;
3516;900615557;2019-12-31;2018;MILES;1438471;1418184;8718565;14049480;25624700;4486525;0;0;39103;0;4525628;30150328;4847970;21770891;0;30530;1095672;0;27745063;887976;0;140262;0;0;1028238;28773301;1000000;0;51917;325110;0;0;1377027;30150328;
3517;900216859;2019-12-31;2019;MILES;150667;309934;179050;596708;1236359;382929;0;23323774;1973833;0;25680536;26916895;4103683;708515;0;0;0;0;4812198;6156308;0;0;0;0;6156308;10968506;5460000;19011230;4473319;-16345727;0;3349567;15948389;26916895;
3518;900216859;2019-12-31;2018;MILES;219962;411419;2870613;1163841;4665835;218534;0;25038479;1872732;0;27129745;31795580;4845963;791490;0;40765;358875;0;6037093;2933382;0;0;0;115000;3048382;9085475;5460000;19011230;4473319;-12774998;0;6540554;22710105;31795580;
3519;830115253;2019-12-31;2019;MILES;114755;454482;461231;2095145;3125613;9245;758;0;1647992;758;1658753;4784366;247264;2387449;0;58799;97109;1040;2791661;634064;0;0;0;0;634064;3425725;59999;0;30000;1268642;0;0;1358641;4784366;
3520;830115253;2019-12-31;2018;MILES;179962;421508;454438;2153072;3208980;29285;37707;0;741529;37707;846228;4055208;0;2383130;0;84773;95459;2503;2565865;0;0;0;0;0;0;2565865;59999;0;30000;1399344;0;0;1489343;4055208;
3521;900336249;2019-12-31;2019;MILES;8;1011;6129;0;7148;0;0;35548;0;0;35548;42696;0;2;0;0;0;67;69;0;5469;1409;0;0;6878;6947;14500;0;5750;2195;0;13304;35749;42696;
3522;900336249;2019-12-31;2018;MILES;1;1053;6972;0;8026;0;5;33975;-5;5;33980;42006;1164;6;0;0;0;396;1566;0;5359;1527;0;0;6886;8452;14500;0;3258;2492;0;13304;33554;42006;
3523;830514853;2019-12-31;2019;MILES;774;100210;195293;0;296277;0;0;0;21789428;0;21789428;22085705;0;3318990;0;0;32628;0;3351618;0;0;0;0;0;0;3351618;7826763;22611993;15536;-11720205;0;0;18734087;22085705;
3524;830514853;2019-12-31;2018;MILES;5059;60796;812933;0;878788;0;0;0;23880084;0;23880084;24758872;0;3788266;0;0;84466;0;3872732;0;0;0;0;0;0;3872732;7826763;22611993;15536;-9568152;0;0;20886140;24758872;
3525;900127350;2019-12-31;2019;MILES;47318;44042;4157637;4459;4253456;3614707;1619732;0;-976432;1619732;5877739;10131195;54187;1488853;0;1376447;254325;89530;3263342;1439432;300684;382340;0;851210;2973666;6237008;500000;0;116820;3277367;0;0;3894187;10131195;
3526;900127350;2019-12-31;2018;MILES;140388;19805;3491594;23905;3675692;2350258;1632362;0;-1051414;1632362;4563568;8239260;172688;1364564;0;1182844;222448;614352;3556896;893194;309600;394784;0;358000;1955578;5512474;500000;0;116820;2109966;0;0;2726786;8239260;
3527;901238752;2019-12-31;2019;MILES;704204;31183;3158279;0;3893666;0;0;80499638;0;0;80499638;84393304;0;0;0;0;0;0;0;0;0;0;0;0;0;0;1000000;0;32882180;50398007;0;113117;84393304;84393304;
3528;901238752;2019-12-31;2018;MILES;0;0;0;0;0;0;0;80499638;0;0;80499638;80499638;0;0;0;0;0;0;0;0;0;0;0;0;0;0;1000000;0;32882180;46504341;0;113117;80499638;80499638;
3529;900441048;2019-12-31;2019;MILES;1173633;8299090;8407745;19834312;37714780;46253112;0;0;9776248;0;56029360;93744140;3401504;28875798;0;3394139;0;0;35671441;2079157;0;2843003;0;0;4922160;40593601;12116382;16988601;1604740;22440816;0;0;53150539;93744140;
3530;900441048;2019-12-31;2018;MILES;8531712;6567527;8028323;7578068;30705630;41064000;0;0;682880;0;41746880;72452510;4362781;7060722;0;2716187;0;1397749;15537439;135701;0;3331556;0;0;3467257;19004696;11939250;16280069;1177149;24051346;0;0;53447814;72452510;
3531;900307948;2019-12-31;2019;MILES;1175;0;175816;0;176991;7215;0;0;24322464;0;24329679;24506670;0;62613;41918;1452;0;0;105983;0;0;0;0;760438;760438;866421;42000;0;0;-69195615;0;92793864;23640249;24506670;
3532;900307948;2019-12-31;2018;MILES;567;0;168971;0;169538;18170;0;0;25513137;0;25531307;25700845;0;365932;42630;0;18684;0;427246;0;0;0;0;719941;719941;1147187;42000;0;0;-67000754;0;91512412;24553658;25700845;
3533;899999049;2019-12-31;2019;MILES;896468;27460098;107400726;0;135757292;18348693;0;1875676;33252709;0;53477078;189234370;5936792;15866462;0;1515790;13610801;9958723;46888568;37901108;31038900;1577753;0;3997191;74514952;121403520;16372783;0;1285780;-19626912;0;69799199;67830850;189234370;
3534;899999049;2019-12-31;2018;MILES;750721;26232466;97665801;0;124648988;19507098;0;1875676;6354016;0;27736790;152385778;5067479;37166154;0;1314089;11839898;9958723;65346343;11230851;0;130867;0;3997190;15358908;80705251;16372783;0;1285780;-15777235;0;69799199;71680527;152385778;
3535;830120369;2019-12-31;2019;MILES;983976;2041329;14594949;4500804;22121058;6797304;30374840;0;-30081351;30374840;37465633;59586691;4594250;20586529;259160;687326;192691;3626213;29946169;0;20037717;0;9292945;0;29330662;59276831;398736;14222469;30000;-16369583;0;2028238;309860;59586691;
3536;830120369;2019-12-31;2018;MILES;130205;2082029;11190888;3850523;17253645;5398636;23333693;0;-22991462;23333693;29074560;46328205;4500606;14675509;506317;571400;297100;2277429;22828361;0;14008864;0;7142691;0;21151555;43979916;398736;14222469;30000;-12806741;0;503825;2348289;46328205;
3537;805012368;2019-12-31;2019;MILES;2116274;234050;9623506;29340821;41314651;6781915;0;2816785;8640427;0;18239127;59553778;18164382;7118630;0;399723;1908947;3126994;30718676;1217244;0;506449;0;8336572;10060265;40778941;2600000;1000000;1300000;11708769;0;2166068;18774837;59553778;
3538;805012368;2019-12-31;2018;MILES;2395270;327899;9021534;22233527;33978230;6325132;0;2816785;726905;0;9868822;43847052;16843093;5176754;0;392183;1882604;0;24294634;1739188;0;341040;0;2800855;4881083;29175717;2600000;1000000;1300000;8130597;0;1640738;14671335;43847052;
3539;900319753;2019-12-31;2019;MILES;148419546;13364698;3647114;138387190;303818548;454154633;0;0;56059169;0;510213802;814032350;2585313;146539712;0;0;7271205;13034628;169430858;12572087;198042467;0;0;0;210614554;380045412;355804480;89596211;-1761990;-9651763;0;0;433986938;814032350;
3540;900319753;2019-12-31;2018;MILES;76902445;44635384;2714250;129209182;253461261;333031560;0;0;940376;0;333971936;587433197;29249283;118974611;0;0;6624555;10477959;165326408;7886568;0;0;0;0;7886568;173212976;355804480;89596211;-23475;-31156995;0;0;414220221;587433197;
3541;800029569;2019-12-31;2019;MILES;437051;1217698;9932784;21585922;33173455;640069;0;4026363;468956;0;5135388;38308843;18856571;2189069;0;461582;721912;0;22229134;1232163;0;207161;0;0;1439324;23668458;8661229;1683007;2111803;2184346;0;0;14640385;38308843;
3542;800029569;2019-12-31;2018;MILES;557710;1000881;8270017;19455151;29283759;1190655;0;4026363;744138;0;5961156;35244915;14837711;1830597;0;933865;766606;0;18368779;1725020;0;256248;0;0;1981268;20350047;8661229;1683007;2111803;2438829;0;0;14894868;35244915;
3543;900350152;2019-12-31;2019;MILES;3422;253969;32140;0;289531;0;0;0;0;0;0;289531;0;3559495;0;0;281359;0;3840854;0;0;0;0;0;0;3840854;489320;0;0;-4040643;0;0;-3551323;289531;
3544;900350152;2019-12-31;2018;MILES;369921;469074;292456;3292833;4424284;770150;0;0;561337;0;1331487;5755771;1036931;10411133;0;90950;72526;58911;11670451;2385263;0;17010;0;0;2402273;14072724;489320;0;0;-8806273;0;0;-8316953;5755771;
3545;900506565;2019-12-31;2019;MILES;189623;7043223;49015484;0;56248330;164088;0;0;15236693;0;15400781;71649111;0;60812006;0;294073;66119;0;61172198;0;0;0;0;588683;588683;61760881;5000;0;2500;-53729626;0;63610356;9888230;71649111;
3546;900506565;2019-12-31;2018;MILES;464849;8068599;79219435;315808;88068691;588242;0;0;1473667;0;2061909;90130600;22520351;83764055;3627066;371357;2522722;0;112805551;0;0;0;0;1214407;1214407;114019958;5000;0;2500;-53601414;0;29704556;-23889358;90130600;
3547;901070674;2019-12-31;2019;MILES;2150037;0;4554688;1525798;8230523;4715;0;0;0;0;4715;8235238;0;6591651;0;52620;388086;0;7032357;0;0;0;0;0;0;7032357;90330;0;0;1112551;0;0;1202881;8235238;
3548;901070674;2019-12-31;2018;MILES;407277;0;5595345;1509993;7512615;7091;0;0;0;0;7091;7519706;0;6738637;0;40224;25919;86;6804866;0;0;0;0;0;0;6804866;90330;0;0;624510;0;0;714840;7519706;
3549;830141248;2019-12-31;2019;MILES;192336;311044;532624;4466645;5502649;19794061;574780;19073982;-522234;574780;39495369;44998018;133207;1924934;105055;0;108528;132667;2404391;1379452;553166;3882461;0;122841;5937920;8342311;16996410;0;55267;6017649;0;13586381;36655707;44998018;
3550;830141248;2019-12-31;2018;MILES;421773;117474;909007;5006477;6454731;19738066;279400;18361538;-237680;279400;38420724;44875455;445518;3826287;43543;0;68276;153941;4537565;1305313;575261;3732566;0;125275;5738415;10275980;15232873;0;49048;5961673;0;13355881;34599475;44875455;
3551;830045752;2019-12-31;2019;MILES;3897507;1778729;11463184;33334625;50474045;10215481;0;0;4484297;0;14699778;65173823;1909863;46457734;89599;987003;3110491;2074794;54629484;0;71814;0;0;2253544;2325358;56954842;4775015;0;1078029;2365937;0;0;8218981;65173823;
3552;830045752;2019-12-31;2018;MILES;1775572;2418370;4010893;21958134;30162969;5993796;0;0;355198;0;6348994;36511963;730000;26540389;87327;1003179;2012681;382388;30755964;0;115328;10544;0;0;125872;30881836;4775015;0;242900;612212;0;0;5630127;36511963;
3553;860044349;2019-12-31;2019;MILES;707578;2609797;20437638;18656673;42411686;10740375;0;306600;1126222;0;12173197;54584883;4365741;9909257;0;0;2382712;1053032;17710742;0;0;1301069;0;284371;1585440;19296182;7000000;0;13541750;7747615;0;6999336;35288701;54584883;
3554;860044349;2019-12-31;2018;MILES;921002;1220360;17417081;20775220;40333663;10956779;0;306600;607564;0;11870943;52204606;2500000;13843264;0;0;986272;976554;18306090;0;0;855725;0;303969;1159694;19465784;7000000;0;13487419;5252067;0;6999336;32738822;52204606;
3555;901063358;2019-12-31;2019;MILES;958432;500997;1726584;0;3186013;1251460;0;0;11356108;0;12607568;15793581;88097;1081257;0;1007367;0;148534;2325255;416990;0;0;0;0;416990;2742245;14279123;0;0;-1227787;0;0;13051336;15793581;
3556;901063358;2019-12-31;2018;MILES;195157;1140571;1991348;0;3327076;1552159;0;0;10853842;0;12406001;15733077;61541;1335489;0;830212;0;94609;2321851;162172;0;0;0;0;162172;2484023;14279123;0;0;-1030069;0;0;13249054;15733077;
3557;900470058;2019-12-31;2019;MILES;98891;377795;104127;0;580813;12279621;419256;0;-367408;419256;12750725;13331538;30622;48606;0;15605;229119;0;323952;42895;733108;0;0;0;776003;1099955;2722320;8344179;68110;1096974;0;0;12231583;13331538;
3558;900470058;2019-12-31;2018;MILES;806057;0;65979;0;872036;12894095;0;0;15283;0;12909378;13781414;0;29887;0;231;109804;0;139922;0;1605038;0;0;0;1605038;1744960;2722320;8344179;0;969955;0;0;12036454;13781414;
3559;900889452;2019-12-31;2019;MILES;293619;520780;172769;1157460;2144628;10274052;0;0;0;0;10274052;12418680;0;2629416;0;57523;418186;190358;3295483;0;0;0;0;0;0;3295483;14229;8173812;187446;233143;0;514567;9123197;12418680;
3560;900889452;2019-12-31;2018;MILES;134191;321216;549811;1263538;2268756;9618826;0;0;0;0;9618826;11887582;250754;2083331;0;47925;406580;208938;2997528;0;0;0;0;0;0;2997528;14229;8173812;0;187446;0;514567;8890054;11887582;
3561;860512748;2019-12-31;2019;MILES;9018;499413;619774;42583;1170788;4636717;0;0;4149281;0;8785998;9956786;394189;185804;0;34203;175100;136711;926007;0;0;0;0;0;0;926007;598890;0;494475;6337194;0;1600220;9030779;9956786;
3562;860512748;2019-12-31;2018;MILES;34973;982244;1294012;266863;2578092;4123369;0;0;2866798;0;6990167;9568259;20416;160723;0;33508;245936;128159;588742;0;0;0;0;0;0;588742;598890;0;494475;6285932;0;1600220;8979517;9568259;
3563;900601152;2019-12-31;2019;MILES;2516;707056;676906;2991281;4377759;0;0;0;0;0;0;4377759;60708;1539313;0;70967;75859;2107816;3854663;0;0;0;0;0;0;3854663;550000;0;22225;-49129;0;0;523096;4377759;
3564;900601152;2019-12-31;2018;MILES;735738;521884;107226;2204598;3569446;0;0;0;0;0;0;3569446;160996;1284757;0;64007;45102;1562966;3117828;0;0;0;0;0;0;3117828;550000;0;16950;-115332;0;0;451618;3569446;
3565;890301690;2019-12-31;2019;MILES;48569525;5902712;174547134;91372994;320392365;244780337;631226;0;177438;631226;246220227;566612592;254082;153569456;7751243;7335400;17478714;0;186388895;0;0;25884750;0;5977802;31862552;218251447;20967572;0;28622520;298771053;0;0;348361145;566612592;
3566;890301690;2019-12-31;2018;MILES;29470678;390390;167001447;84351464;281213979;241957150;912851;0;19889;912851;243802741;525016720;71064;131341578;2408579;10330459;17532450;0;161684130;0;0;30411746;0;2645205;33056951;194741081;20967572;0;28932154;280375913;0;0;330275639;525016720;
3567;900510848;2019-12-31;2019;MILES;1291784;185187;8164905;7638194;17280070;2300778;5474017;0;-5117374;5474017;8131438;25411508;0;11304897;254049;44084;663624;0;12266654;1375000;9848207;0;0;0;11223207;23489861;335434;1287046;0;299167;0;0;1921647;25411508;
3568;900510848;2019-12-31;2018;MILES;454123;607576;7872034;9635907;18569640;2979142;369685;0;-41380;369685;3677132;22246772;63852;10932599;40000;50302;332364;0;11419117;2335000;7736733;315160;0;0;10386893;21806010;335434;1287046;0;-1181718;0;0;440762;22246772;
3569;900501552;2019-12-31;2019;MILES;1505558;2274858;4976546;3902898;12659860;20489706;0;0;3799233;0;24288939;36948799;9241;4822705;0;370900;4407283;2395288;12005417;14422883;0;3068916;0;0;17491799;29497216;8426868;0;0;-2856990;0;1881705;7451583;36948799;
3570;900501552;2019-12-31;2018;MILES;126736;1596430;2976070;1986393;6685629;19413757;0;0;878863;0;20292620;26978249;186163;4460589;0;420711;3978388;1172202;10218053;12097000;0;0;0;972655;13069655;23287708;8770054;6115095;0;-11194608;0;0;3690541;26978249;
3571;832010320;2019-12-31;2019;MILES;28228;508170;969352;173728;1679478;1628416;0;0;0;0;1628416;3307894;962932;1544434;0;340831;26274;8939;2883410;0;0;76988;0;0;76988;2960398;300000;0;31803;15693;0;0;347496;3307894;
3572;832010320;2019-12-31;2018;MILES;101466;276246;944049;105659;1427420;1460380;0;0;0;0;1460380;2887800;653883;1432540;25000;294820;0;43;2406286;0;0;116988;0;0;116988;2523274;300000;0;28634;35892;0;0;364526;2887800;
3573;830029757;2019-12-31;2019;MILES;681360;0;9217932;14408342;24307634;3545771;1067703;2009484;-884898;1067703;6805763;31113397;2739407;13271835;0;0;871380;0;16882622;2335858;0;203712;0;0;2539570;19422192;3000000;0;326863;8364342;0;0;11691205;31113397;
3574;830029757;2019-12-31;2018;MILES;730073;0;8031965;10935520;19697558;3672348;0;2009484;187443;0;5869275;25566833;2395758;12714712;0;0;693268;0;15803738;2517210;0;180695;0;0;2697905;18501643;3000000;0;294678;3770512;0;0;7065190;25566833;
3575;800095750;2019-12-31;2019;MILES;969800;0;5114707;1193802;7278309;1898504;0;0;2100910;0;3999414;11277723;0;1004643;0;0;333131;184898;1522672;0;785105;227771;0;4389315;5402191;6924863;710000;1698000;240013;352203;0;1352644;4352860;11277723;
3576;800095750;2019-12-31;2018;MILES;2969782;0;8739717;2564202;14273701;1920578;0;0;3139239;0;5059817;19333518;0;1386000;0;0;325534;207859;1919393;0;1739318;371173;0;10939155;13049646;14969039;710000;1698000;239061;0;0;1717418;4364479;19333518;
3577;900244460;2019-12-31;2019;MILES;4476665;50737017;10326942;0;65540624;1043687;0;0;1536;0;1045223;66585847;26513750;496585;0;0;287597;0;27297932;0;0;70390;0;0;70390;27368322;12913600;2676220;1851990;21775715;0;0;39217525;66585847;
3578;900244460;2019-12-31;2018;MILES;1639168;45631969;8416515;0;55687652;1154970;0;0;46244;0;1201214;56888866;30703395;226378;0;0;158647;0;31088420;0;0;893;0;0;893;31089313;12913600;2676220;1851990;8357743;0;0;25799553;56888866;
3579;860006965;2019-12-31;2019;MILES;6824014;317739;16502106;10067676;33711535;46324411;0;0;1844727;0;48169138;81880673;4467805;13905107;276371;0;0;0;18649283;27039624;0;265591;0;0;27305215;45954498;20516172;4034469;4690362;6685172;0;0;35926175;81880673;
3580;860006965;2019-12-31;2018;MILES;4654886;194138;20131622;11564541;36545187;47280008;0;0;1939298;0;49219306;85764493;5693709;12086208;110297;0;0;0;17890214;29863386;0;284565;0;0;30147951;48038165;25635721;4034469;4005410;4050728;0;0;37726328;85764493;
3581;900138370;2019-12-31;2019;MILES;12503;2015690;2053345;731819;4813357;44898594;0;5282957;0;0;50181551;54994908;0;7602496;0;0;0;0;7602496;25274534;0;211091;0;85630;25571255;33173751;6992000;9309875;7153730;-1634448;0;0;21821157;54994908;
3582;900138370;2019-12-31;2018;MILES;204275;1531738;5636141;730713;8102867;21345300;0;5937149;0;0;27282449;35385316;0;8967986;0;0;0;0;8967986;0;0;251893;0;767180;1019073;9987059;6992000;9309875;4262235;4834147;0;0;25398257;35385316;
3583;900670754;2019-12-31;2019;MILES;3531;1190717;1437219;0;2631467;0;0;0;55054;0;55054;2686521;1757517;383436;0;390382;106321;4859;2642515;0;0;0;0;0;0;2642515;3000;0;45539;-4533;0;0;44006;2686521;
3584;900670754;2019-12-31;2018;MILES;30699;928536;447263;0;1406498;0;0;0;31765;0;31765;1438263;864858;143166;0;330562;74176;0;1412762;0;0;0;0;0;0;1412762;3000;0;31921;-9420;0;0;25501;1438263;
3585;900106873;2019-12-31;2019;MILES;109425;4944323;23050664;27049665;55154077;6655333;0;0;192222;0;6847555;62001632;25883488;12868921;0;328395;448436;1553371;41082611;1130717;0;375413;0;0;1506130;42588741;1100000;19962792;5594031;-7243932;0;0;19412891;62001632;
3586;900106873;2019-12-31;2018;MILES;416010;4305213;30421232;22166654;57309109;7531074;0;0;280704;0;7811778;65120887;27563036;17550573;0;356726;936124;1114184;47520643;1330042;0;443072;0;0;1773114;49293757;1000000;10559086;5594031;-1325987;0;0;15827130;65120887;
3587;890939454;2019-12-31;2019;MILES;5524561;45905;4329521;26768576;36668563;790815;0;0;9180628;0;9971443;46640006;430951;1610607;0;134946;234458;128897;2539859;11946234;0;40880;0;17154159;29141273;31681132;2500000;0;172259;4144338;0;8142277;14958874;46640006;
3588;890939454;2019-12-31;2018;MILES;1848506;85301;209111;29103188;31246106;2895942;0;0;8627270;0;11523212;42769318;504664;5713306;0;164085;33094;78486;6493635;6669325;0;41594;0;15281489;21992408;28486043;2500000;0;121027;3519971;0;8142277;14283275;42769318;
3589;800156354;2019-12-31;2019;MILES;4197441;14446385;50264875;12766027;81674728;47694537;0;0;7932495;0;55627032;137301760;0;19284721;0;8741;6878337;2494090;28665889;0;0;2556656;0;4379193;6935849;35601738;31847;0;15924;6330359;0;95321892;101700022;137301760;
3590;800156354;2019-12-31;2018;MILES;2136527;10465866;60307586;21612244;94522223;46049786;0;0;914420;0;46964206;141486429;0;36909319;0;10459;6788041;1701112;45408931;0;0;3023915;0;34902;3058817;48467748;31847;0;15924;-1897863;0;94868773;93018681;141486429;
3591;900021259;2019-12-31;2019;MILES;1594986;454400;5889489;528677;8467552;7754638;0;0;0;0;7754638;16222190;2266908;2290564;0;0;0;0;4557472;5441034;0;0;0;0;5441034;9998506;2300000;0;210103;2568636;0;1144945;6223684;16222190;
3592;900021259;2019-12-31;2018;MILES;471597;444372;5351524;366224;6633717;6317052;0;0;0;0;6317052;12950769;2423248;1737690;0;0;0;0;4160938;2961747;0;0;0;0;2961747;7122685;2300000;0;210103;2173036;0;1144945;5828084;12950769;
3593;900477156;2019-12-31;2019;MILES;652965;1624352;46095790;2924354;51297461;976748;1915402;0;-1868000;1915402;2939552;54237013;5267394;38296849;102415;0;0;0;43666658;0;0;14714;0;0;14714;43681372;459220;4131270;0;5965151;0;0;10555641;54237013;
3594;900477156;2019-12-31;2018;MILES;3870605;3866484;30289044;1798630;39824763;983671;560828;0;1596146;560828;3701473;43526236;5283348;36935830;103300;0;23745;0;42346223;0;0;363823;0;0;363823;42710046;459220;4131270;0;-3774300;0;0;816190;43526236;
3595;800161555;2019-12-31;2019;MILES;19550534;287002;3023460;4492672;27353668;14243881;0;0;323692;0;14567573;41921241;861308;2667794;0;0;413869;412189;4355160;0;18427598;1056170;0;0;19483768;23838928;2409600;0;1617724;14054989;0;0;18082313;41921241;
3596;800161555;2019-12-31;2018;MILES;12776362;206647;2241327;5416335;20640671;5697954;0;0;279010;0;5976964;26617635;1864117;1343880;0;0;210365;360377;3778739;0;6584556;1116967;0;0;7701523;11480262;2409600;0;1617724;11110049;0;0;15137373;26617635;
3597;800244560;2019-12-31;2019;MILES;418216;11168;9028523;7837776;17295683;11618602;0;0;287971;0;11906573;29202256;3514308;6811488;0;482605;1072922;82860;11964183;2303190;0;1987256;0;596676;4887122;16851305;1000000;357873;1853275;9139803;0;0;12350951;29202256;
3598;800244560;2019-12-31;2018;MILES;589498;11168;7065521;7179688;14845875;11476381;0;0;112486;0;11588867;26434742;1930076;5779472;0;414587;387997;138945;8651077;3386600;0;1973480;0;531600;5891680;14542757;1000000;357873;1829137;8704975;0;0;11891985;26434742;
3599;824004657;2019-12-31;2019;MILES;628692;0;4871226;780961;6280879;57375795;0;1605000;3133835;0;62114630;68395509;787689;10207180;0;230219;4356972;646428;16228488;16009942;280000;4193402;0;0;20483344;36711832;15618082;0;91313;-20764409;0;36738691;31683677;68395509;
3600;824004657;2019-12-31;2018;MILES;165664;0;4719104;4552916;9437684;29389264;0;1380000;3484808;0;34254072;43691756;1099990;11314784;0;235259;2176496;268236;15094765;16409377;420000;1246516;0;0;18075893;33170658;12099703;0;91313;-12879162;0;11209244;10521098;43691756;
3601;901071466;2019-12-31;2019;MILES;250293;124916;2758622;160320837;163454668;447299;0;0;287277;0;734576;164189244;0;81615310;0;0;0;0;81615310;0;77546250;0;0;0;77546250;159161560;6912173;0;80970;-1965459;0;0;5027684;164189244;
3602;901071466;2019-12-31;2018;MILES;522784;3783;39042203;137567566;177136336;496894;0;12705099;175498;0;13377491;190513827;0;5645684;0;0;320746;176372108;182338538;0;270273;0;0;0;270273;182608811;6912173;0;0;992843;0;0;7905016;190513827;
3603;830055659;2019-12-31;2019;MILES;18213484;5007776;57011364;29828368;110060992;9908612;0;0;0;0;9908612;119969604;24079860;53599752;0;765501;0;4941309;83386422;3112176;0;303846;0;913084;4329106;87715528;7000000;14536023;83710;9812665;0;821678;32254076;119969604;
3604;830055659;2019-12-31;2018;MILES;9355408;3721632;64713726;40423883;118214649;3681194;0;0;0;0;3681194;121895843;21309637;68320026;0;730858;0;3677200;94037721;0;0;458429;0;0;458429;94496150;7000000;14536023;83710;4958282;0;821678;27399693;121895843;
3605;891400754;2019-12-31;2019;MILES;9077699;9785318;31334948;16451378;66649343;70258110;0;2093607;350767;0;72702484;139351827;24089598;16156836;0;0;1220226;1059702;42526362;33857980;0;6334570;0;1373524;41566074;84092436;13758000;0;4427107;37074284;0;0;55259391;139351827;
3606;891400754;2019-12-31;2018;MILES;8451338;6491464;30785464;14606565;60334831;65002786;0;1908976;315521;0;67227283;127562114;14622108;17175768;0;0;1079590;1575712;34453178;37573851;0;6039861;0;2069942;45683654;80136832;13758000;0;4114522;29552760;0;0;47425282;127562114;
3607;800137370;2019-12-31;2019;MILES;6499861;2500;6181431;4607174;17290966;11002260;0;0;324505;0;11326765;28617731;0;1540049;215862;118500;3051501;0;4925912;0;0;2279428;0;0;2279428;7205340;10416297;0;632615;10363479;0;0;21412391;28617731;
3608;800137370;2019-12-31;2018;MILES;6510678;913413;5469361;6615237;19508689;11156273;56574;0;311134;56574;11580555;31089244;0;1546256;608596;126000;4223611;0;6504463;0;0;2857759;0;0;2857759;9362222;10416297;0;632615;10678110;0;0;21727022;31089244;
3609;890300794;2019-12-31;2019;MILES;5489804;1586959;31538811;26411459;65027033;113378697;0;6414828;8202722;0;127996247;193023280;1778340;27398845;0;1338125;4854071;2694755;38064136;4162883;0;18187576;46063718;0;68414177;106478313;7000000;0;6624439;25988416;0;46932112;86544967;193023280;
3610;890300794;2019-12-31;2018;MILES;4620318;3171146;33548692;25772861;67113017;119525486;0;6414828;3413310;0;129353624;196466641;10853384;34064917;0;1432374;2998858;4920950;54270483;0;0;17069803;48702465;0;65772268;120042751;7000000;0;4012856;18478922;0;46932112;76423890;196466641;
3611;890311875;2019-12-31;2019;MILES;3514533;12018321;135708279;60365888;211607021;47048726;10191591;0;10764219;10191591;78196127;289803148;101198247;125514591;2059624;0;425249;0;229197711;4377273;0;0;0;0;4377273;233574984;38354459;23393817;16433405;-21953517;0;0;56228164;289803148;
3612;890311875;2019-12-31;2018;MILES;3592199;5951060;91619881;49497517;150660657;26979549;11025512;0;-9971480;11025512;39059093;189719750;66520859;76053160;1247703;0;3861834;0;147683556;313915;0;0;0;0;313915;147997471;31592310;27155967;16215863;-33241861;0;0;41722279;189719750;
3613;802001159;2019-12-31;2019;MILES;275348;242187;28317430;0;28834965;180093194;0;829681;92702;0;181015577;209850542;13226163;1029127;0;18718;10055922;311936;24641866;54435326;76942700;0;0;0;131378026;156019892;1502500;2279500;5355;50043295;0;0;53830650;209850542;
3614;802001159;2019-12-31;2018;MILES;726052;62289;19123786;0;19912127;328253979;0;5561702;3120240;0;336935921;356848048;12861559;1396094;0;16991;4869325;2153792;21297761;59991955;78061214;0;0;0;138053169;159350930;1502500;2279500;5355;193709763;0;0;197497118;356848048;
3615;900389161;2019-12-31;2019;MILES;159053;2263711;3293249;0;5716013;11364913;0;0;2459234;0;13824147;19540160;0;1369335;542490;353866;461969;573060;3300720;0;0;0;0;1492893;1492893;4793613;23770712;45448779;55247;-54528191;0;0;14746547;19540160;
3616;900389161;2019-12-31;2018;MILES;574584;2068730;5648058;0;8291372;9181911;0;0;443714;0;9625625;17916997;0;1844868;502306;364598;690521;65390;3467683;0;0;0;0;0;0;3467683;23770712;45448779;55247;-54825424;0;0;14449314;17916997;
3617;901167377;2019-12-31;2019;MILES;152865;2000;71668953;17257339;89081157;388577;0;0;7151484;0;7540061;96621218;1814820;22137847;0;481560;3506218;3947876;31888321;4848604;0;0;0;0;4848604;36736925;100000;0;22867184;36917109;0;0;59884293;96621218;
3618;901167377;2019-12-31;2018;MILES;65055;7254;27006025;15792895;42871229;278299;0;0;0;0;278299;43149528;0;14762187;0;342953;4209971;849844;20164955;0;0;17389;0;0;17389;20182344;100000;0;0;22867184;0;0;22967184;43149528;
3619;819003158;2019-12-31;2019;MILES;37412;189;970344;0;1007945;12479166;158804;0;-111571;158804;12685203;13693148;0;115490;0;4570;133373;0;253433;0;1773771;1144304;0;11487;2929562;3182995;509000;0;10203926;-428686;0;225913;10510153;13693148;
3620;819003158;2019-12-31;2018;MILES;70645;0;832274;0;902919;12566735;164719;0;-117486;164719;12778687;13681606;0;119066;0;3253;250220;0;372539;0;1481976;1144304;0;1329;2627609;3000148;509000;0;10203926;-257381;0;225913;10681458;13681606;
3621;800108054;2019-12-31;2019;MILES;2586978;9355259;23707775;25775576;61425588;17999292;0;2427474;36857;0;20463623;81889211;0;12578881;0;519304;141119;0;13239304;0;0;28929;0;327157;356086;13595390;4510000;43313692;735720;7134676;0;12599733;68293821;81889211;
3622;800108054;2019-12-31;2018;MILES;529388;6728309;13129206;22784734;43171637;8827781;0;2462235;329;0;11290345;54461982;0;20920090;0;483837;336155;38234;21778316;0;0;16355;0;3645;20000;21798316;4500000;21883692;735720;5544254;0;0;32663666;54461982;
3623;860529657;2019-12-31;2019;MILES;1310614;0;3734765;1622927;6668306;61312643;0;0;1585550;0;62898193;69566499;6158147;8881621;2312074;237269;68540;0;17657651;2084749;0;664548;0;10973951;13723248;31380899;873;0;47357696;190102699;0;-199275668;38185600;69566499;
3624;860529657;2019-12-31;2018;MILES;1534873;1386321;3138970;1004296;7064460;79168806;0;0;1316900;0;80485706;87550166;5935278;11955309;1730784;195787;2426659;0;22243817;1920572;0;2151094;0;8386831;12458497;34702314;873;0;46930148;195820575;0;-189903744;52847852;87550166;
3625;900315569;2019-12-31;2019;MILES;51119786;18344199;23465896;30982495;123912376;1061566;1471958;0;8348018;1471958;12353500;136265876;0;27446827;1915545;2827377;24569383;4705934;61465066;0;0;0;0;10609008;10609008;72074074;60000;39122444;0;25009358;0;0;64191802;136265876;
3626;900315569;2019-12-31;2018;MILES;9492704;12336627;9572924;81394525;112796780;807974;9215216;0;-4535746;9215216;14702660;127499440;0;63628007;2322848;2586890;6363080;23515183;98416008;0;0;0;0;15747039;15747039;114163047;60000;39122444;0;-25846051;0;0;13336393;127499440;
3627;800102159;2019-12-31;2019;MILES;178387;501539;781132;496133;1957191;22578521;1349601;1116599;16365709;1349601;42760031;44717222;0;503265;0;870445;0;50104;1423814;2798529;5854711;7295374;0;0;15948614;17372428;23906456;814556;202081;2421701;0;0;27344794;44717222;
3628;800102159;2019-12-31;2018;MILES;101835;416641;2799667;223140;3541283;21261837;3071623;1116599;12612743;3071623;41134425;44675708;0;2131072;0;884499;257095;39650;3312316;3385167;4739385;7341479;0;0;15466031;18778347;21447520;814556;145428;3489857;0;0;25897361;44675708;
3629;900018975;2019-12-31;2019;MILES;226145895;76838493;167463277;51229371;521677036;106047940;266738083;25119979;-173785216;266738083;490858869;1012535905;78533242;176020680;0;0;2290933;8709322;265554177;150026693;213105181;57438688;0;168056388;588626950;854181127;60110000;3990000;36093520;52516938;0;5644320;158354778;1012535905;
3630;900018975;2019-12-31;2018;MILES;173331848;52900297;135680169;46307074;408219388;125833796;304051581;25095345;-223524925;304051581;535507378;943726766;78676680;109133610;0;0;6157280;10196584;204164154;135837566;255354922;53300731;0;101056628;545549847;749714001;60110000;3990000;36093520;87184610;0;6634635;194012765;943726766;
3631;900261768;2019-12-31;2019;MILES;503021;4164039;38298819;5787896;48753775;131311;0;0;13216;0;144527;48898302;1805614;41305010;0;320322;1021249;766486;45218681;0;0;300449;0;0;300449;45519130;2646834;1439625;167818;-875105;0;0;3379172;48898302;
3632;900261768;2019-12-31;2018;MILES;777691;2008523;29873924;4037142;36697280;211191;0;0;30751;0;241942;36939222;4790774;28826636;0;288990;928594;39037;34874031;189625;0;50101;0;0;239726;35113757;2646834;1439625;104454;-2365448;0;0;1825465;36939222;
3633;827000355;2019-12-31;2019;MILES;27289516;2406275;378065;31651469;61725325;55217445;0;3198683;4240374;0;62656502;124381827;0;87140424;41573;558004;44480;3503;87787984;0;0;5388234;0;731808;6120042;93908026;3850531;0;0;26623270;0;0;30473801;124381827;
3634;827000355;2019-12-31;2018;MILES;16921331;2294608;495944;28418033;48129916;56657952;0;3129425;3198640;0;62986017;111115933;0;72310327;6253;570634;17453;1957;72906624;0;0;5632691;0;0;5632691;78539315;3850531;0;0;28726087;0;0;32576618;111115933;
3635;900347864;2019-12-31;2019;MILES;4967;1179835;6734312;666075;8585189;17303742;0;16925;5999455;0;23320122;31905311;3628351;678715;0;255175;44748;0;4606989;5996896;6950694;377696;0;0;13325286;17932275;832304;19644110;0;-6717103;0;213725;13973036;31905311;
3636;900347864;2019-12-31;2018;MILES;3539;1702190;5410543;378066;7494338;17200886;0;16826;4654329;0;21872041;29366379;3413609;978736;0;307024;87610;0;4786979;4563201;4886769;377696;0;0;9827666;14614645;832304;19644110;0;-5938306;0;213626;14751734;29366379;
3637;830509575;2019-12-31;2019;MILES;149770;1159354;930259;564152;2803535;6875845;0;0;0;0;6875845;9679380;2144591;2487436;0;152780;428328;146622;5359757;134889;0;0;0;0;134889;5494646;5050000;0;0;-1028079;0;162813;4184734;9679380;
3638;830509575;2019-12-31;2018;MILES;59569;2547500;1424180;414351;4445600;6521311;0;0;10482;0;6531793;10977393;2985088;885014;0;141269;735925;0;4747296;1322205;857596;0;0;0;2179801;6927097;5050000;0;0;-1162517;0;162813;4050296;10977393;
3639;830018350;2019-12-31;2019;MILES;753632;7792332;23494550;23636273;55676787;18153351;0;0;12594144;0;30747495;86424282;8705448;8709713;0;611697;5643925;590981;24261764;0;486572;0;0;0;486572;24748336;5860000;0;2930000;50204526;0;2681420;61675946;86424282;
3640;830018350;2019-12-31;2018;MILES;694203;5808419;28168949;21375548;56047119;12138609;0;0;10061089;0;22199698;78246817;8696505;7835943;0;585346;4648406;924931;22691131;1106711;1404227;0;0;0;2510938;25202069;5860000;0;2930000;41573328;0;2681420;53044748;78246817;
3641;800166656;2019-12-31;2019;MILES;103396;14520;1285234;1988220;3391370;43273;0;0;32724;0;75997;3467367;0;1407750;0;54998;55099;0;1517847;0;0;10126;0;0;10126;1527973;200000;193186;100000;1446208;0;0;1939394;3467367;
3642;800166656;2019-12-31;2018;MILES;122974;46231;1608201;2258975;4036381;30405;0;0;43502;0;73907;4110288;462;2308828;0;57566;64271;0;2431127;0;0;11139;0;0;11139;2442266;200000;193186;100000;1174836;0;0;1668022;4110288;
3643;830041054;2019-12-31;2019;MILES;21012517;2806382;25235449;22253667;71308015;6818345;23500000;808733;-15003276;23500000;39623802;110931817;0;25804022;0;3089211;7096336;22433887;58423456;0;0;768083;0;4512150;5280233;63703689;1966437;0;38273831;6987860;0;0;47228128;110931817;
3644;830041054;2019-12-31;2018;MILES;18047439;2289905;30803005;22648759;73789108;3285206;0;808733;12810593;0;16904532;90693640;0;18697178;0;3454714;4917717;22285753;49355362;0;0;109127;0;988883;1098010;50453372;1966437;0;28639614;9634217;0;0;40240268;90693640;
3645;830111367;2019-12-31;2019;MILES;33004743;8096647;25732028;44222577;111055995;16647256;0;3939858;1417575;0;22004689;133060684;1802324;77311490;0;304952;402043;0;79820809;0;0;2606560;0;0;2606560;82427369;4600000;12879032;6612800;11249291;0;15292192;50633315;133060684;
3646;830111367;2019-12-31;2018;MILES;17332176;8224089;27156974;43085669;95798908;15270131;0;3857479;1294293;0;20421903;116220811;1802324;64266486;0;306976;345334;0;66721120;0;0;2606560;0;0;2606560;69327680;4600000;12879032;6612800;7509107;0;15292192;46893131;116220811;
3647;900082077;2019-12-31;2019;MILES;771202;0;8928506;30333952;40033660;1654528;0;0;8842;0;1663370;41697030;19664759;508555;0;283692;165555;17021698;37644259;0;0;62900;0;0;62900;37707159;990000;0;248138;2751733;0;0;3989871;41697030;
3648;900082077;2019-12-31;2018;MILES;359663;0;2115251;16481009;18955923;5308922;0;0;4219103;0;9528025;28483948;4193853;1216362;0;282201;584248;16672151;22948815;0;0;55890;0;0;55890;23004705;1000000;0;172000;4307243;0;0;5479243;28483948;
3649;900191856;2019-12-31;2019;MILES;2162439;142469;2307516;0;4612424;2587;0;0;0;0;2587;4615011;0;32838;0;196721;0;1784;231343;0;0;373526;0;0;373526;604869;2987000;30593000;0;-62294442;0;32724584;4010142;4615011;
3650;900191856;2019-12-31;2018;MILES;2984810;4912068;1824271;34506;9755655;25760;0;0;4950;0;30710;9786365;0;2367349;0;271571;9480;44416;2692816;0;0;385199;0;0;385199;3078015;2987000;30593000;0;-62631082;0;35759432;6708350;9786365;
3651;900150662;2019-12-31;2019;MILES;1000925;9353058;13865518;0;24219501;514287;0;0;0;0;514287;24733788;2091890;21531074;0;580687;0;411493;24615144;66519;0;0;0;0;66519;24681663;35393;5869408;0;-5852676;0;0;52125;24733788;
3652;900150662;2019-12-31;2018;MILES;37586;7349583;16749272;0;24136441;271451;0;0;16064;0;287515;24423956;1691335;17665744;0;927795;0;1540959;21825833;0;0;62703;0;0;62703;21888536;35393;5869408;0;-3369381;0;0;2535420;24423956;
3653;890900265;2019-12-31;2019;MILES;12800103;555222;14508284;11923051;39786660;12038015;0;0;863703;0;12901718;52688378;596118;15267434;412597;636695;3811111;0;20723955;302931;0;0;0;4665879;4968810;25692765;462176;5791269;4988150;15754018;0;0;26995613;52688378;
3654;890900265;2019-12-31;2018;MILES;6370516;481066;12021679;11832488;30705749;12676527;0;0;1781391;0;14457918;45163667;202708;14883773;343808;648687;2451079;0;18530055;344603;0;0;0;4539016;4883619;23413674;462176;5791269;4988150;10508398;0;0;21749993;45163667;
3655;900884289;2019-12-31;2019;MILES;78993;0;4704391;3539773;8323157;17024937;0;0;14460045;0;31484982;39808139;3198986;3716407;0;0;0;0;6915393;1385971;4257898;0;0;0;5643869;12559262;15000;0;0;-50658610;0;77892487;27248877;39808139;
3656;900884289;2019-12-31;2018;MILES;603973;0;3284293;4181567;8069833;18725027;0;0;949614;0;19674641;27744474;7672594;5258356;0;247522;327773;0;13506245;4746711;17099082;0;0;0;21845793;35352038;15000;0;0;-59649105;0;52026541;-7607564;27744474;
3657;830087848;2019-12-31;2019;MILES;4551562;1936016;1578447;28486310;36552335;27208291;0;0;43904491;0;71112782;107665117;25480016;14923829;0;1438499;1941778;9387689;53171811;7586473;0;0;0;36174199;43760672;96932483;1500000;0;0;4293526;0;4939108;10732634;107665117;
3658;830087848;2019-12-31;2018;MILES;3607845;862045;1324749;25100474;30895113;24870003;0;0;193249;0;25063252;55958365;21499223;16224211;0;1124268;1120536;1495245;41463483;8368665;0;0;0;514987;8883652;50347135;1500000;0;0;3050018;0;1061212;5611230;55958365;
3659;800200336;2019-12-31;2019;MILES;5950805;718773;4581441;784794;12035813;1863815;2819051;0;-2819051;2819051;4682866;16718679;31435730;17546968;0;184697;151603;711552;50030550;0;0;0;0;0;0;50030550;5072395;0;0;-38384266;0;0;-33311871;16718679;
3660;800200336;2019-12-31;2018;MILES;1155763;0;39702079;19177712;60035554;24181177;8685101;0;-8685101;8685101;32866278;92901832;34080561;56747392;0;2173926;2093147;1264382;96359408;1319050;0;0;0;0;1319050;97678458;5072395;0;11464411;-22717797;0;1404365;-4776626;92901832;
3661;800157469;2019-12-31;2019;MILES;163003;1603169;7949809;14049407;23765388;3698369;0;0;103733;0;3802102;27567490;3217910;0;0;0;534178;0;3752088;11355136;2078671;51815;2545069;428528;16459219;20211307;2000000;0;224459;3507517;0;1624207;7356183;27567490;
3662;800157469;2019-12-31;2018;MILES;351112;2008089;6214866;17721786;26295853;2476749;0;0;103733;0;2580482;28876335;4078619;0;0;0;489737;0;4568356;13105471;3718811;51815;2000486;448848;19325431;23893787;1994958;0;224459;2763131;0;0;4982548;28876335;
3663;860045758;2019-12-31;2019;MILES;714428;675443;10708704;6175004;18273579;1695763;127624;0;3376160;127624;5327171;23600750;1919379;3619520;0;0;0;0;5538899;0;0;2253426;0;0;2253426;7792325;1182605;0;605302;14020518;0;0;15808425;23600750;
3664;860045758;2019-12-31;2018;MILES;1237291;216397;10794929;4458544;16707161;636942;306384;0;38452;306384;1288162;17995323;1580537;2837436;0;0;714402;0;5132375;0;0;0;0;0;0;5132375;1182605;0;605302;11075041;0;0;12862948;17995323;
3665;830135256;2019-12-31;2019;MILES;143435;418276;51733968;0;52295679;31537;0;0;150745661;0;150777198;203072877;3893126;7388463;0;0;759974;0;12041563;8848096;0;7287655;0;0;16135751;28177314;11018844;0;6982454;144851564;0;12042701;174895563;203072877;
3666;830135256;2019-12-31;2018;MILES;662950;486162;46759928;0;47909040;1815;0;0;130350038;0;130351853;178260893;4709827;7138189;0;0;625650;0;12473666;3896393;0;20993814;0;0;24890207;37363873;11018844;0;6982454;110853021;0;12042701;140897020;178260893;
3667;900159955;2019-12-31;2019;MILES;343603;2231908;1721683;1664449;5961643;3559610;0;0;1932162;0;5491772;11453415;0;822039;0;127077;48886;439736;1437738;5075208;5071744;462702;0;0;10609654;12047392;3187941;0;0;-3781918;0;0;-593977;11453415;
3668;900159955;2019-12-31;2018;MILES;798219;2061479;1368621;1808641;6036960;4012923;0;0;1657205;0;5670128;11707088;5017;298633;0;148360;76523;573058;1101591;5074029;5424499;373953;0;0;10872481;11974072;3187941;0;0;-3454925;0;0;-266984;11707088;
3669;900451379;2019-12-31;2019;MILES;2169278;2967;39113976;51622114;92908335;12453085;0;0;4892385;0;17345470;110253805;1109473;56235509;8674207;0;1325533;1047013;68391735;4487588;0;1514565;0;0;6002153;74393888;8825;0;37322395;-41462439;0;39991136;35859917;110253805;
3670;900451379;2019-12-31;2018;MILES;10675294;0;23092850;47209421;80977565;9511091;0;0;6047623;0;15558714;96536279;468964;39842944;8648837;0;2421163;717301;52099209;1319963;0;35098;0;0;1355061;53454270;8825;0;36946580;-33864532;0;39991136;43082009;96536279;
3671;860521658;2019-12-31;2019;MILES;84828762;10249914;42413126;34961158;172452960;36452689;0;0;169706723;0;206159412;378612372;7115348;51858521;0;0;28168680;0;87142549;0;0;0;0;73319922;73319922;160462471;3500;0;5248698;2031326054;0;-1818428351;218149901;378612372;
3672;860521658;2019-12-31;2018;MILES;59272906;9835442;37699590;22030603;128838541;24160293;0;0;106097680;0;130257973;259096514;22279503;24576218;0;0;9845718;0;56701439;0;0;1016622;0;43765303;44781925;101483364;3500;0;5248698;1970514924;0;-1818153972;157613150;259096514;
3673;890938755;2019-12-31;2019;MILES;206932;6787223;14084886;530499;21609540;15372063;0;0;7183320;0;22555383;44164923;2731354;9463925;136490;1423686;2071654;0;15827109;0;0;2313444;0;7128995;9442439;25269548;105260;600000;103950;18086165;0;0;18895375;44164923;
3674;890938755;2019-12-31;2018;MILES;281852;6723551;11556583;338046;18900032;15657833;0;0;496609;0;16154442;35054474;863011;9384893;68660;1145831;1462265;0;12924660;452984;0;3558034;0;0;4011018;16935678;104820;600000;103950;17310026;0;0;18118796;35054474;
3675;900511858;2019-12-31;2019;MILES;533540;3808862;4096068;0;8438470;67248;16384268;0;-6946456;16384268;25889328;34327798;1483597;2675436;2233676;17631;154423;621188;7185951;1607230;0;0;0;0;1607230;8793181;100000;28832667;0;-3398050;0;0;25534617;34327798;
3676;900511858;2019-12-31;2018;MILES;377818;6285370;12614436;0;19277624;231221;17245971;130099;-17242439;17245971;17610823;36888447;6053213;18144483;2236116;112640;486471;2316432;29349355;6557649;0;0;0;0;6557649;35907004;17490932;75845693;0;-92355182;0;0;981443;36888447;
3677;900103963;2019-12-31;2019;MILES;114761;1687106;22857800;9801654;34461321;3674528;0;0;0;0;3674528;38135849;113322;30963438;0;357849;0;400800;31835409;0;0;511022;0;0;511022;32346431;1100000;56953;438324;2201917;0;1992224;5789418;38135849;
3678;900103963;2019-12-31;2018;MILES;858328;1165410;17925486;7831945;27781169;1131525;0;0;526953;0;1658478;29439647;5598315;18751634;0;252950;180391;195823;24979113;15423;0;163083;0;0;178506;25157619;1100000;56953;438324;2686751;0;0;4282028;29439647;
3679;900021654;2019-12-31;2019;MILES;205749;701698;1268457;815000;2990904;14827246;300614;0;30169336;300614;45597810;48588714;5279;1184067;0;761145;52147;0;2002638;1244173;16290172;1800566;0;5014;19339925;21342563;42021800;0;58789;-14834438;0;0;27246151;48588714;
3680;900021654;2019-12-31;2018;MILES;68229;749099;2461545;845918;4124791;14479937;0;0;28756951;0;43236888;47361679;0;2291100;0;1147220;149416;0;3587736;240206;21269999;1811347;0;5175;23326727;26914463;29630500;0;34311;-9217595;0;0;20447216;47361679;
3681;901033369;2019-12-31;2019;MILES;33423033;2141737;6660702;0;42225472;0;142747;0;15970002;142747;16255496;58480968;2153312;33768947;0;7255553;209373;0;43387185;14340883;0;0;0;288923;14629806;58016991;500000;0;33463;-69486;0;0;463977;58480968;
3682;901033369;2019-12-31;2018;MILES;5167638;873888;6788036;0;12829562;0;106284;0;-104375;106284;108193;12937755;0;5221158;0;6240059;218895;0;11680112;0;0;0;0;724180;724180;12404292;500000;0;21538;11925;0;0;533463;12937755;
3683;900622755;2019-12-31;2019;MILES;1428982;2216710;10770865;9138361;23554918;416843;0;0;462311;0;879154;24434072;159254;6183664;270416;0;0;469713;7083047;11409340;0;0;0;0;11409340;18492387;330110;3448146;0;2163429;0;0;5941685;24434072;
3684;900622755;2019-12-31;2018;MILES;1096055;1569582;10302381;8382479;21350497;132861;0;0;530847;0;663708;22014205;0;5956850;265333;0;0;570254;6792437;11193426;0;0;0;0;11193426;17985863;330110;3448146;0;250086;0;0;4028342;22014205;
3685;800183970;2019-12-31;2019;MILES;115633;3550470;116857;7233475;11016435;217327;0;0;4800;0;222127;11238562;0;5379763;0;13003;0;13379;5406145;0;0;0;0;1556363;1556363;6962508;500000;0;210606;2882049;0;683399;4276054;11238562;
3686;800183970;2019-12-31;2018;MILES;158416;569416;3572050;1811305;6111187;1995059;0;0;4950;0;2000009;8111196;0;1904836;0;0;31219;16609;1952664;0;0;0;0;2021721;2021721;3974385;500000;0;173174;2780238;0;683399;4136811;8111196;
3687;890931057;2019-12-31;2019;MILES;2881966;5723021;5770534;0;14375521;14442062;0;0;155211;0;14597273;28972794;0;1477949;0;0;529456;29114;2036519;0;0;194021;0;0;194021;2230540;5266700;9490000;2022979;9962575;0;0;26742254;28972794;
3688;890931057;2019-12-31;2018;MILES;165333;5370401;831745;0;6367479;14417027;0;0;82723;0;14499750;20867229;0;9665610;0;0;138644;6540;9810794;0;0;130987;0;0;130987;9941781;5256700;0;2022979;3645769;0;0;10925448;20867229;
3689;890929055;2019-12-31;2019;MILES;6137079;527790;11546665;169222;18380756;6530620;0;21093582;15848094;0;43472296;61853052;8431;8367721;0;141998;1359684;0;9877834;0;0;1542007;0;0;1542007;11419841;258938;2187578;149325;38029757;0;9807613;50433211;61853052;
3690;890929055;2019-12-31;2018;MILES;1482779;391878;458567;153244;2486468;5298564;0;23819020;8749725;0;37867309;40353777;3177;8504272;0;130153;108719;0;8746321;0;0;1605338;0;0;1605338;10351659;258938;2187578;149325;23792580;0;3613697;30002118;40353777;
3691;860002459;2019-12-31;2019;MILES;5783780;7231103;38476856;56459811;107951550;43121803;40698228;1188050;-39068578;40698228;86637731;194589281;67404654;26200053;0;1204878;2751517;0;97561102;4130114;0;1854064;0;1426947;7411125;104972227;8817323;0;4291793;76392905;0;115033;89617054;194589281;
3692;860002459;2019-12-31;2018;MILES;10951065;9090453;35643210;106053644;161738372;41188658;40698228;1188050;-37225495;40698228;86547669;248286041;131769982;19423165;0;1283841;214052;0;152691040;2022077;0;3377692;0;1426947;6826716;159517756;8817323;0;4466983;75389616;0;94363;88768285;248286041;
3693;900713658;2019-12-31;2019;MILES;27388118;28065586;157561660;0;213015364;79677890;0;0;723177541;0;802855431;1015870795;23688489;372526087;0;0;0;28047058;424261634;419463115;0;0;0;19053546;438516661;862778295;374911;352045375;-84160623;-115167163;0;0;153092500;1015870795;
3694;900713658;2019-12-31;2018;MILES;45469808;17588718;66658880;0;129717406;80134102;0;0;606532887;0;686666989;816384395;68422252;215436160;0;0;1297144;11756312;296911868;427047621;0;0;0;10331832;437379453;734291321;374911;352045375;-78210740;-192116472;0;0;82093074;816384395;
3695;860026958;2019-12-31;2019;MILES;98530;940166;6851580;7165699;15055975;5605052;11797355;80818;-7265468;11797355;22015112;37071087;10788753;4821509;0;224656;3965603;4816500;24617021;4706506;0;409461;0;0;5115967;29732988;2890000;2225956;2589540;-3441135;0;3073738;7338099;37071087;
3696;860026958;2019-12-31;2018;MILES;246341;1006154;9497786;4314563;15064844;5673511;10744091;168818;-6457111;10744091;20873400;35938244;5759748;3721532;0;329006;2392419;4856721;17059426;9496708;0;309169;0;0;9805877;26865303;2890000;2225956;2589540;-1640129;0;3007574;9072941;35938244;
3697;900075062;2019-12-31;2019;MILES;150339;0;525386;458439;1134164;2169919;0;0;0;0;2169919;3304083;0;120821;0;10926;72513;0;204260;840960;232079;0;0;0;1073039;1277299;100000;0;50000;926549;0;950235;2026784;3304083;
3698;900075062;2019-12-31;2018;MILES;2581091;0;782695;100285;3464071;404156;0;0;0;0;404156;3868227;0;515377;0;4021;122139;0;641537;1411361;738566;0;0;0;2149927;2791464;100000;0;50000;926528;0;235;1076763;3868227;
3699;860014659;2019-12-31;2019;MILES;39818773;46370962;129931494;71567701;287688930;18980624;31702;33626;21270322;31702;40347976;328036906;0;185876018;9825385;7272447;906010;18136645;222016505;0;0;0;0;0;0;222016505;5837204;0;23545031;76638166;0;0;106020401;328036906;
3700;860014659;2019-12-31;2018;MILES;39204919;38191919;162209301;111191688;350797827;18019478;24890;35244;10647932;24890;28752434;379550261;0;268944757;11867650;7231360;1144612;90724;289279103;0;0;0;0;0;0;289279103;5837204;0;23545031;60888923;0;0;90271158;379550261;
3701;900473156;2019-12-31;2019;MILES;410614;1216383;14971825;23287;16622109;8405381;1716571;0;-1703959;1716571;10134564;26756673;0;15903920;0;332207;332387;2896743;19465257;0;6106112;2702;0;0;6108814;25574071;960000;0;167222;55380;0;0;1182602;26756673;
3702;900473156;2019-12-31;2018;MILES;276995;534134;10463187;3181;11277497;29614;968037;0;-963521;968037;1002167;12279664;16223;8120912;0;485200;71328;2120329;10813992;0;0;3918;0;0;3918;10817910;960000;0;167222;334532;0;0;1461754;12279664;
3703;900117563;2019-12-31;2019;MILES;5896;51045;235717;70706;363364;17316564;0;0;10216857;0;27533421;27896785;2533893;5162726;0;0;335308;16629;8048556;0;297136;0;230710;0;527846;8576402;25090814;31669539;103529;-37543499;0;0;19320383;27896785;
3704;900117563;2019-12-31;2018;MILES;1852;100407;177054;155706;435019;18185133;0;0;10216857;0;28401990;28837009;2060738;4683974;0;0;0;0;6744712;0;297136;0;0;0;297136;7041848;25090814;31669539;103529;-35068721;0;0;21795161;28837009;
3705;900091949;2019-12-31;2019;MILES;1044238;161814;30942021;26739867;58887940;169552;1911050;0;-21856;1911050;3969796;62857736;597965;43010330;0;551935;122787;1085325;45368342;1179211;0;0;0;0;1179211;46547553;1300000;12872426;20368;2117389;0;0;16310183;62857736;
3706;900091949;2019-12-31;2018;MILES;2891352;1343809;25718583;25069596;55023340;84242;1944250;0;-1029988;1944250;2942754;57966094;0;38241017;0;440968;0;936389;39618374;0;0;0;0;0;0;39618374;1300000;19272436;20368;-2245084;0;0;18347720;57966094;
3707;900614469;2019-12-31;2019;MILES;1067739;126196;294249;0;1488184;37104512;0;0;80292328;0;117396840;118885024;0;380509;0;0;164177;0;544686;0;0;2212754;0;73175374;75388128;75932814;7435812;66756819;0;-31240421;0;0;42952210;118885024;
3708;900614469;2019-12-31;2018;MILES;866094;320746;7800;0;1194640;37252586;0;0;60101167;0;97353753;98548393;0;395534;0;0;131099;0;526633;0;0;2222850;0;64506052;66728902;67255535;6337520;56872201;0;-31916863;0;0;31292858;98548393;
3709;890929455;2019-12-31;2019;MILES;345503;30290;1205502;651842;2233137;2198191;0;0;110094;0;2308285;4541422;198984;1447607;43630;326774;411511;14250;2442756;911251;0;293468;0;0;1204719;3647475;90000;0;50000;506498;0;247449;893947;4541422;
3710;890929455;2019-12-31;2018;MILES;338545;14833;919235;708288;1980901;2389464;0;0;317493;0;2706957;4687858;154118;1502778;0;345902;400462;1330;2404590;1172414;0;457430;0;0;1629844;4034434;90000;0;50000;265975;0;247449;653424;4687858;
3711;901039757;2019-12-31;2019;MILES;2731;503626;48763405;0;49269762;0;0;0;56837;0;56837;49326599;2623421;33086513;8532980;95960;1499738;0;45838612;0;0;217;0;0;217;45838829;1500;0;0;3486270;0;0;3487770;49326599;
3712;901039757;2019-12-31;2018;MILES;167155;1733044;46032779;0;47932978;12649;0;0;50469;0;63118;47996096;0;16734614;27852405;247325;1150528;0;45984872;0;0;727;0;0;727;45985599;1500;0;0;2008997;0;0;2010497;47996096;
3713;900497857;2019-12-31;2019;MILES;1536739;894815;4352068;0;6783622;862226;0;0;632581;0;1494807;8278429;0;2747657;0;371980;551218;0;3670855;0;0;0;0;0;0;3670855;2820614;0;0;1786960;0;0;4607574;8278429;
3714;900497857;2019-12-31;2018;MILES;800625;796420;5550764;0;7147809;1104710;0;0;311398;0;1416108;8563917;0;3403736;0;167793;924862;0;4496391;0;0;0;0;0;0;4496391;2820614;0;0;1246912;0;0;4067526;8563917;
3715;900138858;2019-12-31;2019;MILES;745252;3958405;1660715;25272051;31636423;28276486;0;0;7064701;0;35341187;66977610;2534412;26542096;0;635857;629477;1109003;31450845;5223355;8469029;486241;0;8831135;23009760;54460605;10213286;0;0;2303719;0;0;12517005;66977610;
3716;900138858;2019-12-31;2018;MILES;812916;1699688;7850711;20139997;30503312;20326877;0;0;1232005;0;21558882;52062194;1480019;20253898;0;390486;305247;523604;22953254;5857038;8469029;1545247;0;3493455;19364769;42318023;7984168;0;0;1760003;0;0;9744171;52062194;
3717;901117560;2019-12-31;2019;MILES;3090232;3222195;18157829;11761113;36231369;3171443;0;0;2945145;0;6116588;42347957;14107797;7543664;538338;0;1076667;722606;23989072;2345663;0;0;0;0;2345663;26334735;23100000;0;0;-7086778;0;0;16013222;42347957;
3718;901117560;2019-12-31;2018;MILES;6571157;3264322;17500911;15595571;42931961;4505686;0;0;62441;0;4568127;47500088;23557739;7298488;128727;0;358016;311372;31654342;0;0;0;0;0;0;31654342;23100000;0;0;-7254254;0;0;15845746;47500088;
3719;800041463;2019-12-31;2019;MILES;0;348;18838;0;19186;1674780;0;0;0;0;1674780;1693966;0;26207;0;0;173;289;26669;0;0;166727;0;0;166727;193396;70000;0;0;1430570;0;0;1500570;1693966;
3720;800041463;2019-12-31;2018;MILES;0;0;27126;0;27126;1674780;0;0;0;0;1674780;1701906;0;13277;0;0;67;0;13344;0;0;166727;0;0;166727;180071;70000;0;0;1451835;0;0;1521835;1701906;
3721;860000753;2019-12-31;2019;MILES;19651169;3962885;130744540;95079969;249438563;17793403;4563444;0;20360075;4563444;47280366;296718929;41075848;196196046;2739086;3684840;0;12251239;255947059;15009880;0;0;0;1157521;16167401;272114460;6202851;39882203;2899997;-24380582;0;0;24604469;296718929;
3722;860000753;2019-12-31;2018;MILES;5701012;10471136;102176672;61151548;179500368;1512029;4364625;0;13057339;4364625;23298618;202798986;81108003;102667313;2790000;3339114;0;12205034;202109464;0;0;0;0;1034149;1034149;203143613;5800000;0;2899997;-9044624;0;0;-344627;202798986;
3723;900429459;2019-12-31;2019;MILES;180710;550421;1975492;4028927;6735550;9320854;0;0;27697;0;9348551;16084101;340516;5939272;0;0;2994;0;6282782;0;6335943;0;0;0;6335943;12618725;9326;0;0;2980397;0;475653;3465376;16084101;
3724;900429459;2019-12-31;2018;MILES;463511;386018;3473731;2671677;6994937;2374661;0;0;11217;0;2385878;9380815;264410;4906731;0;0;17;0;5171158;0;596463;1466;0;0;597929;5769087;9326;0;0;3126749;0;475653;3611728;9380815;
3725;860524163;2019-12-31;2019;MILES;1761673;3257862;8442906;1574611;15037052;9360798;0;742992;3256230;0;13360020;28397072;583436;3867708;0;1590248;212017;26178;6279587;1788924;0;1341725;0;0;3130649;9410236;165000;0;241001;18580835;0;0;18986836;28397072;
3726;860524163;2019-12-31;2018;MILES;4168651;3779054;9038435;1563175;18549315;7529486;0;0;3586157;0;11115643;29664958;3670559;3671105;0;1494330;1911285;255328;11002607;893263;0;688040;0;0;1581303;12583910;165000;0;241001;16675047;0;0;17081048;29664958;
3727;800241958;2019-12-31;2019;MILES;33654929;16232744;154802961;25683790;230374424;1258412;969750;0;4323412;969750;7521324;237895748;0;45177370;0;2754849;4969525;46237843;99139587;0;0;0;0;37218045;37218045;136357632;58062098;0;4641941;38834077;0;0;101538116;237895748;
3728;800241958;2019-12-31;2018;MILES;30098629;15832319;136290409;53548511;235769868;1506782;1749683;0;-1130677;1749683;3875471;239645339;0;67821291;0;1902622;4121394;11579679;85424986;0;0;0;0;60200266;60200266;145625252;58062098;0;0;35957989;0;0;94020087;239645339;
3729;802001157;2019-12-31;2019;MILES;3136577;1452593;3357808;0;7946978;6926;47042562;57672886;-17474043;47042562;134290893;142237871;1902561;286269;0;42605;625823;0;2857258;5974581;0;0;0;5552357;11526938;14384196;2100000;0;68473497;-9485304;0;66765482;127853675;142237871;
3730;802001157;2019-12-31;2018;MILES;2525545;1193255;1703197;0;5421997;4970;48168422;55115967;-19315861;48168422;132141920;137563917;0;285118;0;35210;684626;0;1004954;5227477;0;0;0;5976388;11203865;12208819;2100000;0;68473497;-11983881;0;66765482;125355098;137563917;
3731;890942766;2019-12-31;2019;MILES;14925815;0;10725174;27376512;53027501;9753170;0;13049404;23339100;0;46141674;99169175;11514538;35253154;3884977;0;0;1333082;51985751;0;15282821;251383;0;11063708;26597912;78583663;500000;0;9430109;10655403;0;0;20585512;99169175;
3732;890942766;2019-12-31;2018;MILES;12719852;0;12748757;53796263;79264872;10439187;0;14514137;11217182;0;36170506;115435378;26428239;27357980;3549521;0;0;368057;57703797;0;37309672;251383;0;12105939;49666994;107370791;500000;0;7338057;226530;0;0;8064587;115435378;
3733;900297570;2019-12-31;2019;MILES;1238776;67262;1783042;1309165;4398245;860001;0;0;163563;0;1023564;5421809;1179818;1642881;142435;9942;243627;64838;3283541;0;0;0;0;0;0;3283541;500000;0;250000;1281143;0;107125;2138268;5421809;
3734;900297570;2019-12-31;2018;MILES;497639;0;1418749;1048277;2964665;929480;696580;0;-561215;696580;1761425;4726090;1729180;981330;134760;7817;173138;46080;3072305;0;0;0;0;0;0;3072305;500000;0;250000;796660;0;107125;1653785;4726090;
3735;819003157;2019-12-31;2019;MILES;103565;131;124841;764;229301;9349003;905813;0;2749650;905813;13910279;14139580;685031;162526;0;90909;100685;0;1039151;191327;1305333;617514;0;24665;2138839;3177990;1470000;0;4907647;4583943;0;0;10961590;14139580;
3736;819003157;2019-12-31;2018;MILES;18823;1795;154482;0;175100;8715558;1266290;0;1673763;1266290;12921901;13097001;228844;357210;0;165808;162941;0;914803;24663;1555611;586803;0;18494;2185571;3100374;1470000;0;3830435;4696192;0;0;9996627;13097001;
3737;860001755;2019-12-31;2019;MILES;6589;138247;1129;0;145965;0;706629;3104090;-706629;706629;3810719;3956684;839;18562;0;0;26;0;19427;0;2442160;0;0;0;2442160;2461587;709000;0;137725;648372;0;0;1495097;3956684;
3738;860001755;2019-12-31;2018;MILES;24435;94709;384168;0;503312;0;1373284;3104090;-1373284;1373284;4477374;4980686;1776;2643960;0;172930;234840;0;3053506;0;10634;0;0;0;10634;3064140;709000;0;137725;1069821;0;0;1916546;4980686;
3739;811030757;2019-12-31;2019;MILES;2400139;13299689;5848807;4336323;25884958;437347;0;0;192182;0;629529;26514487;11821007;827834;0;102217;306862;3169502;16227422;0;0;163905;0;0;163905;16391327;10000;0;8714;10104446;0;0;10123160;26514487;
3740;811030757;2019-12-31;2018;MILES;1957530;12017547;4846471;3037622;21859170;486726;0;0;192182;0;678908;22538078;12728624;753004;0;37267;951285;769933;15240113;0;0;163906;0;0;163906;15404019;10000;0;8714;7115345;0;0;7134059;22538078;
3741;890101058;2019-12-31;2019;MILES;513173;0;10399725;18126299;29039197;40795537;0;10189337;11491281;0;62476155;91515352;15326291;2334783;727021;0;599080;91306;19078481;3497476;0;9462008;0;14785304;27744788;46823269;20219191;14678541;4255860;-4024876;0;9563367;44692083;91515352;
3742;890101058;2019-12-31;2018;MILES;1170516;0;12597452;20413017;34180985;43120188;0;10189337;16676149;0;69985674;104166659;16919672;3708465;753726;0;561447;20189;21963499;4455623;0;9745083;0;20837288;35037994;57001493;20219191;14678541;4255860;-1259209;0;9270783;47165166;104166659;
3743;800246963;2019-12-31;2019;MILES;18989821;20104081;16040379;34577;55168858;210091;0;0;4257282;0;4467373;59636231;317071;10798816;0;359453;7241364;0;18716704;0;0;0;0;31184510;31184510;49901214;500000;0;1323500;7911517;0;0;9735017;59636231;
3744;800246963;2019-12-31;2018;MILES;19244557;16614101;15712910;157717;51729285;229495;0;0;4558837;0;4788332;56517617;128493;11390533;0;333773;5713211;0;17566010;0;0;0;0;29319422;29319422;46885432;500000;0;1323500;7808685;0;0;9632185;56517617;
3745;819003159;2019-12-31;2019;MILES;126676;1116892;2465728;1199839;4909135;17548379;9676160;0;620535;9676160;37521234;42430369;1732598;3037377;0;1231370;679376;0;6680721;12462336;5605896;3540381;0;827454;22436067;29116788;600000;0;300000;9664464;0;2749117;13313581;42430369;
3746;819003159;2019-12-31;2018;MILES;173793;943798;3182484;863713;5163788;15858744;9453287;0;-192921;9453287;34572397;39736185;3315973;3574256;0;985549;1067529;0;8943307;13727788;972015;3254895;0;850607;18805305;27748612;600000;0;300000;7674896;0;3412677;11987573;39736185;
3747;800227956;2019-12-31;2019;MILES;714076;1081915;5569770;12236836;19602597;1661684;0;168674;79540;0;1909898;21512495;4706968;796735;101312;238621;111507;5239515;11194658;2625000;0;210730;0;0;2835730;14030388;3000000;0;299764;1005305;0;3177038;7482107;21512495;
3748;800227956;2019-12-31;2018;MILES;885245;1144047;6206365;12888815;21124472;2125409;0;168674;64000;0;2358083;23482555;7705120;550467;193940;85143;624808;6509862;15669340;57750;0;344233;0;0;401983;16071323;3000000;0;274143;960051;0;3177038;7411232;23482555;
3749;900490865;2019-12-31;2019;MILES;12156103;2530441;10793492;16668550;42148586;5879991;0;0;2272719;0;8152710;50301296;0;26795729;254282;761041;0;331252;28142304;1841213;0;0;0;0;1841213;29983517;1039133;3030337;524838;15723471;0;0;20317779;50301296;
3750;900490865;2019-12-31;2018;MILES;13165439;2178715;13724564;22192023;51260741;4517374;0;0;2004445;0;6521819;57782560;0;37056752;124627;800579;0;698167;38680125;0;0;0;0;0;0;38680125;1039133;3030337;524838;14508127;0;0;19102435;57782560;
3751;830032559;2019-12-31;2019;MILES;3126501;28706;6831328;3749934;13736469;628850;0;0;1235003;0;1863853;15600322;0;4765818;0;0;0;0;4765818;0;0;769194;0;168954;938148;5703966;501360;3751397;595342;5048257;0;0;9896356;15600322;
3752;830032559;2019-12-31;2018;MILES;2675382;974541;6368404;4241322;14259649;773103;0;0;866898;0;1640001;15899650;0;4984796;0;0;183913;0;5168709;0;0;670349;0;120000;790349;5959058;501360;3751397;284808;5403027;0;0;9940592;15899650;
3753;811042572;2019-12-31;2019;MILES;3505789;2009429;12748441;15216768;33480427;66707060;0;0;0;0;66707060;100187487;5354586;7759288;0;0;202582;197520;13513976;8000000;0;2637367;0;0;10637367;24151343;22524;0;8921015;39645330;0;27447275;76036144;100187487;
3754;811042572;2019-12-31;2018;MILES;3883961;337906;11925625;14178476;30325968;49849926;0;0;0;0;49849926;80175894;614605;5012941;0;0;471157;8951084;15049787;3263889;0;4207605;0;0;7471494;22521281;22524;0;8921015;48036607;0;674467;57654613;80175894;
3755;900542354;2019-12-31;2019;MILES;28111;2072088;361911;0;2462110;0;0;0;50794512;0;50794512;53256622;868;663;0;0;0;0;1531;0;0;0;0;0;0;1531;1098;14005308;37160550;2088135;0;0;53255091;53256622;
3756;900542354;2019-12-31;2018;MILES;27044;2593710;343111;0;2963865;0;0;0;34159309;0;34159309;37123174;742;704;0;0;14065;0;15511;0;0;0;0;0;0;15511;1098;14005308;20524542;2576715;0;0;37107663;37123174;
3757;900062755;2019-12-31;2019;MILES;3867;338409;123276;0;465552;200134;0;0;5817015;0;6017149;6482701;0;1729279;0;0;655756;0;2385035;0;0;0;0;0;0;2385035;6800000;1054920;385;-3757639;0;0;4097666;6482701;
3758;900062755;2019-12-31;2018;MILES;130;318030;123469;0;441629;200134;0;0;5816501;0;6016635;6458264;0;719388;0;0;182487;0;901875;0;0;0;0;0;0;901875;6800000;1054920;385;-2298916;0;0;5556389;6458264;
3759;830095854;2019-12-31;2019;MILES;14758638;9476834;80092683;43740833;148068988;792073;0;62663;2015662;0;2870398;150939386;0;128057702;0;164317;5059231;250475;133531725;0;0;0;0;0;0;133531725;477761;17048510;0;-118610;0;0;17407661;150939386;
3760;830095854;2019-12-31;2018;MILES;2138599;3376473;25692015;18318713;49525800;356014;0;63625;2201593;0;2621232;52147032;16183;53131308;0;200020;14386;207383;53569280;0;0;0;0;8858;8858;53578138;477761;5809800;0;-7718667;0;0;-1431106;52147032;
3761;900724364;2019-12-31;2019;MILES;714899;2338682;6941900;51438253;61433734;297852;0;0;10876265;0;11174117;72607851;0;50800128;285779;94469;0;8023512;59203888;0;0;0;0;0;0;59203888;11600000;16820296;0;-15016333;0;0;13403963;72607851;
3762;900724364;2019-12-31;2018;MILES;710491;3329365;2363211;51595723;57998790;403000;0;0;12313013;0;12716013;70714803;0;41496298;142224;148576;0;12802908;54590006;0;0;0;0;0;0;54590006;11600000;16820296;0;-12295499;0;0;16124797;70714803;
3763;900561130;2019-12-31;2019;MILES;375530;0;963372;0;1338902;0;0;0;1390479;0;1390479;2729381;0;12961;0;0;0;0;12961;0;7959617;0;21580;3433792;11414989;11427950;20000;0;0;-8718569;0;0;-8698569;2729381;
3764;900561130;2019-12-31;2018;MILES;170346;0;3165790;0;3336136;0;0;0;7261517;0;7261517;10597653;0;198484;0;0;0;7693391;7891875;0;1383562;0;20199;1228657;2632418;10524293;20000;0;0;53360;0;0;73360;10597653;
3765;900516754;2019-12-31;2019;MILES;2166521;2877;2355073;53287101;57811572;94160;0;0;0;0;94160;57905732;27617036;4300411;0;127039;1823;25660188;57706497;0;0;0;0;0;0;57706497;100000;0;391189;-291954;0;0;199235;57905732;
3766;900516754;2019-12-31;2018;MILES;4437803;29387;106405;30254568;34828163;293682;202073;0;-202073;202073;495755;35323918;13301800;9357288;0;100372;93334;11979934;34832728;0;0;0;0;0;0;34832728;100000;0;155160;236030;0;0;491190;35323918;
3767;830086277;2019-12-31;2019;MILES;1086390;10503;7070034;4645390;12812317;1042270;3912074;1080866;-2638574;3912074;7308710;20121027;400725;1639083;0;0;6110;52134;2098052;0;3778;0;0;0;3778;2101830;1000000;0;540984;16478213;0;0;18019197;20121027;
3768;830086277;2019-12-31;2018;MILES;1648638;5193;7163586;3099829;11917246;1143306;5375604;1080866;-4096204;5375604;8879176;20796422;162620;2190850;0;0;74803;64866;2493139;0;21234;0;0;0;21234;2514373;1000000;0;540984;16741065;0;0;18282049;20796422;
3769;900767263;2019-12-31;2019;MILES;389120;467162;6646613;11361084;18863979;28649627;0;4908763;7227348;0;40785738;59649717;394821;7246555;0;343755;33637;0;8018768;474174;0;299533;0;42685402;43459109;51477877;4822619;15617969;0;-12997373;0;728625;8171840;59649717;
3770;900767263;2019-12-31;2018;MILES;148899;380233;5228397;11240524;16998053;28639185;0;4908763;3115447;0;36663395;53661448;1807731;11339084;0;321637;159449;0;13627901;12780855;0;299533;0;10605995;23686383;37314284;4822619;15617969;0;-4822049;0;728625;16347164;53661448;
3771;900742466;2019-12-31;2019;MILES;515150;0;699483;19893742;21108375;57190;0;0;88251;0;145441;21253816;0;2176592;0;0;21001;0;2197593;13044017;0;0;0;5559480;18603497;20801090;400000;0;0;12694;0;40032;452726;21253816;
3772;900742466;2019-12-31;2018;MILES;938019;1938;208691;9366039;10514687;40316;0;0;2331;0;42647;10557334;0;518113;0;0;8226;0;526339;5563644;0;0;0;3939405;9503049;10029388;400000;0;0;-8134;0;136080;527946;10557334;
3773;901116362;2019-12-31;2019;MILES;1948588;3447913;1478438;1019537;7894476;181259881;0;0;4411400;0;185671281;193565757;0;13206892;0;301273;142760;0;13650925;0;148479099;0;0;1198690;149677789;163328714;33914849;0;0;-3677806;0;0;30237043;193565757;
3774;901116362;2019-12-31;2018;MILES;1076711;113812;62656;110755;1363934;31041130;0;0;97939;0;31139069;32503003;0;896205;0;77383;58289;0;1031877;0;0;0;0;0;0;1031877;33914849;0;0;-2443723;0;0;31471126;32503003;
3775;860054854;2019-12-31;2019;MILES;362790;3422792;25254690;13077174;42117446;1652034;0;0;2158707;0;3810741;45928187;0;33183021;0;878712;128065;0;34189798;0;1554875;582047;0;0;2136922;36326720;7815500;0;640811;1145156;0;0;9601467;45928187;
3776;860054854;2019-12-31;2018;MILES;717656;1128635;21783735;13665441;37295467;1932477;0;0;759459;0;2691936;39987403;0;12428128;0;0;1054075;0;13482203;0;12459115;374335;0;798966;13632416;27114619;7815500;0;640811;4416473;0;0;12872784;39987403;
3777;860071864;2019-12-31;2019;MILES;2278;63985;0;0;66263;0;9582087;72276213;-9582087;9582087;81858300;81924563;0;7209989;0;0;109105;188081;7507175;0;0;4588100;0;0;4588100;12095275;228025;269129;147550;69184584;0;0;69829288;81924563;
3778;860071864;2019-12-31;2018;MILES;5977;59492;0;0;65469;0;8698018;69588131;-8696371;8698018;78287796;78353265;0;5503549;0;0;98122;137660;5739331;0;0;4032157;0;0;4032157;9771488;228025;269129;147550;67937073;0;0;68581777;78353265;
3779;900072154;2019-12-31;2019;MILES;278243;3802962;58269;14056879;18196353;2325855;0;1444807;4284667;0;8055329;26251682;263772;4271651;0;207105;135602;12882113;17760243;1272622;2055575;0;0;1319077;4647274;22407517;300000;0;173916;3370249;0;0;3844165;26251682;
3780;900072154;2019-12-31;2018;MILES;21264;4349280;123336;11561724;16055604;2593594;0;1568839;3555425;0;7717858;23773462;55226;4415685;0;225033;119281;11344630;16159855;1336126;1824321;0;0;1296988;4457435;20617290;300000;0;173916;2682256;0;0;3156172;23773462;
3781;810004060;2019-12-31;2019;MILES;130435;1833264;6721393;3238521;11923613;6542193;0;0;73381;0;6615574;18539187;2047127;2056504;0;0;314686;10371;4428688;119395;414318;1093946;0;0;1627659;6056347;1200000;0;711948;10570892;0;0;12482840;18539187;
3782;810004060;2019-12-31;2018;MILES;177372;948865;6997892;3763258;11887387;6804774;0;0;107154;0;6911928;18799315;3640685;1881634;0;0;225850;11679;5759848;198992;693622;1093946;0;0;1986560;7746408;1200000;0;711948;9140959;0;0;11052907;18799315;
3783;900773054;2019-12-31;2019;MILES;179443;1077026;915100;4226838;6398407;659191;4701016;0;-1053473;4701016;9007750;15406157;0;2681830;0;350163;1789309;8403;4829705;0;14141059;0;0;6687579;20828638;25658343;9446610;0;0;-19698796;0;0;-10252186;15406157;
3784;900773054;2019-12-31;2018;MILES;168175;763204;1966385;4016932;6914696;914687;4928888;0;-996200;4928888;9776263;16690959;13078;2583789;0;320056;708422;4631;3629976;0;13921351;0;0;4704917;18626268;22256244;9446610;0;0;-15011895;0;0;-5565285;16690959;
3785;860500862;2019-12-31;2019;MILES;360084;5171527;5780061;3051541;14363213;52157171;502609;0;1320957;502609;54483346;68846559;2940360;4722509;0;383521;325332;50212;8421934;11328999;20160001;5008538;0;0;36497538;44919472;1825830;11406117;667924;10027216;0;0;23927087;68846559;
3786;860500862;2019-12-31;2018;MILES;92595;0;6478547;2279627;8850769;60714966;0;0;1850815;0;62565781;71416550;1877172;3727637;0;313757;304649;444;6223659;20804122;16494967;5354697;0;0;42653786;48877445;1825830;11406117;667924;8639234;0;0;22539105;71416550;
3787;800072556;2019-12-31;2019;MILES;1375920;912061;118629137;104302639;225219757;114627340;0;0;932268;0;115559608;340779365;0;169043623;0;2921585;1504277;0;173469485;0;0;288051;0;0;288051;173757536;18551;0;0;139385136;0;27618142;167021829;340779365;
3788;800072556;2019-12-31;2018;MILES;274722;1410629;125705125;85133601;212524077;112045601;0;0;857004;0;112902605;325426682;0;175810793;0;3069488;1035930;0;179916211;0;0;262993;0;0;262993;180179204;18551;0;0;117686719;0;27542208;145247478;325426682;
3789;900864250;2019-12-31;2019;MILES;243682;2689726;3471800;3594232;9999440;21936047;0;0;458330;0;22394377;32393817;603519;17018611;0;256932;1505000;0;19384062;12593099;0;0;0;0;12593099;31977161;10000;16729962;0;-16323306;0;0;416656;32393817;
3790;900864250;2019-12-31;2018;MILES;200523;2034450;742741;3293250;6270964;23741561;0;0;851606;0;24593167;30864131;532492;14158723;0;244334;1505000;0;16440549;13137797;0;0;0;0;13137797;29578346;10000;16729962;0;-15454177;0;0;1285785;30864131;
3791;800239471;2019-12-31;2019;MILES;5971291;29183322;19411875;44490484;99056972;155869;0;0;6108875;0;6264744;105321716;867262;51638506;1952429;856563;3416847;412754;59144361;75205;60624107;0;0;728456;61427768;120572129;41000;0;20500;-15311913;0;0;-15250413;105321716;
3792;800239471;2019-12-31;2018;MILES;3811733;24601787;15340507;41005638;84759665;284776;0;0;3967624;0;4252400;89012065;0;101188800;2107609;559322;2451249;236040;106543020;0;0;0;0;748339;748339;107291359;41000;0;20500;-18340794;0;0;-18279294;89012065;
3793;830064580;2019-12-31;2019;MILES;60892;2699960;75541848;11820839;90123539;16748454;47563751;0;-47400860;47563751;64475096;154598635;2453009;2231948;0;456077;138406;5696582;10976022;0;20426120;2083853;0;0;22509973;33485995;215000;0;951030;118544481;0;1402129;121112640;154598635;
3794;830064580;2019-12-31;2018;MILES;613806;3224963;67875929;9808688;81523386;17459005;53473893;0;-53313778;53473893;71093013;152616399;9748;5904941;0;392134;388581;6060200;12755604;0;19820727;1188630;0;0;21009357;33764961;215000;0;951030;116283279;0;1402129;118851438;152616399;
3795;891411170;2019-12-31;2019;MILES;684370;496207;2740985;6672261;10593823;910706;0;137000;1715777;0;2763483;13357306;1323276;1525141;0;0;809568;1462484;5120469;596545;0;929963;0;0;1526508;6646977;2000000;0;366847;4343482;0;0;6710329;13357306;
3796;891411170;2019-12-31;2018;MILES;699733;717194;3010002;6317581;10744510;1030479;0;137000;559670;0;1727149;12471659;1557702;1697092;0;0;651458;676375;4582627;328321;0;571921;0;0;900242;5482869;2000000;0;811589;4177201;0;0;6988790;12471659;
3797;817000865;2019-12-31;2019;MILES;56776;10619484;16632617;30226898;57535775;43679045;0;0;863610;0;44542655;102078430;477354;32879828;0;584878;48353;0;33990413;0;28830379;2539490;0;0;31369869;65360282;5000001;18999999;2148516;5720859;0;4848773;36718148;102078430;
3798;817000865;2019-12-31;2018;MILES;83824;7273328;15299430;29513643;52170225;38720864;0;0;1283946;0;40004810;92175035;0;33176177;0;385390;40329;0;33601896;0;27123201;1957059;0;0;29080260;62682156;5000001;18999999;2148516;2183671;0;1160692;29492879;92175035;
3799;900657570;2019-12-31;2019;MILES;79988757;0;376049301;42772048;498810106;268059940;46719614;0;41180090;46719614;402679258;901489364;14460277;405879476;0;12919073;22027070;227754504;683040400;145015768;0;0;0;9683454;154699222;837739622;41720211;0;3575384;18454147;0;0;63749742;901489364;
3800;900657570;2019-12-31;2018;MILES;44638652;16173614;205557125;10788482;277157873;171925121;4668051;0;25560699;4668051;206821922;483979795;2690558;263951099;0;6116871;16199914;182631670;471590112;6188849;0;1559361;0;4254877;12003087;483593199;8160211;0;0;-7773615;0;0;386596;483979795;
3801;800145764;2019-12-31;2019;MILES;276960;316604;1224810;277245;2095619;29039509;0;0;460377;0;29499886;31595505;1640928;2351421;0;503007;111207;0;4606563;5539443;0;2951387;0;0;8490830;13097393;520000;0;4679672;13298440;0;0;18498112;31595505;
3802;800145764;2019-12-31;2018;MILES;5000;671536;1216098;137130;2029764;29251998;0;0;0;0;29251998;31281762;281472;1292893;0;488489;91914;0;2154768;7630000;0;899533;0;0;8529533;10684301;520000;0;4424740;15652721;0;0;20597461;31281762;
3803;800245153;2019-12-31;2019;MILES;5425;0;265920;0;271345;48447;0;0;87307;0;135754;407099;702251;3201742;355132;0;73434;0;4332559;0;0;15973;0;0;15973;4348532;2673942;0;285175;-11075378;0;4174828;-3941433;407099;
3804;800245153;2019-12-31;2018;MILES;5425;0;254221;0;259646;59796;0;0;87307;0;147103;406749;772420;2777705;355132;0;73434;0;3978691;0;0;15973;0;0;15973;3994664;2673942;0;285175;-10721860;0;4174828;-3587915;406749;
3805;830108866;2019-12-31;2019;MILES;2652333;4002164;22525641;0;29180138;3903210;0;0;4790715;0;8693925;37874063;572720;1231548;10632251;0;2053284;5050985;19540788;726604;0;0;0;3848552;4575156;24115944;13325;0;19906;13724888;0;0;13758119;37874063;
3806;830108866;2019-12-31;2018;MILES;4891099;2739566;20272366;0;27903031;4140377;0;0;2718863;0;6859240;34762271;79566;3507402;8257570;0;6688542;3795359;22328439;1234222;0;0;0;0;1234222;23562661;13325;0;19906;11166379;0;0;11199610;34762271;
3807;900130460;2019-12-31;2019;MILES;5400035;4785852;13912391;0;24098278;2325513;0;0;140029;0;2465542;26563820;68860;6325798;301900;2299078;0;2848365;11844001;84247;0;0;0;384979;469226;12313227;6000000;0;4539600;3710993;0;0;14250593;26563820;
3808;900130460;2019-12-31;2018;MILES;7013350;3103607;9926272;0;20043229;2977633;0;0;119041;0;3096674;23139903;97003;6932465;103564;2122068;0;2750210;12005310;80559;496601;0;0;312105;889265;12894575;6000000;0;1113703;3131625;0;0;10245328;23139903;
3809;901155976;2019-12-31;2019;MILES;12250179;0;759651;0;13009830;40053122;0;0;0;0;40053122;53062952;0;294423;0;172196;0;0;466619;0;3714473;0;0;0;3714473;4181092;51450662;0;0;-2568802;0;0;48881860;53062952;
3810;901155976;2019-12-31;2018;MILES;4604131;0;861969;0;5466100;24432000;0;0;64215;0;24496215;29962315;0;393591;0;35038;0;0;428629;0;4619202;0;0;0;4619202;5047831;25499663;0;0;-585179;0;0;24914484;29962315;
3811;860032463;2019-12-31;2019;MILES;57986818;22945286;51437439;34686592;167056135;12228416;0;0;253994086;0;266222502;433278637;2317906;64041286;0;0;20955122;0;87314314;129882696;0;0;0;99536289;229418985;316733299;200;0;107;488378367;0;-371833336;116545338;433278637;
3812;860032463;2019-12-31;2018;MILES;67983303;29260676;58400180;32023825;187667984;22132805;0;0;214398237;0;236531042;424199026;2125545;44044269;0;0;21759164;0;67928978;115365873;0;0;0;99225841;214591714;282520692;200;0;107;466746142;0;-325068115;141678334;424199026;
3813;860002175;2019-12-31;2019;MILES;20008901;125767920;376286121;210862063;732925005;443000777;0;0;112591170;0;555591947;1288516952;18352996;95394100;4343626;39306458;50258656;0;207655836;1352663;0;9850251;0;6582628;17785542;225441378;2912565;0;289868898;65571919;0;704722192;1063075574;1288516952;
3814;860002175;2019-12-31;2018;MILES;2120679;176783920;402526997;167427131;748858727;429328865;0;0;106610655;0;535939520;1284798247;4690677;96979758;4307999;35019541;36515987;0;177513962;0;0;7822937;0;6740282;14563219;192077181;2912565;0;350616582;-55637471;0;794829390;1092721066;1284798247;
3815;813004094;2019-12-31;2019;MILES;2529738;4209373;102668675;19146232;128554018;122057;0;1225575;857328;0;2204960;130758978;58929390;58144415;0;0;1891251;302372;119267428;0;0;264387;0;0;264387;119531815;5600000;0;1244714;3976473;0;405976;11227163;130758978;
3816;813004094;2019-12-31;2018;MILES;231693;2509090;39464282;16098367;58303432;730899;0;3323579;171644;0;4226122;62529554;8047272;41838608;0;0;1238311;503598;51627789;0;0;192377;0;0;192377;51820166;5600000;0;995351;3279745;0;834292;10709388;62529554;
3817;900074666;2019-12-31;2019;MILES;8446;13798;519752;855886;1397882;970408;477442;0;125671;477442;2050963;3448845;0;4896637;0;8640;117959;2958;5026194;2631533;0;301943;0;0;2933476;7959670;776532;0;218647;-6329583;0;823579;-4510825;3448845;
3818;900074666;2019-12-31;2018;MILES;1695;127504;568911;1119047;1817157;992216;477442;0;366546;477442;2313646;4130803;1836737;5072669;0;8371;137784;2913;7058474;764551;0;307268;0;0;1071819;8130293;776532;0;218647;-5952500;0;957831;-3999490;4130803;
3819;830095563;2019-12-31;2019;MILES;15042812;31718805;5433875;99757;52295249;183567;0;0;121640881;0;121824448;174119697;0;17260461;0;0;0;35024698;52285159;0;49103715;0;0;1595400;50699115;102984274;9659090;312537142;-56262807;-194798002;0;0;71135423;174119697;
3820;830095563;2019-12-31;2018;MILES;19504436;3948935;9126920;258458;32838749;414128;0;0;210763975;0;211178103;244016852;16380157;32552892;0;0;1472120;431022;50836191;48715512;47916687;0;0;35061825;131694024;182530215;9659090;312537142;-55957457;-204752138;0;0;61486637;244016852;
3821;800013349;2019-12-31;2019;MILES;210902;256675;8129430;8956930;17553937;17797684;0;0;102344;0;17900028;35453965;4593158;6366732;0;0;0;11323;10971213;0;0;599664;0;0;599664;11570877;255499;0;8581538;8083832;0;6962219;23883088;35453965;
3822;800013349;2019-12-31;2018;MILES;385563;205062;7127008;6254106;13971739;12082366;0;3065297;83379;0;15231042;29202781;2800961;5897608;0;0;0;10602;8709171;0;0;533379;0;0;533379;9242550;255499;0;7779983;7711421;0;4213328;19960231;29202781;
3823;901079457;2019-12-31;2019;MILES;396866;6183784;12875004;19057;19474711;49605958;0;0;0;0;49605958;69080669;0;68360033;0;137564;11508;0;68509105;0;0;0;0;0;0;68509105;20000;0;7513;544051;0;0;571564;69080669;
3824;901079457;2019-12-31;2018;MILES;801781;5341503;6363118;7196;12513598;45677715;0;0;2730634;0;48408349;60921947;0;60436545;0;81074;244932;0;60762551;0;0;0;0;0;0;60762551;20000;0;4524;134872;0;0;159396;60921947;
3825;800192571;2019-12-31;2019;MILES;6880927;302875;707460;12003494;19894756;4423659;0;295531;37629558;0;42348748;62243504;11735760;1121690;0;195501;149684;194630;13397265;2323371;12069519;114114;0;19125524;33632528;47029793;1000000;0;512467;10993927;0;2707317;15213711;62243504;
3826;800192571;2019-12-31;2018;MILES;2045739;17700;157222;16649440;18870101;4208066;0;269528;30636642;0;35114236;53984337;6733561;836338;0;169922;266248;8631324;16637393;2190000;12778828;102732;0;7284584;22356144;38993537;1000000;0;512467;11007927;0;2470406;14990800;53984337;
3827;860019063;2019-12-31;2019;MILES;7224;18994;40179;95292;161689;9566;0;51053;6895;0;67514;229203;75344;21272;0;2095;0;10466;109177;38300;0;244;0;0;38544;147721;400;10479;61538;6379;0;2686;81482;229203;
3828;860019063;2019-12-31;2018;MILES;20958;14107;40643;75122;150830;8940;0;45664;2140;0;56744;207574;97361;21817;0;1532;0;10335;131045;0;0;244;0;0;244;131289;400;10479;56519;6539;0;2348;76285;207574;
3829;860029964;2019-12-31;2019;MILES;537155;773573;5873909;23173203;30357840;3173188;0;0;7431099;0;10604287;40962127;1562963;48989541;0;759913;133833;0;51446250;0;0;1515467;0;0;1515467;52961717;60000;467708;32247;-13258677;0;699132;-11999590;40962127;
3830;860029964;2019-12-31;2018;MILES;1259836;687173;7223679;24047246;33217934;3734645;0;0;4563640;0;8298285;41516219;3;48360215;0;763603;122496;0;49246317;0;0;1052610;0;0;1052610;50298927;60000;467708;32247;-10041795;0;699132;-8782708;41516219;
3831;860005669;2019-12-31;2019;MILES;37373385;11882547;61809341;33779917;144845190;24939390;0;0;5547403;0;30486793;175331983;0;28843250;2234913;2995294;19248786;901239;54223482;0;0;0;0;1752990;1752990;55976472;41002736;12047868;20501368;45803539;0;0;119355511;175331983;
3832;860005669;2019-12-31;2018;MILES;40385855;12056734;45740271;35082930;133265790;26669661;0;0;6854681;0;33524342;166790132;0;20406680;2512917;4283255;19893187;0;47096039;0;0;0;0;500772;500772;47596811;41002736;12047868;20501368;45641349;0;0;119193321;166790132;
3833;805011074;2019-12-31;2019;MILES;74774737;9633864;27850205;135612038;247870844;154324140;0;0;20834111;0;175158251;423029095;2215698;233116388;5678310;7556016;0;17907940;266474352;0;81055589;0;0;51158790;132214379;398688731;750000;37177700;375000;-13962336;0;0;24340364;423029095;
3834;805011074;2019-12-31;2018;MILES;58775431;18002634;23766487;109568123;210112675;35849009;0;0;17147406;0;52996415;263109090;94332;162181276;3576641;6670008;0;10398771;182921028;0;0;0;0;75275856;75275856;258196884;750000;37177700;138850;-33154344;0;0;4912206;263109090;
3835;860002392;2019-12-31;2019;MILES;18163419;2179078;168646822;66931770;255921089;88014594;3097442;0;1876410;3097442;96085888;352006977;3615545;61712443;5188394;8951199;0;0;79467581;51482830;72397833;0;0;0;123880663;203348244;33180803;32655336;23846579;58976015;0;0;148658733;352006977;
3836;860002392;2019-12-31;2018;MILES;22954724;845130;160511804;47086755;231398413;44813368;3371297;0;1471140;3371297;53027102;284425515;0;63213883;8007565;7629412;6888152;0;85739012;3187363;72709915;751741;0;0;76649019;162388031;33180803;32655336;15800341;40401004;0;0;122037484;284425515;
3837;860004864;2019-12-31;2019;MILES;78991051;2305555;321538730;79398621;482233957;4224387302;881706;0;83583388;881706;4309734102;4791968059;16937703;259482488;0;27596353;9843832;86713012;400573388;38545943;15006382;616562928;0;297720127;967835380;1368408768;52411743;0;1201646318;7634988602;0;-5465487372;3423559291;4791968059;
3838;860004864;2019-12-31;2018;MILES;29673804;9939571;137656847;143871016;321141238;3938297170;940149;0;82533517;940149;4022710985;4343852223;0;255669755;0;23980467;137822232;52286473;469758927;0;24832449;595183683;0;199157931;819174063;1288932990;52411743;0;1136675912;7282360923;0;-5416529345;3054919233;4343852223;
3839;900138663;2019-12-31;2019;MILES;359219;0;5877500;0;6236719;56575;5232215;355646984;22638507;5232215;388806496;395043215;0;3380368;0;0;14614638;0;17995006;112409300;0;0;0;225885;112635185;130630191;4362400;81426009;2935245;-97629197;0;273318567;264413024;395043215;
3840;900138663;2019-12-31;2018;MILES;876024;0;5333057;0;6209081;94146;5752749;376396398;22779476;5752749;410775518;416984599;0;625075;0;0;14525244;0;15150319;120653337;0;0;0;340383;120993720;136144039;4362400;81426009;2935245;-89684103;0;281801009;280840560;416984599;
3841;900476067;2019-12-31;2019;MILES;16099863;97659;8720911;14986497;39904930;1213883;0;0;103635;0;1317518;41222448;337850;10043368;18916;0;2444820;25779;12870733;523576;0;0;0;0;523576;13394309;280000;0;0;27548139;0;0;27828139;41222448;
3842;900476067;2019-12-31;2018;MILES;12429694;74222;7838836;10850665;31193417;556666;0;0;926485;0;1483151;32676568;117228;12006853;6498;0;1971717;210419;14312715;98327;0;0;0;0;98327;14411042;280000;0;0;17985526;0;0;18265526;32676568;
3843;891408584;2019-12-31;2019;MILES;10499447;23351697;13207082;8780329;55838555;179372496;0;0;35419395;0;214791891;270630446;0;79663127;0;0;8691802;0;88354929;125275;0;38272655;0;95087261;133485191;221840120;4310088;0;2179412;41411514;0;889312;48790326;270630446;
3844;891408584;2019-12-31;2018;MILES;14128122;18619736;8807347;10547251;52102456;50252703;0;0;311337;0;50564040;102666496;0;45045174;0;0;9387851;0;54433025;264971;0;2624919;0;6162217;9052107;63485132;4310088;0;2179412;31802552;0;889312;39181364;102666496;
3845;860350564;2019-12-31;2019;MILES;6419354;3754367;4904383;319471;15397575;2718694;0;0;823414;0;3542108;18939683;66667;5957629;3000;456483;87504;1359240;7930523;0;0;689663;0;0;689663;8620186;377000;0;231215;9711282;0;0;10319497;18939683;
3846;860350564;2019-12-31;2018;MILES;7810869;1634133;4057237;355798;13858037;3202549;0;0;298931;0;3501480;17359517;50000;5021850;3000;423165;64350;1345997;6908362;0;0;699602;0;0;699602;7607964;377000;0;231215;9143338;0;0;9751553;17359517;
3847;890937066;2019-12-31;2019;MILES;326835;206542;3702295;6206087;10441759;487330;0;0;1292568;0;1779898;12221657;371;11684661;0;212875;133920;318327;12350154;0;0;385658;0;0;385658;12735812;51000;414250;33223;-1262228;0;249600;-514155;12221657;
3848;890937066;2019-12-31;2018;MILES;383279;535377;5009039;7812298;13739993;563640;0;0;782820;0;1346460;15086453;0;14690300;0;97272;31;0;14787603;0;0;338986;0;0;338986;15126589;51000;414250;33223;-788209;0;249600;-40136;15086453;
3849;900401465;2019-12-31;2019;MILES;464309;812717;1417052;31086;2725164;1091672;0;0;350076;0;1441748;4166912;0;2180804;0;150126;263596;131276;2725802;0;252552;0;0;284899;537451;3263253;1400000;0;0;-496341;0;0;903659;4166912;
3850;900401465;2019-12-31;2018;MILES;892135;584438;982241;158073;2616887;418898;405200;0;-346880;405200;882418;3499305;0;1376214;0;84876;252254;80155;1793499;0;1379870;1591;0;0;1381461;3174960;400000;0;0;-75655;0;0;324345;3499305;
3851;830075976;2019-12-31;2019;MILES;8393074;6528349;42031975;10540719;67494117;121061;0;0;0;0;121061;67615178;22482926;29628887;2064444;1439486;136941;5780584;61533268;0;0;0;0;0;0;61533268;974788;0;490776;4616346;0;0;6081910;67615178;
3852;830075976;2019-12-31;2018;MILES;10835651;4622935;38845112;10186510;64490208;299135;0;0;0;0;299135;64789343;21429875;18921022;664449;1538415;332298;7834448;50720507;0;0;0;0;0;0;50720507;974788;0;490776;12603272;0;0;14068836;64789343;
3853;800198467;2019-12-31;2019;MILES;1767135;328476;883467;7955073;10934151;4064592;0;0;7556;0;4072148;15006299;2301558;3347082;0;0;344981;321802;6315423;3164187;0;994257;0;0;4158444;10473867;700000;0;488347;3119322;0;224763;4532432;15006299;
3854;800198467;2019-12-31;2018;MILES;977970;370941;971658;8089461;10410030;4172003;0;0;15841;0;4187844;14597874;3962922;3003780;0;0;446289;296650;7709641;1445773;0;1006598;0;0;2452371;10162012;700000;0;483190;3027909;0;224763;4435862;14597874;
3855;830045768;2019-12-31;2019;MILES;3430623;4770660;10978849;12787468;31967600;10164345;0;0;1322474;0;11486819;43454419;18691;31553294;165834;573444;928064;0;33239327;0;0;0;0;563299;563299;33802626;800000;32099151;1541961;-24789319;0;0;9651793;43454419;
3856;830045768;2019-12-31;2018;MILES;2274123;2174340;8279391;10484968;23212822;5272861;0;0;352446;0;5625307;28838129;0;19333481;0;499444;643093;0;20476018;0;0;0;0;0;0;20476018;800000;32099151;1541961;-26079001;0;0;8362111;28838129;
3857;900172963;2019-12-31;2019;MILES;18487059;0;7631498;16961905;43080462;1091108;0;0;3325444;0;4416552;47497014;0;30382120;0;0;6934596;2197426;39514142;0;0;0;0;317568;317568;39831710;342062;0;171030;7152212;0;0;7665304;47497014;
3858;900172963;2019-12-31;2018;MILES;13371612;0;8521577;11875518;33768707;1318024;0;0;1551491;0;2869515;36638222;0;21713815;0;0;4724451;2183238;28621504;0;0;0;0;0;0;28621504;342062;0;171030;7503626;0;0;8016718;36638222;
3859;900097463;2019-12-31;2019;MILES;44136021;823356;22053228;0;67012605;1293592;4551219;0;1901864;4551219;12297894;79310499;0;2062930;0;167200;66466;3194682;5491278;0;0;0;0;0;0;5491278;8000000;0;4139617;-320396;0;62000000;73819221;79310499;
3860;900097463;2019-12-31;2018;MILES;10340767;865791;22332172;0;33538730;374272;52393143;0;-45823344;52393143;59337214;92875944;4402792;4566877;0;349245;9006;3084121;12412041;7417088;0;0;0;0;7417088;19829129;8000000;0;4139617;-1092802;0;62000000;73046815;92875944;
3861;830120172;2019-12-31;2019;MILES;3193;0;9273903;0;9277096;6751422;0;49793686;0;0;56545108;65822204;0;17832112;0;0;0;0;17832112;24750414;0;0;0;0;24750414;42582526;39860000;0;276988;-20954310;0;4057000;23239678;65822204;
3862;830120172;2019-12-31;2018;MILES;2148;0;8368581;9328;8380057;7015954;0;49377533;0;0;56393487;64773544;0;15975347;0;0;0;0;15975347;0;0;0;0;25163558;25163558;41138905;39860000;0;276988;-16909773;0;407424;23634639;64773544;
3863;901032662;2019-12-31;2019;MILES;3725044;21334195;14191523;28659419;67910181;4795336;0;0;88861037;0;93656373;161566554;0;94526263;0;690075;688874;27208625;123113837;0;0;365567;0;22631069;22996636;146110473;2100028;0;0;-307965067;0;321321120;15456081;161566554;
3864;901032662;2019-12-31;2018;MILES;877501;18082901;13166755;12533671;44660828;5854619;0;0;98678894;0;104533513;149194341;0;42774868;0;786315;1224461;27430658;72216302;0;0;941077;0;245993307;246934384;319150686;2100000;0;0;-172056345;0;0;-169956345;149194341;
3865;900372462;2019-12-31;2019;MILES;37247;1386891;16096775;3795999;21316912;4223096;0;0;41748;0;4264844;25581756;0;8530214;0;306714;642698;0;9479626;0;1464994;0;0;490672;1955666;11435292;2900000;0;5655210;5591254;0;0;14146464;25581756;
3866;900372462;2019-12-31;2018;MILES;30935;48259;22595214;3253811;25928219;2864839;0;0;17253;0;2882092;28810311;0;5626905;0;265303;2444426;0;8336634;0;0;0;0;434888;434888;8771522;2900000;0;5655210;11483579;0;0;20038789;28810311;
3867;890106778;2019-12-31;2019;MILES;66452;549017;3023609;769088;4408166;14215;15187891;3528;-15033425;15187891;15360100;19768266;0;5723763;0;0;410557;0;6134320;0;30179839;0;0;0;30179839;36314159;11042000;0;1707146;-34288269;0;4993230;-16545893;19768266;
3868;890106778;2019-12-31;2018;MILES;174728;2117927;2263621;2932452;7488728;14215;12135350;3528;-12124195;12135350;12164248;19652976;0;6084284;0;0;376451;0;6460735;0;24119838;0;0;0;24119838;30580573;11042000;0;1707146;-28669973;0;4993230;-10927597;19652976;
3869;900412466;2019-12-31;2019;MILES;164473;2758939;13359094;5320879;21603385;103805349;0;0;1061409;0;104866758;126470143;14326101;79567192;0;4780180;486611;0;99160084;0;5609945;5205391;0;0;10815336;109975420;100000;0;14653370;1741353;0;0;16494723;126470143;
3870;900412466;2019-12-31;2018;MILES;145630;4123014;6136939;5557978;15963561;95480466;0;0;1600181;0;97080647;113044208;0;69186288;0;4433659;768052;0;74387999;13925957;5984988;5094445;0;0;25005390;99393389;100000;0;12534861;1015958;0;0;13650819;113044208;
3871;800208865;2019-12-31;2019;MILES;19997108;111531;807301;7839179;28755119;4957727;53789;0;7859792;53789;12925097;41680216;429457;11881131;0;0;3287442;2207742;17805772;0;0;414592;0;7636722;8051314;25857086;25644;0;12822;15784664;0;0;15823130;41680216;
3872;800208865;2019-12-31;2018;MILES;15339828;144781;715353;5540234;21740196;4994013;82652;0;131822;82652;5291139;27031335;558150;10388994;0;0;1829508;768915;13545567;456391;0;369109;0;1106421;1931921;15477488;25644;0;12822;11515381;0;0;11553847;27031335;
3873;900217771;2019-12-31;2019;MILES;396985;0;7815029;12939985;21151999;258363449;0;60636;50400904;0;308824989;329976988;426677;21278526;143269;656689;0;838418;23343579;291220;11197545;0;3878035;0;15366800;38710379;770000;0;0;-32276230;0;322772839;291266609;329976988;
3874;900217771;2019-12-31;2018;MILES;7072615;0;471460;3017980;10562055;234958343;0;58620;36927552;0;271944515;282506570;0;10951281;66709;548163;0;0;11566153;0;8343660;2406168;0;0;10749828;22315981;770000;0;0;-17147619;0;276568208;260190589;282506570;
3875;816008064;2019-12-31;2019;MILES;1207937;34102;2447164;5747615;9436818;342014;0;0;13502;0;355516;9792334;3411410;633723;0;0;384846;0;4429979;2196727;0;19963;0;474506;2691196;7121175;1000000;900000;200100;571059;0;0;2671159;9792334;
3876;816008064;2019-12-31;2018;MILES;1020817;42099;2158736;5716054;8937706;356879;0;0;23109;0;379988;9317694;1681150;1594838;0;0;66158;0;3342146;2970294;0;12731;0;474506;3457531;6799677;1000000;900000;156641;461376;0;0;2518017;9317694;
3877;860010268;2019-12-31;2019;MILES;2749412;644282;12413864;12023638;27831196;6831961;0;0;381985;0;7213946;35045142;2349361;1802472;0;0;0;1226035;5377868;0;0;0;0;0;0;5377868;228258;5789568;1911674;21737774;0;0;29667274;35045142;
3878;860010268;2019-12-31;2018;MILES;3814060;627512;13715368;10339410;28496350;7275161;0;0;15030;0;7290191;35786541;3133738;1308586;67777;0;230297;1266139;6006537;0;0;0;0;0;0;6006537;228258;5789568;1911674;21850504;0;0;29780004;35786541;
3879;890918965;2019-12-31;2019;MILES;1220773;23509632;108951501;39293585;172975491;78774537;33260068;0;-22439561;33260068;122855112;295830603;57186093;57410745;0;0;3537158;22859221;140993217;34502118;0;5311207;0;4067491;43880816;184874033;231000;16960489;168690;77686726;0;15909665;110956570;295830603;
3880;890918965;2019-12-31;2018;MILES;1192303;11606388;78781205;44402428;135982324;74166428;38540966;0;-28018324;38540966;123230036;259212360;39289478;66766877;0;0;1029187;26461846;133547388;20625347;0;4902415;0;2609037;28136799;161684187;231000;16960489;168690;64258329;0;15909665;97528173;259212360;
3881;800170865;2019-12-31;2019;MILES;3356247;1709536;10228792;1240933;16535508;6263134;0;26097825;45763855;0;78124814;94660322;0;3161413;0;625753;1199418;2018703;7005287;0;0;0;0;2098744;2098744;9104031;1575002;78914398;1523653;3543238;0;0;85556291;94660322;
3882;800170865;2019-12-31;2018;MILES;766142;769009;3933393;1146291;6614835;3340623;0;11242116;25486091;0;40068830;46683665;0;2569247;0;406423;823518;622800;4421988;0;0;5597;0;0;5597;4427585;1287001;37402399;1243365;2323315;0;0;42256080;46683665;
3883;891903392;2019-12-31;2019;MILES;1859262;43792;7318699;4029151;13250904;6979748;0;0;66175;0;7045923;20296827;83720;6663647;280912;0;1379246;222186;8629711;0;0;0;0;1086872;1086872;9716583;347000;0;258725;9974519;0;0;10580244;20296827;
3884;891903392;2019-12-31;2018;MILES;1990227;42083;7066591;3261132;12360033;6567051;0;0;70222;0;6637273;18997306;0;5496530;195679;0;1658830;213906;7564945;0;0;0;0;992231;992231;8557176;347000;0;257789;9835341;0;0;10440130;18997306;
3885;800251760;2019-12-31;2019;MILES;8303085;9583361;35577578;21184865;74648889;2459918;0;4015541;11999868;0;18475327;93124216;0;5247172;0;1311399;230721;0;6789292;636399;0;0;0;0;636399;7425691;230128;8782870;10803979;65167230;0;714318;85698525;93124216;
3886;800251760;2019-12-31;2018;MILES;10193222;12173839;25937611;28811483;77116155;1354419;0;4171201;10496844;0;16022464;93138619;0;15607899;0;1557765;84972;0;17250636;98211;0;0;0;0;98211;17348847;230128;8782870;10802979;55957032;0;16763;75789772;93138619;
3887;900192570;2019-12-31;2019;MILES;5633627;2607738;148871;0;8390236;41159731;0;8943000;173698995;0;223801726;232191962;5348464;6237501;0;0;501248;0;12087213;13331876;0;33430539;0;0;46762415;58849628;4200000;0;107093229;62049105;0;0;173342334;232191962;
3888;900192570;2019-12-31;2018;MILES;2993556;572644;1227;0;3567427;33865385;0;8851000;159311502;0;202027887;205595314;6589642;2990996;0;0;487516;0;10068154;9217267;0;37468479;0;0;46685746;56753900;4200000;0;85740047;58901367;0;0;148841414;205595314;
3889;900543169;2019-12-31;2019;MILES;2008695;2289906;3648129;0;7946730;135989;0;0;246042;0;382031;8328761;722301;4272924;0;0;1823173;396859;7215257;0;0;0;0;0;0;7215257;223257;1;0;890246;0;0;1113504;8328761;
3890;900543169;2019-12-31;2018;MILES;1061735;906696;5123390;0;7091821;132116;0;0;503327;0;635443;7727264;12321;6486498;0;0;0;536354;7035173;0;0;0;0;0;0;7035173;223258;0;0;468833;0;0;692091;7727264;
3891;830073570;2019-12-31;2019;MILES;327719;3156167;13931411;35990374;53405671;125769;0;0;4963811;0;5089580;58495251;15395164;18355443;324768;884233;0;1299804;36259412;0;3047403;0;0;0;3047403;39306815;3659981;10322603;7061979;-1856127;0;0;19188436;58495251;
3892;830073570;2019-12-31;2018;MILES;403728;1558963;15841613;32961347;50765651;154368;0;0;2247286;0;2401654;53167305;13057533;18404343;310843;907282;0;1778696;34458697;0;0;0;0;0;0;34458697;3659981;10322603;6921125;-2195101;0;0;18708608;53167305;
3893;813003663;2019-12-31;2019;MILES;5245069;0;11511543;15490709;32247321;21684101;0;0;0;0;21684101;53931422;721939;6808861;0;0;2561309;0;10092109;0;0;2277180;0;0;2277180;12369289;315900;0;-13954020;55200253;0;0;41562133;53931422;
3894;813003663;2019-12-31;2018;MILES;2478873;0;11620727;15443745;29543345;23143792;0;0;0;0;23143792;52687137;328799;21024819;0;0;1278168;0;22631786;0;0;3197724;0;0;3197724;25829510;315900;0;-12987245;39528972;0;0;26857627;52687137;
3895;800005260;2019-12-31;2019;MILES;13824296;1322407;13537627;27059581;55743911;6082141;0;568217;1500000;0;8150358;63894269;0;17461993;0;501388;2365346;0;20328727;0;0;756622;0;867221;1623843;21952570;7000000;0;22455885;11905345;0;580469;41941699;63894269;
3896;800005260;2019-12-31;2018;MILES;17189290;9403;19620126;12912186;49731005;6005035;0;590606;0;0;6595641;56326646;0;8619466;0;443404;2701672;0;11764542;0;0;846353;0;677313;1523666;13288208;7000000;0;26676297;8781672;0;580469;43038438;56326646;
3897;901240463;2019-12-31;2019;MILES;5505;126124;869291;0;1000920;0;0;0;0;0;0;1000920;0;1141763;0;0;0;0;1141763;0;0;0;0;0;0;1141763;1000;0;0;-141843;0;0;-140843;1000920;
3898;800151988;2019-12-31;2019;MILES;3273125;3787778;2700991;9015312;18777206;47087245;0;3300275;1575279;0;51962799;70740005;0;5982641;392473;0;1452539;1529258;9356911;0;0;6733004;0;4325893;11058897;20415808;7236886;3799588;8663326;30624397;0;0;50324197;70740005;
3899;800151988;2019-12-31;2018;MILES;3554093;3391971;8409984;7957453;23313501;44056019;19812;3300275;350587;19812;47746505;71060006;0;6053550;0;0;2276150;1640338;9970038;0;0;5743424;0;701924;6445348;16415386;7236886;3799588;13255850;30352296;0;0;54644620;71060006;
3900;830009573;2019-12-31;2019;MILES;367803;6371482;16522260;26062450;49323995;9838939;0;0;558469;0;10397408;59721403;19083366;11463221;0;0;932528;914102;32393217;0;1669369;1094552;0;0;2763921;35157138;195263;17035969;-1197142;8530175;0;0;24564265;59721403;
3901;830009573;2019-12-31;2018;MILES;590636;6902958;17057394;25693957;50244945;9152916;0;0;844788;0;9997704;60242649;22344836;11536109;0;0;407415;15484;34303844;0;1669369;1525637;0;0;3195006;37498850;195263;17035969;0;5512567;0;0;22743799;60242649;
3902;900175777;2019-12-31;2019;MILES;802319;509836;5465744;2557328;9335227;405488;0;0;366691;0;772179;10107406;1445533;7505763;0;90182;68038;21736;9131252;176938;0;12997;136416;0;326351;9457603;1655280;0;55379;-1060856;0;0;649803;10107406;
3903;900175777;2019-12-31;2018;MILES;260036;647086;4111935;3118721;8137778;498485;0;0;16726;0;515211;8652989;65208;6580696;0;135279;76458;21677;6879318;281129;0;43333;0;0;324462;7203780;1655280;0;55379;-261450;0;0;1449209;8652989;
3904;830147271;2019-12-31;2019;MILES;471731;3138202;11869646;198053;15677632;1322454;0;0;315986;0;1638440;17316072;2533178;4283303;783188;0;1079027;1395387;10074083;624816;0;0;0;0;624816;10698899;510000;138289;8333822;-2364938;0;0;6617173;17316072;
3905;830147271;2019-12-31;2018;MILES;2613456;1214769;12055435;756435;16640095;316295;0;0;740610;0;1056905;17697000;0;5696933;1780220;0;1129124;1124248;9730525;0;0;0;0;0;0;9730525;510000;138289;8582743;-1264557;0;0;7966475;17697000;
3906;900120562;2019-12-31;2019;MILES;439972;589366;6461396;3619820;11110554;11566207;0;0;1860700;0;13426907;24537461;0;2648690;144244;102109;904263;0;3799306;0;0;1392311;0;0;1392311;5191617;500000;9633128;299896;5454839;0;3457981;19345844;24537461;
3907;900120562;2019-12-31;2018;MILES;146903;402103;2310156;3062486;5921648;11872290;0;0;1579094;0;13451384;19373032;0;1302863;147116;80849;266678;0;1797506;0;0;1433221;0;0;1433221;3230727;500000;9633128;205833;2753429;0;3049915;16142305;19373032;
3908;800059470;2019-12-31;2019;MILES;245118096;44574403;458335478;218904423;966932400;839745904;2396569;0;283753276;2396569;1128292318;2095224718;0;289473696;0;15662606;1309670;0;306445972;0;17264;58100345;0;520528;58638137;365084109;419647087;0;651862133;658631389;0;0;1730140609;2095224718;
3909;800059470;2019-12-31;2018;MILES;54410944;40831530;562365414;265467395;923075283;932501322;1436179;0;165060835;1436179;1100434515;2023509798;0;298281119;0;12045333;6214188;0;316540640;0;17264;89658023;0;442487;90117774;406658414;419647087;0;632524175;564680122;0;0;1616851384;2023509798;
3910;860003563;2019-12-31;2019;MILES;32326000;10425000;171103000;54340000;268194000;53489000;0;0;5237000;0;58726000;326920000;25249000;119719000;9574000;7927000;0;57832000;220301000;30170000;0;0;0;13316000;43486000;263787000;486440;0;29834000;32812560;0;0;63133000;326920000;
3911;860003563;2019-12-31;2018;MILES;36351498;12386147;133079545;56011497;237828687;46340000;0;0;11517006;0;57857006;295685693;34688124;86090290;12496643;10111578;0;49337231;192723866;52870000;0;0;0;2081827;54951827;247675693;486440;0;29834000;17689560;0;0;48010000;295685693;
3912;830022462;2019-12-31;2019;MILES;21265865;0;32678943;23216431;77161239;3175577;0;0;16208962;0;19384539;96545778;0;30661703;0;0;3948550;3625503;38235756;0;0;0;0;0;0;38235756;407447;0;242159;57660416;0;0;58310022;96545778;
3913;830022462;2019-12-31;2018;MILES;52880322;0;28556387;20575562;102012271;5433161;0;0;13770877;0;19204038;121216309;0;57682651;0;0;2230697;0;59913348;0;0;0;0;0;0;59913348;407447;0;242159;60653355;0;0;61302961;121216309;
3914;900197265;2019-12-31;2019;MILES;7668699;4267572;4941041;26281544;43158856;7105499;0;0;0;0;7105499;50264355;0;38687550;0;1676136;1272474;8365245;50001405;0;0;0;0;0;0;50001405;45852597;28298883;0;-73888530;0;0;262950;50264355;
3915;900197265;2019-12-31;2018;MILES;5999048;3365954;4659942;24582976;38607920;4177656;0;0;0;0;4177656;42785576;0;15761823;0;1622884;937682;0;18322389;0;0;0;0;0;0;18322389;45852597;28298883;0;-49688293;0;0;24463187;42785576;
3916;800156165;2019-12-31;2019;MILES;49764;619053;1178529;603226;2450572;2932953;0;0;7752760;0;10685713;13136285;870964;10373303;0;517644;3095114;134154;14991179;764277;0;30796;0;0;795073;15786252;731253;0;0;-3658387;0;277167;-2649967;13136285;
3917;800156165;2019-12-31;2018;MILES;449952;406749;1988741;892939;3738381;5240935;0;0;2638544;0;7879479;11617860;1479978;5873357;0;415159;338775;260227;8367496;1134466;0;254858;0;0;1389324;9756820;731253;0;1915244;-1062624;0;277167;1861040;11617860;
3918;830006265;2019-12-31;2019;MILES;27304651;5588109;8590412;0;41483172;528533;0;0;1422944;0;1951477;43434649;0;2195372;0;0;2405926;1436284;6037582;0;0;0;0;0;0;6037582;2094500;9563400;1094319;24644848;0;0;37397067;43434649;
3919;830006265;2019-12-31;2018;MILES;18356646;4395199;18423018;0;41174863;1403136;0;0;2111322;0;3514458;44689321;0;0;0;476074;0;0;476074;3240410;6210842;0;0;6162260;15613512;16089586;2094500;9563400;1094319;15847516;0;0;28599735;44689321;
3920;800229663;2019-12-31;2019;MILES;1239277;474916;2581374;0;4295567;1142521;0;0;1257831;0;2400352;6695919;0;1644641;0;1107347;805309;1754700;5311997;0;0;0;0;0;0;5311997;180000;164960;90000;948962;0;0;1383922;6695919;
3921;800229663;2019-12-31;2018;MILES;3268057;1162230;2213815;0;6644102;1384769;0;0;1489084;0;2873853;9517955;0;3709607;0;1044956;1218593;1348230;7321386;0;0;122013;0;0;122013;7443399;180000;164960;90000;1639596;0;0;2074556;9517955;
3922;802012463;2019-12-31;2019;MILES;156066;1326120;11328908;57232;12868326;605990;0;0;1204634;0;1810624;14678950;2665869;1028773;96215;113140;0;152792;4056789;174353;4304289;6051;0;454056;4938749;8995538;2766733;0;5762021;-2845342;0;0;5683412;14678950;
3923;802012463;2019-12-31;2018;MILES;469947;1549253;12657156;165226;14841582;1401659;431260;0;302160;431260;2566339;17407921;2785961;6925099;0;120664;0;38498;9870222;0;91002;0;1557071;0;1648073;11518295;2766733;0;4486712;-1363819;0;0;5889626;17407921;
3924;860052764;2019-12-31;2019;MILES;10822;58822;452173;7355806;7877623;10640490;13672021;0;-4529794;13672021;33454738;41332361;0;4214514;202554;366238;10348;2737;4796391;0;571986;698803;0;0;1270789;6067180;450000;0;13731919;21083262;0;0;35265181;41332361;
3925;860052764;2019-12-31;2018;MILES;5106;317047;12180288;6961764;19464205;11023432;34318;0;9459181;34318;20551249;40015454;0;4866549;198905;309832;0;39392;5414678;0;114433;755566;0;0;869999;6284677;450000;0;13423927;19856850;0;0;33730777;40015454;
3926;830002560;2019-12-31;2019;MILES;592977;3865713;17176112;28045175;49679977;4804174;0;0;932777;0;5736951;55416928;1783706;16295561;527698;946482;461703;271119;20286269;0;4196181;0;0;0;4196181;24482450;850;0;-924743;9764840;0;22093531;30934478;55416928;
3927;830002560;2019-12-31;2018;MILES;146609;3404198;13138363;28608512;45297682;3796604;0;0;4747;0;3801351;49099033;0;13963302;381773;577605;298346;212200;15433226;0;0;746511;0;256218;1002729;16435955;850;0;4206967;9248002;0;19207259;32663078;49099033;
3928;890317665;2019-12-31;2019;MILES;818359;671732;8109690;6810595;16410376;5382361;0;2033744;211336;0;7627441;24037817;1306740;7808984;0;115188;548245;2016128;11795285;0;0;100147;0;0;100147;11895432;2020770;0;1010385;3493477;0;5617753;12142385;24037817;
3929;890317665;2019-12-31;2018;MILES;1867093;949402;8983940;6550791;18351226;5510361;0;2087600;221084;0;7819045;26170271;0;11837224;0;129279;434319;2422919;14823741;0;0;327546;0;0;327546;15151287;2020770;0;1010385;2622754;0;5365075;11018984;26170271;
3930;900440160;2019-12-31;2019;MILES;569737;1612589;3853514;1089438;7125278;849158;0;0;276042;0;1125200;8250478;0;3039150;0;626759;498075;323290;4487274;0;0;0;0;0;0;4487274;8000;0;4000;3751204;0;0;3763204;8250478;
3931;900440160;2019-12-31;2018;MILES;906411;970225;5143302;1583642;8603580;930897;0;0;48854;0;979751;9583331;468081;3656753;0;674719;582364;0;5381917;0;0;0;0;0;0;5381917;8000;0;4000;4189414;0;0;4201414;9583331;
3932;830119070;2019-12-31;2019;MILES;7001;2206270;4632713;10460235;17306219;874880;0;0;0;0;874880;18181099;295202;987831;0;98287;2783;1322850;2706953;0;3507600;0;0;9570714;13078314;15785267;1500000;0;203983;691849;0;0;2395832;18181099;
3933;830119070;2019-12-31;2018;MILES;4887;2402327;4239404;2886648;9533266;131620;0;0;0;0;131620;9664886;449012;325058;0;86249;28039;1322793;2211151;0;483200;0;0;4653544;5136744;7347895;1500000;0;203983;613008;0;0;2316991;9664886;
3934;900442467;2019-12-31;2019;MILES;86173;36039;134913;0;257125;0;508168;2021697;196463247;508168;199501280;199758405;0;9796;0;0;1;0;9797;0;2766888;9804224;0;0;12571112;12580909;2023050;1157045;1011525;50107822;0;132878054;187177496;199758405;
3935;900442467;2019-12-31;2018;MILES;134247;0;134913;0;269160;0;460901;1289827;238631706;460901;240843335;241112495;0;206543;0;0;32154;0;238697;0;2333791;12019451;0;0;14353242;14591939;2023050;1157045;1011525;89450882;0;132878054;226520556;241112495;
3936;900738273;2019-12-31;2019;MILES;3964;35761;0;0;39725;0;0;0;115713834;0;115713834;115753559;0;77;0;0;0;0;77;0;559176;4920783;0;0;5479959;5480036;19724;0;0;106383717;0;3870082;110273523;115753559;
3937;900738273;2019-12-31;2018;MILES;3964;0;0;0;3964;0;0;0;140389090;0;140389090;140393054;0;71;0;0;101366;0;101437;0;395695;5223177;0;0;5618872;5720309;19724;0;0;130782939;0;3870082;134672745;140393054;
3938;830095169;2019-12-31;2019;MILES;8675874;9187637;37840560;37472769;93176840;18775692;0;0;2755343;0;21531035;114707875;24995000;59384271;0;2121147;0;2219064;88719482;0;0;0;0;1862489;1862489;90581971;2490629;0;18801526;2833749;0;0;24125904;114707875;
3939;830095169;2019-12-31;2018;MILES;3186909;5190249;35838299;40817077;85032534;18182762;0;0;3810353;0;21993115;107025649;18495000;62322621;0;2684734;0;1266228;84768583;0;0;0;0;1430782;1430782;86199365;2490629;0;18801526;-465871;0;0;20826284;107025649;
3940;800215062;2019-12-31;2019;MILES;379803;0;7932131;3190488;11502422;19477369;0;0;0;0;19477369;30979791;8066428;554227;0;172630;212376;607086;9612747;486024;0;1385194;0;0;1871218;11483965;305477;2600812;152738;16436799;0;0;19495826;30979791;
3941;800215062;2019-12-31;2018;MILES;65084;29;10121439;4605483;14792035;19419528;0;0;8166;0;19427694;34219729;5082246;1434988;0;97527;156897;452011;7223669;6752294;0;1379218;0;0;8131512;15355181;305477;2600812;152738;15805521;0;0;18864548;34219729;
3942;891300271;2019-12-31;2019;MILES;2742252;86628;380098;0;3208978;345967;0;3720541;62301028;0;66367536;69576514;0;530279;0;0;143755;101375;775409;0;0;371052;0;0;371052;1146461;6400000;0;59247193;2782860;0;0;68430053;69576514;
3943;891300271;2019-12-31;2018;MILES;114107;69919;533603;0;717629;365859;0;3772498;57025095;0;61163452;61881081;0;395150;0;0;151657;116493;663300;0;0;428460;0;0;428460;1091760;6400000;0;53774872;614449;0;0;60789321;61881081;
3944;800215063;2019-12-31;2019;MILES;290159;110006;4781809;5236184;10418158;23480793;0;0;2146899;0;25627692;36045850;2730883;909144;0;80038;320002;297259;4337326;14395577;0;1215044;0;0;15610621;19947947;364000;595490;182000;14956413;0;0;16097903;36045850;
3945;800215063;2019-12-31;2018;MILES;100331;0;3903214;4038371;8041916;23812826;0;0;2135523;0;25948349;33990265;3763618;890516;0;83487;238639;0;4976260;11999037;0;1212601;0;0;13211638;18187898;364000;595490;182000;14660877;0;0;15802367;33990265;
3946;890900066;2019-12-31;2019;MILES;469809;2251108;5520240;14163166;22404323;10855577;0;123378;2518535;0;13497490;35901813;8470796;12438941;292789;362975;0;1377351;22942852;8470893;0;0;0;303482;8774375;31717227;1016988;4135198;6646036;-9324730;0;1711094;4184586;35901813;
3947;890900066;2019-12-31;2018;MILES;131845;112814;10909436;18734540;29888635;22824245;14201;123377;4173568;14201;27149592;57038227;12445996;12976087;480407;292988;191820;396222;26783520;20529434;0;715467;0;295752;21540653;48324173;806092;830460;6646036;-2638313;0;3069779;8714054;57038227;
3948;811032967;2019-12-31;2019;MILES;206994;477690;2712469;795662;4192815;680642;0;0;33608;0;714250;4907065;0;2103593;137755;512232;356672;0;3110252;102818;0;0;0;0;102818;3213070;957024;0;91427;645544;0;0;1693995;4907065;
3949;811032967;2019-12-31;2018;MILES;32739;572135;2669230;665503;3939607;2553726;0;0;224977;0;2778703;6718310;1997088;1530206;0;455106;133140;9686;4125226;537563;0;361925;0;0;899488;5024714;957024;0;492193;-569004;0;813383;1693596;6718310;
3950;800254270;2019-12-31;2019;MILES;2202580;0;9952554;5156453;17311587;9378621;127618;0;1261759;127618;10895616;28207203;0;7456991;0;150000;335748;332082;8274821;0;0;2723675;0;0;2723675;10998496;2777860;0;8741088;5689759;0;0;17208707;28207203;
3951;800254270;2019-12-31;2018;MILES;2086564;0;8429230;1781045;12296839;9075530;239387;0;1184828;239387;10739132;23035971;0;3515840;0;146680;166469;195714;4024703;0;0;2806533;0;0;2806533;6831236;2777860;0;8836865;4590010;0;0;16204735;23035971;
3952;900507569;2019-12-31;2019;MILES;3905041;1497334;32585952;2554645;40542972;350316;0;0;0;0;350316;40893288;6312072;4120814;0;0;0;0;10432886;0;31135367;0;0;0;31135367;41568253;10000;0;6033;-103780199;0;103089201;-674965;40893288;
3953;900507569;2019-12-31;2018;MILES;1853696;7496260;35484566;9331892;54166414;355551;0;0;0;0;355551;54521965;8747729;5869140;0;0;0;0;14616869;0;30788908;0;0;0;30788908;45405777;10000;0;6033;-98450949;0;107551104;9116188;54521965;
3954;900381170;2019-12-31;2019;MILES;1;281;146;0;428;8971813;878749;0;-800684;878749;9928627;9929055;0;2769969;0;17897;13176;960;2802002;0;458006;0;0;0;458006;3260008;18030;0;0;-5879244;0;12530261;6669047;9929055;
3955;900381170;2019-12-31;2018;MILES;1;423;172890;0;173314;8974422;683150;0;-605085;683150;9735637;9908951;0;2474066;0;16049;26209;215;2516539;0;413194;0;0;0;413194;2929733;18030;0;0;-5569073;0;12530261;6979218;9908951;
3956;860052070;2019-12-31;2019;MILES;2105668;2593366;1266950;8664071;14630055;9487682;0;0;16292;0;9503974;24134029;4738496;2155117;165895;308429;384706;129433;7882076;1970095;0;125137;0;6785;2102017;9984093;1000000;0;3051680;10098256;0;0;14149936;24134029;
3957;860052070;2019-12-31;2018;MILES;1007115;715248;1224077;8223629;11170069;7879666;0;0;16529;0;7896195;19066264;1599815;2802231;128738;310170;384410;64155;5289519;1983735;0;137213;0;6785;2127733;7417252;1000000;0;1051680;9597332;0;0;11649012;19066264;
3958;830503366;2019-12-31;2019;MILES;1998742;40795;17727553;18328526;38095616;8332188;0;229400;0;0;8561588;46657204;30090553;686930;0;126474;121671;0;31025628;0;0;474240;0;0;474240;31499868;2000000;0;202988;8686192;0;4268156;15157336;46657204;
3959;830503366;2019-12-31;2018;MILES;2458167;112459;19271789;7533777;29376192;8514864;0;229400;0;0;8744264;38120456;21743683;1680674;0;106129;272613;0;23803099;0;0;474240;0;0;474240;24277339;2000000;0;202988;7371973;0;4268156;13843117;38120456;
3960;900804080;2019-12-31;2019;MILES;5284121;18714239;10635040;10617494;45250894;263812;0;0;2765278;0;3029090;48279984;7000000;25479549;0;149963;0;16885952;49515464;0;0;0;0;1355064;1355064;50870528;300000;3252242;0;-6142786;0;0;-2590544;48279984;
3961;900804080;2019-12-31;2018;MILES;4047741;12153373;9388656;8103303;33693073;114137;0;0;1225510;0;1339647;35032720;1000000;23321992;0;162878;0;9282909;33767779;0;0;0;0;0;0;33767779;300000;3252242;0;-2287301;0;0;1264941;35032720;
3962;800200934;2019-12-31;2019;MILES;6760183;22272992;84083403;17630566;130747144;78967741;26249316;0;-17233049;26249316;114233324;244980468;0;197094554;966329;4137760;2171000;3101631;207471274;0;0;0;0;2020841;2020841;209492115;28511167;0;1100925;5876261;0;0;35488353;244980468;
3963;800200934;2019-12-31;2018;MILES;12124346;16520919;92817275;17765676;139228216;84117652;25626898;0;-20844737;25626898;114526711;253754927;0;208448431;1871145;3631330;3599769;2926867;220477542;0;0;0;0;1123249;1123249;221600791;28511167;0;818476;2824493;0;0;32154136;253754927;
3964;900781760;2019-12-31;2019;MILES;130504;5227;0;0;135731;0;614682;0;2708086;614682;3937450;4073181;0;2370;0;0;4;84421;86795;0;0;48416;3838;0;52254;139049;1000;0;500;1015032;0;2917600;3934132;4073181;
3965;900781760;2019-12-31;2018;MILES;71691;0;0;0;71691;0;614682;0;3605822;614682;4835186;4906877;0;450;0;0;1;64755;65206;0;0;158661;7206;0;165867;231073;1000;0;12213;1744991;0;2917600;4675804;4906877;
3966;890900486;2019-12-31;2019;MILES;428041;99202;2228028;2760466;5515737;30458459;2854178;14522866;-2852100;2854178;47837581;53353318;2584265;1973910;0;320952;197259;86806;5163192;1840828;0;3616850;0;3480066;8937744;14100936;2134335;0;-543513;16856593;0;20804967;39252382;53353318;
3967;890900486;2019-12-31;2018;MILES;870374;14299;1976934;2820379;5681986;30463966;2642758;13813375;-2640583;2642758;46922274;52604260;2173297;1671394;0;264408;260235;90235;4459569;3134161;0;3501239;0;3326035;9961435;14421004;2134335;0;-396776;15577739;0;20867958;38183256;52604260;
3968;900277370;2019-12-31;2019;MILES;3405028;10042141;33322741;47092489;93862399;6701125;0;0;40577731;0;47278856;141141255;8789346;85095026;1102883;1274307;2131266;0;98392828;27799663;0;0;0;0;27799663;126192491;987639;9040090;629639;4291396;0;0;14948764;141141255;
3969;900277370;2019-12-31;2018;MILES;4698518;19573980;10068330;47464432;81805260;7339045;0;0;3650023;0;10989068;92794328;1021039;76967572;949383;1242651;1956315;0;82136960;0;0;0;0;0;0;82136960;987639;9040090;0;629639;0;0;10657368;92794328;
3970;900469873;2019-12-31;2019;MILES;840143;30994;8367485;0;9238622;3336717;0;0;146305;0;3483022;12721644;0;708732;0;0;186392;3678050;4573174;0;0;0;0;1937617;1937617;6510791;1891200;0;0;4319653;0;0;6210853;12721644;
3971;900469873;2019-12-31;2018;MILES;583229;36277;7800807;0;8420313;327975;0;0;138083;0;466058;8886371;0;700062;0;0;82677;2819840;3602579;0;0;0;0;0;0;3602579;1891200;0;0;3392592;0;0;5283792;8886371;
3972;900759679;2019-12-31;2019;MILES;10451604;17432504;43811940;25811014;97507062;23017245;0;0;53889051;0;76906296;174413358;248731;61848567;0;155205;6161885;9594277;78008665;326105;0;9554766;0;0;9880871;87889536;2729647;36915068;2290535;44588572;0;0;86523822;174413358;
3973;900759679;2019-12-31;2018;MILES;4291468;11612206;26087034;10119587;52110295;22708237;0;0;53798932;0;76507169;128617464;30192;21200328;0;441660;6859834;14361911;42893925;0;0;8495752;0;0;8495752;51389677;2729647;36915068;0;37583072;0;0;77227787;128617464;
3974;900335668;2019-12-31;2019;MILES;13444;51670;2269101;0;2334215;0;17946;0;-17946;17946;17946;2352161;0;311965;0;399482;102677;0;814124;0;0;0;0;20186;20186;834310;100000;0;34457;1383394;0;0;1517851;2352161;
3975;900335668;2019-12-31;2018;MILES;48951;41044;1872496;0;1962491;0;37318;0;-37318;37318;37318;1999809;0;643984;0;0;84421;0;728405;0;0;0;0;1;1;728406;100000;0;13713;1157690;0;0;1271403;1999809;
3976;900172069;2019-12-31;2019;MILES;609795;831769;3733041;257559;5432164;2705583;0;0;844757;0;3550340;8982504;0;5271028;0;0;11019;57737;5339784;0;0;11188;0;0;11188;5350972;6701640;0;0;-3070108;0;0;3631532;8982504;
3977;900172069;2019-12-31;2018;MILES;171778;1054600;3753882;175780;5156040;1768825;0;0;1104051;0;2872876;8028916;0;4375031;0;0;28888;175325;4579244;0;0;50;0;0;50;4579294;5635311;0;0;-2185689;0;0;3449622;8028916;
3978;890316468;2019-12-31;2019;MILES;10744956;551822;146895;0;11443673;450;0;20577942;16969432;0;37547824;48991497;0;2273065;0;0;0;0;2273065;0;9688614;0;0;0;9688614;11961679;1250000;0;1250000;12003022;0;22526796;37029818;48991497;
3979;890316468;2019-12-31;2018;MILES;7965332;238775;101337;0;8305444;974;0;16815517;17640238;0;34456729;42762173;0;1828259;0;0;0;0;1828259;0;12036561;0;0;0;12036561;13864820;1250000;0;1250000;7962464;0;18434889;28897353;42762173;
3980;900376588;2019-12-31;2019;MILES;1552145;4854667;5719114;121756;12247682;27333;0;14735720;492129;0;15255182;27502864;1547755;800;0;0;57483;1929737;3535775;5445213;0;1619796;0;10983;7075992;10611767;5001;0;74428;16811668;0;0;16891097;27502864;
3981;900376588;2019-12-31;2018;MILES;101822;5049376;5306208;337138;10794544;42158;0;19232000;1247764;0;20521922;31316466;1600340;23688;0;0;397107;4455693;6476828;3612266;0;2069424;0;54653;5736343;12213171;5001;0;74428;19023866;0;0;19103295;31316466;
3982;900329780;2019-12-31;2019;MILES;61061256;18346947;7533463;937849;87879515;309341560;72371821;0;-44817129;72371821;409268073;497147588;0;327252;0;0;3069895;201874;3599021;0;336310031;0;138101;2448281;338896413;342495434;10000;0;0;-31509452;0;186151606;154652154;497147588;
3983;900329780;2019-12-31;2018;MILES;2854443;280431;15079598;398606;18613078;329393250;95133400;0;-59991194;95133400;459668856;478281934;0;604851;0;0;2788742;153762;3547355;62055;339090029;0;73386;0;339225470;342772825;10000;0;0;-50652497;0;186151606;135509109;478281934;
3984;890902168;2019-12-31;2019;MILES;2721606;0;24279726;11822684;38824016;63644581;0;0;589193;0;64233774;103057790;5627947;14611551;805823;1531262;1009738;0;23586321;17034965;0;4746863;0;944488;22726316;46312637;4400000;1963427;7903669;11375878;0;31102179;56745153;103057790;
3985;890902168;2019-12-31;2018;MILES;749474;0;19085108;11477574;31312156;51589269;0;0;0;0;51589269;82901425;4780209;17533179;202953;1411885;660257;0;24588483;8959501;0;5005004;0;944487;14908992;39497475;4400000;1963427;3438568;5642545;0;27959410;43403950;82901425;
3986;900733568;2019-12-31;2019;MILES;13014;1091377;2529518;0;3633909;2637892;0;0;2628587;0;5266479;8900388;664118;1411482;648473;355399;396511;0;3475983;0;0;759802;0;1082282;1842084;5318067;100004;2603263;291;878763;0;0;3582321;8900388;
3987;900733568;2019-12-31;2018;MILES;15590;431980;302138;0;749708;2670414;0;0;2607624;0;5278038;6027746;125953;363297;511643;75029;48456;0;1124378;0;0;795963;0;1258040;2054003;3178381;100004;2603263;0;146098;0;0;2849365;6027746;
3988;900549990;2019-12-31;2019;MILES;3398714;1315805;10002156;0;14716675;0;0;0;7227193;0;7227193;21943868;73479;22739;0;0;1221481;0;1317699;0;0;562014;0;0;562014;1879713;330000;0;15470536;-343038;0;4606657;20064155;21943868;
3989;900549990;2019-12-31;2018;MILES;858785;645357;1296606;0;2800748;6165;0;34634885;1208428;0;35849478;38650226;220415;1123556;0;34661;29060;15356130;16763822;0;0;2704458;0;0;2704458;19468280;330000;0;15470536;-1225247;0;4606657;19181946;38650226;
3990;900174468;2019-12-31;2019;MILES;3525731;23069326;41957498;60088610;128641165;197005825;0;0;14745747;0;211751572;340392737;35144393;46116314;0;3399594;13401399;55360333;153422033;174898;0;7637014;0;67158;7879070;161301103;790219;106068138;76738601;-4505324;0;0;179091634;340392737;
3991;900174468;2019-12-31;2018;MILES;3230252;26153997;49139461;110309514;188833224;204597761;0;0;13356473;0;217954234;406787458;73821321;51940754;0;3201004;19332763;56568398;204864240;0;0;8667083;0;662949;9330032;214194272;826610;106068138;75100281;10598157;0;0;192593186;406787458;
3992;830111971;2019-12-31;2019;MILES;33353513;1835848;169421877;65364;204676602;238479339;0;0;415290984;0;653770323;858446925;4188316;92192505;0;0;9268323;30056046;135705190;8382596;292928849;45548598;0;25927261;372787304;508492494;42390;0;60190834;284268262;0;5452945;349954431;858446925;
3993;830111971;2019-12-31;2018;MILES;19150415;27334772;120585367;24585;167095139;165362168;118747005;0;287904252;118747005;690760430;857855569;3299536;68277230;0;0;38327476;18109917;128014159;0;338959721;56149948;0;21117116;416226785;544240944;42390;0;67248138;213541167;0;32782930;313614625;857855569;
3994;900040671;2019-12-31;2019;MILES;5814173;0;6655744;18479;12488396;4003141;0;0;5855815;0;9858956;22347352;9716195;92905;0;16902;41563;11954;9879519;0;0;0;0;0;0;9879519;581823;0;45633;-16408672;0;28249049;12467833;22347352;
3995;900040671;2019-12-31;2018;MILES;3351106;71118;6831658;18479;10272361;4214714;0;0;5776676;0;9991390;20263751;7796532;116085;0;7019;90374;0;8010010;0;0;0;0;0;0;8010010;581823;0;45633;-16622764;0;28249049;12253741;20263751;
3996;900187771;2019-12-31;2019;MILES;1567495;64108;0;0;1631603;258813;13052473;0;98531347;13052473;124895106;126526709;0;8264543;0;0;37614;0;8302157;0;0;4362;0;0;4362;8306519;115883;2500;1704693;112997506;0;3399608;118220190;126526709;
3997;900187771;2019-12-31;2018;MILES;3343015;0;0;0;3343015;285646;13021228;0;109932388;13021228;136260490;139603505;0;8182648;0;0;1842256;0;10024904;0;0;13217;0;0;13217;10038121;115883;2500;1704693;124342700;0;3399608;129565384;139603505;
3998;860072876;2019-12-31;2019;MILES;3603508;3961932;29475043;7573182;44613665;943982;0;0;3767769;0;4711751;49325416;1117445;21712807;0;1782826;3470953;0;28084031;0;0;0;0;1432588;1432588;29516619;5657905;0;16498140;-2347248;0;0;19808797;49325416;
3999;860072876;2019-12-31;2018;MILES;667026;7677933;35749175;7006557;51100691;825424;0;0;2647981;0;3473405;54574096;887494;13804848;0;803754;7819164;0;23315260;0;0;0;0;9102791;9102791;32418051;5657905;0;12235021;4263119;0;0;22156045;54574096;
4000;800003267;2019-12-31;2019;MILES;1183565;2773556;9606423;7920880;21484424;27837666;0;0;924549;0;28762215;50246639;13362382;9857707;0;339966;62015;15777;23637847;13636853;0;1384722;0;0;15021575;38659422;2000000;0;1005308;4588366;0;3993543;11587217;50246639;
4001;800003267;2019-12-31;2018;MILES;1892028;1417776;7047736;11300842;21658382;28637383;0;0;881183;0;29518566;51176948;11521888;12078670;0;259338;602299;18187;24480382;14657846;0;1264468;0;0;15922314;40402696;2000000;0;899417;3568268;0;4306567;10774252;51176948;
4002;816005473;2019-12-31;2019;MILES;792772;123333;658472;225979;1800556;23915570;1342814;0;28321;1342814;26629519;28430075;227638;427674;0;816927;115745;1471148;3059132;2891763;97500;1906038;0;3460371;8355672;11414804;1000000;0;430350;1967090;0;13617831;17015271;28430075;
4003;816005473;2019-12-31;2018;MILES;370675;191054;684470;195448;1441647;21940485;1198504;0;-436369;1198504;23901124;25342771;154944;1894974;0;1136399;75431;0;3261748;2292006;97500;1849417;0;4145397;8384320;11646068;1000000;0;273136;1068320;0;11355247;13696703;25342771;
4004;900235088;2019-12-31;2019;MILES;22017681;26174598;28000416;1138559;77331254;271859034;663284;0;7713445;663284;280899047;358230301;0;109295182;0;0;0;0;109295182;124740233;0;0;0;23163961;147904194;257199376;171069000;50235506;-132737694;12464113;0;0;101030925;358230301;
4005;900235088;2019-12-31;2018;MILES;11256282;3042083;2116034;271085;16685484;87949056;133818;0;2059899;133818;90276591;106962075;7311938;30325269;0;0;0;0;37637207;0;0;0;0;15605772;15605772;53242979;161982000;195702737;-131234410;-172731231;0;0;53719096;106962075;
4006;800214071;2019-12-31;2019;MILES;1319538;1034258;19197412;11187009;32738217;78005;9623775;0;-8873107;9623775;10452448;43190665;0;10757981;0;0;2341072;972477;14071530;0;0;0;0;0;0;14071530;3845864;0;23743630;1529641;0;0;29119135;43190665;
4007;800214071;2019-12-31;2018;MILES;918308;395668;20945664;8143075;30402715;372823;7819095;0;-6579458;7819095;9431555;39834270;0;8668926;0;0;2552260;1023590;12244776;0;0;0;0;0;0;12244776;3845864;0;20259734;3483896;0;0;27589494;39834270;
4008;805012977;2019-12-31;2019;MILES;999175;468200;11689388;2957787;16114550;30061278;0;0;623228;0;30684506;46799056;2448695;4679663;231479;530228;1698348;0;9588413;5504076;1769792;3499278;0;0;10773146;20361559;2500000;0;14696766;9240731;0;0;26437497;46799056;
4009;805012977;2019-12-31;2018;MILES;1431276;662698;10883863;2938488;15916325;33627731;0;0;218306;0;33846037;49762362;3461225;7113697;64911;462129;2262851;0;13364813;5760022;3183333;4505397;0;0;13448752;26813565;2500000;0;15420073;5028724;0;0;22948797;49762362;
4010;860005070;2019-12-31;2019;MILES;14717984;5704791;11214409;9855421;41492605;37804;0;0;0;0;37804;41530409;0;40225962;189377;108843;60004;0;40584186;0;0;0;0;0;0;40584186;6281060;0;2459515;-7794352;0;0;946223;41530409;
4011;860005070;2019-12-31;2018;MILES;6643214;5289288;10056463;10039786;32028751;56963;0;0;0;0;56963;32085714;0;33485496;6367720;102397;47700;0;40003313;0;0;0;0;0;0;40003313;914753;0;2459515;-11291867;0;0;-7917599;32085714;
4012;900743695;2019-12-31;2019;MILES;261962;30599;3362851;2774728;6430140;67023;0;0;187753;0;254776;6684916;25858;1790828;557653;403533;64884;0;2842756;1300000;0;15579;0;0;1315579;4158335;76000;0;172957;2277624;0;0;2526581;6684916;
4013;900743695;2019-12-31;2018;MILES;641011;27307;2634297;2137356;5439971;64236;0;0;90492;0;154728;5594699;59811;2021805;408209;199673;185633;0;2875131;1300000;0;0;0;0;1300000;4175131;76000;0;172957;1170611;0;0;1419568;5594699;
4014;900529269;2019-06-30;2019;MILES;0;4000388;29449459;0;33449847;0;0;0;720504846;0;720504846;753954693;1992;0;0;0;0;0;1992;0;0;0;0;0;0;1992;20858597;315905455;374799731;42388918;0;0;753952701;753954693;
4015;900529269;2019-06-30;2018;MILES;0;7125648;6484544;0;13610192;0;0;0;646052679;0;646052679;659662871;1796;0;0;0;63892;0;65688;0;0;0;0;0;0;65688;20858597;315905455;300331364;22501767;0;0;659597183;659662871;
4016;900529269;2019-12-31;2019;MILES;0;3010614;6844796;0;9855410;0;0;0;960735830;0;960735830;970591240;3724;9386369;0;0;0;0;9390093;0;0;0;0;0;0;9390093;20858597;315905455;626945096;-2508001;0;0;961201147;970591240;
4017;900529269;2019-12-31;2018;MILES;0;4000388;29449459;0;33449847;0;0;0;720504846;0;720504846;753954693;1993;0;0;0;0;0;1993;0;0;0;0;0;0;1993;20858597;315905455;374799730;42388918;0;0;753952700;753954693;
4018;900296271;2019-12-31;2019;MILES;1740292;12182541;12344258;23209444;49476535;17911442;0;0;11897094;0;29808536;79285071;9128417;17583894;276414;488165;2994273;9150692;39621855;21298258;0;14803;0;7510947;28824008;68445863;6502148;1216173;41258;3079629;0;0;10839208;79285071;
4019;900296271;2019-12-31;2018;MILES;2767993;10694767;3628034;23179406;40270200;13999243;0;0;414782;0;14414025;54684225;5733160;17959955;249547;488421;3321662;3840623;31593368;13377374;0;14803;0;0;13392177;44985545;6502148;1216174;41258;1939100;0;0;9698680;54684225;
4020;900585866;2019-12-31;2019;MILES;44012;3885;44829;57754;150480;23659;0;0;0;0;23659;174139;2867;2684;0;12479;2484;0;20514;0;0;0;0;0;0;20514;100000;0;1008;52617;0;0;153625;174139;
4021;900585866;2019-12-31;2018;MILES;11635;8362;49858;52639;122494;23659;0;0;0;0;23659;146153;0;0;0;0;0;0;0;0;0;0;0;0;0;0;100000;0;427;45726;0;0;146153;146153;
4022;860066471;2019-12-31;2019;MILES;9558183;0;6782926;15246018;31587127;3792781;7094157;0;28753915;7094157;46735010;78322137;0;2689856;0;822991;3934891;571313;8019051;0;1538898;8945057;0;27851199;38335154;46354205;12854639;221801;2961012;15930480;0;0;31967932;78322137;
4023;860066471;2019-12-31;2018;MILES;5353656;0;4556086;14847004;24756746;3359576;6376547;0;-5585374;6376547;10527296;35284042;0;4494491;0;801413;2454055;454732;8204691;0;1587071;811331;0;0;2398402;10603093;12854639;221801;2593237;9011272;0;0;24680949;35284042;
4024;860028171;2019-12-31;2019;MILES;22118249;15032831;11545713;8790742;57487535;1737630;0;0;186020;0;1923650;59411185;0;2502104;99752;912022;278069;255222;4047169;0;0;557773;0;41274885;41832658;45879827;300000;0;6137088;5092593;0;2001677;13531358;59411185;
4025;860028171;2019-12-31;2018;MILES;26067072;12326679;15251829;11522088;65167668;1717225;0;0;0;0;1717225;66884893;0;8643421;64120;804268;647235;182185;10341229;0;0;477178;0;41762271;42239449;52580678;300000;0;6137088;6084833;0;1782294;14304215;66884893;
4026;900170874;2019-12-31;2019;MILES;3121946;0;1320407;0;4442353;0;0;0;80465358;0;80465358;84907711;0;1470325;0;256766;652938;0;2380029;0;0;0;0;5634078;5634078;8014107;200200;0;0;-778598485;0;855291889;76893604;84907711;
4027;900170874;2019-12-31;2018;MILES;7459177;0;0;0;7459177;0;0;0;77578128;0;77578128;85037305;0;22667520;0;418220;321847;0;23407587;0;0;0;0;2783136;2783136;26190723;200200;0;0;-777931196;0;836577578;58846582;85037305;
4028;900181466;2019-12-31;2019;MILES;126472;462911;3908050;110882;4608315;4018640;2325335;0;-386219;2325335;8283091;12891406;0;1281162;0;442863;0;585;1724610;608700;5346;1784122;0;0;2398168;4122778;5890000;0;127108;2751520;0;0;8768628;12891406;
4029;900181466;2019-12-31;2018;MILES;32333;447135;6680682;87146;7247296;4019466;1242779;0;696337;1242779;7201361;14448657;0;1918366;0;440544;233967;783;2593660;371720;1020311;1784122;0;0;3176153;5769813;5890000;0;78750;2710094;0;0;8678844;14448657;
4030;900060476;2019-12-31;2019;MILES;232224;1362926;13018189;14799062;29412401;19804707;0;0;223755;0;20028462;49440863;23101878;4479887;241025;0;757933;0;28580723;224138;0;0;0;46;224184;28804907;22755;0;0;17857264;0;2755937;20635956;49440863;
4031;900060476;2019-12-31;2018;MILES;122331;1085479;15645373;12342997;29196180;19714371;0;0;534601;0;20248972;49445152;21947989;5982437;29469;0;559774;0;28519669;1200558;0;0;0;0;1200558;29720227;22755;0;0;16946233;0;2755937;19724925;49445152;
4032;800116871;2019-12-31;2019;MILES;1616475;5585919;37230081;22090634;66523109;3393320;0;0;98093;0;3491413;70014522;34385636;22361319;0;245001;3436308;691956;61120220;1765846;0;179894;0;0;1945740;63065960;1495735;0;747868;4217028;0;487931;6948562;70014522;
4033;800116871;2019-12-31;2018;MILES;2013792;4279414;27003310;13109798;46406314;2746389;0;543543;71525;0;3361457;49767771;17833455;16495706;294416;215455;2427156;806816;38073004;1282567;0;155546;0;0;1438113;39511117;1495735;0;747868;7582442;0;430609;10256654;49767771;
4034;860074578;2019-12-31;2019;MILES;670002;2279878;8413989;13003960;24367829;8766622;0;0;24821668;0;33588290;57956119;3413314;14568387;1226790;0;1502840;2902380;23613711;26407450;0;2598;0;0;26410048;50023759;1270460;5025540;2184837;-548477;0;0;7932360;57956119;
4035;860074578;2019-12-31;2018;MILES;85190;4413402;9821902;13007953;27328447;8204176;0;0;2506662;0;10710838;38039285;8719972;12945743;1093235;0;2069414;3737959;28566323;444197;0;963813;0;0;1408010;29974333;1270460;5025540;2184837;-415885;0;0;8064952;38039285;
4036;900107673;2019-12-31;2019;MILES;940098;620198;2495439;15881489;19937224;13634656;0;0;0;0;13634656;33571880;1692632;4062419;0;90929;0;699779;6545759;4920848;0;809518;0;0;5730366;12276125;412720;0;10660702;10222333;0;0;21295755;33571880;
4037;900107673;2019-12-31;2018;MILES;766058;634987;2179042;16071315;19651402;13664224;0;0;0;0;13664224;33315626;1311078;3703700;0;88499;0;2039796;7143073;3867670;0;1381777;0;0;5249447;12392520;412720;0;7970089;12540297;0;0;20923106;33315626;
4038;890900071;2019-12-31;2019;MILES;52704;801121;3359358;3248904;7462087;2314953;0;0;247513;0;2562466;10024553;0;3092383;551527;150888;251083;1015;4046896;2165359;0;517577;0;0;2682936;6729832;60000;0;152795;924086;0;2157840;3294721;10024553;
4039;890900071;2019-12-31;2018;MILES;230631;907766;3076976;2952102;7167475;2391396;0;0;233596;0;2624992;9792467;0;2441265;474879;200761;346492;1015;3464412;2397328;0;608314;0;0;3005642;6470054;60000;0;152795;894762;0;2214856;3322413;9792467;
4040;900211457;2019-12-31;2019;MILES;3990032;4399159;51445431;17446684;77281306;3121927;0;0;3881018;0;7002945;84284251;26054925;13608318;6328535;2183427;11044386;832053;60051644;8193624;0;0;0;0;8193624;68245268;6003646;0;574334;9461003;0;0;16038983;84284251;
4041;900211457;2019-12-31;2018;MILES;2140838;2254063;34565183;9136940;48097024;1742793;0;0;2617343;0;4360136;52457160;15278436;9094649;2603983;1255817;4789317;776442;33798644;6911532;0;0;0;0;6911532;40710176;6003646;0;574334;5169004;0;0;11746984;52457160;
4042;860505170;2019-12-31;2019;MILES;8438168;5772243;8951827;0;23162238;178137;0;0;502797;0;680934;23843172;0;12961230;0;0;5123879;0;18085109;0;0;0;0;629944;629944;18715053;110799;647643;3730504;639173;0;0;5128119;23843172;
4043;860505170;2019-12-31;2018;MILES;11052546;6167715;5056380;0;22276641;182379;0;0;284196;0;466575;22743216;0;12665513;0;0;4997596;0;17663109;0;0;0;0;547839;547839;18210948;110799;647643;3269110;504716;0;0;4532268;22743216;
4044;890930086;2019-12-31;2019;MILES;940548;4785115;16898223;5205500;27829386;37679519;0;2455749;5296349;0;45431617;73261003;6033965;12393565;0;0;3995399;835728;23258657;9844890;0;0;0;0;9844890;33103547;1700042;4999958;994126;32450020;0;13310;40157456;73261003;
4045;890930086;2019-12-31;2018;MILES;689510;3913642;19677057;3370495;27650704;31168664;0;2455749;5296350;0;38920763;66571467;4700261;13351135;0;0;3826946;777241;22655583;7668847;0;0;0;0;7668847;30324430;1700042;4999958;994126;28539601;0;13310;36247037;66571467;
4046;830012269;2019-12-31;2019;MILES;4110498;251542;10956580;8135179;23453799;762122;0;0;1388747;0;2150869;25604668;0;4947808;3880859;555639;1214497;77670;10676473;0;0;0;0;0;0;10676473;2250000;2184627;1313284;8752890;0;427394;14928195;25604668;
4047;830012269;2019-12-31;2018;MILES;3588230;2643135;12090815;6226665;24548845;1099691;0;0;1811031;0;2910722;27459567;0;5379161;1803454;1895969;3242722;64190;12385496;0;0;0;0;0;0;12385496;2250000;2184627;1313284;8898766;0;427394;15074071;27459567;
4048;900129967;2019-12-31;2019;MILES;113750;8591466;571649649;2480013;582834878;119309856;0;0;142905773;0;262215629;845050507;0;18241083;6226566;1006484;0;0;25474133;4095230;0;0;0;44006091;48101321;73575454;2638100;0;1319050;424347878;0;343170025;771475053;845050507;
4049;900129967;2019-12-31;2018;MILES;4000574;3473292;525594697;5459133;538527696;174493443;0;0;146850433;0;321343876;859871572;0;22813921;6794618;1106544;0;0;30715083;0;0;0;0;40862804;40862804;71577887;2638100;0;1319050;447326216;0;337010319;788293685;859871572;
4050;890307671;2019-12-31;2019;MILES;1687712;405520;15258324;19047101;36398657;20102321;4240436;0;-2796615;4240436;25786578;62185235;6656643;21093466;0;0;2294029;1845280;31889418;5476018;0;3530220;0;0;9006238;40895656;5584801;0;6102829;10090807;0;-488858;21289579;62185235;
4051;890307671;2019-12-31;2018;MILES;2376648;68306;15778832;21529250;39753036;19021435;3625731;0;-2875164;3625731;23397733;63150769;12681344;20904769;0;0;2459428;1494865;37540406;4323805;0;3361082;0;0;7684887;45225293;5584801;0;3281258;9548275;0;-488858;17925476;63150769;
4052;900749166;2019-12-31;2019;MILES;5886545;113490634;210519143;8315826;338212148;40532208;0;0;5143075;0;45675283;383887431;42839191;238536314;9537700;4001782;1023699;15364190;311302876;5434739;385613;935151;0;0;6755503;318058379;11871400;60916792;0;-6959140;0;0;65829052;383887431;
4053;900749166;2019-12-31;2018;MILES;26318108;98160053;109451304;6756345;240685810;50659676;0;0;17459678;0;68119354;308805164;29590102;153573144;10249547;3637186;6609972;27866615;231526566;14205400;2214103;4257725;0;0;20677228;252203794;11871400;60916792;0;-16186822;0;0;56601370;308805164;
4054;900095383;2019-12-31;2019;MILES;13803558;1732864;14011976;0;29548398;5057179;0;0;970429;0;6027608;35576006;0;25249388;235237;0;0;2440129;27924754;0;0;0;0;1940780;1940780;29865534;196940;2297060;987662;2228810;0;0;5710472;35576006;
4055;900095383;2019-12-31;2018;MILES;8778006;4938889;13158861;0;26875756;2115930;0;0;460814;0;2576744;29452500;0;22460841;0;0;0;1413144;23873985;0;0;31842;0;158340;190182;24064167;196940;2297060;457529;2436804;0;0;5388333;29452500;
4056;860048867;2019-12-31;2019;MILES;12855333;56458816;41605604;45775864;156695617;2671688;0;0;27852946;0;30524634;187220251;75283820;46427135;0;566682;8309411;287238;130874286;11924076;0;0;0;0;11924076;142798362;19618822;11417537;3023881;10361649;0;0;44421889;187220251;
4057;860048867;2019-12-31;2018;MILES;9126266;36696847;41648844;42255577;129727534;2755134;0;0;1068934;0;3824068;133551602;58935774;32880197;0;473578;6536303;48351;98874203;0;0;0;0;0;0;98874203;18575555;6201202;2860886;7039756;0;0;34677399;133551602;
4058;890807976;2019-12-31;2019;MILES;686299;1492980;11808587;20401574;34389440;9965358;0;0;1368783;0;11334141;45723581;3346923;24308870;1310856;682148;427105;0;30075902;0;0;0;0;284264;284264;30360166;200000;0;3950791;11212624;0;0;15363415;45723581;
4059;890807976;2019-12-31;2018;MILES;2983110;1441093;11352553;18872707;34649463;9799397;0;0;367848;0;10167245;44816708;6326689;25646643;0;634525;144310;0;32752167;44128;0;0;0;0;44128;32796295;200000;0;3776503;8043910;0;0;12020413;44816708;
4060;900511074;2019-12-31;2019;MILES;18818;17402601;11494154;1283343;30198916;21640303;0;0;0;0;21640303;51839219;9018317;4834838;0;250449;0;38344;14141948;11464704;0;529083;0;0;11993787;26135735;28500000;17247980;978;-20045474;0;0;25703484;51839219;
4061;900511074;2019-12-31;2018;MILES;43550;19883065;8327343;1898837;30152795;24719427;0;0;0;0;24719427;54872222;13528921;9533793;0;288688;0;164903;23516305;18466772;0;323654;0;0;18790426;42306731;22000000;6747980;978;-16183467;0;0;12565491;54872222;
4062;800231779;2019-12-31;2019;MILES;28661813;4153813;1665345;1990699;36471670;23002759;0;0;647996;0;23650755;60122425;444444;4581810;1643912;322449;2905996;781817;10680428;0;0;4651565;0;0;4651565;15331993;13700000;18131465;947163;8472716;0;3539088;44790432;60122425;
4063;800231779;2019-12-31;2018;MILES;25352532;2162025;2915977;2022338;32452872;24364201;0;0;1737002;0;26101203;58554075;607681;3569945;1643912;390259;3768882;842376;10823055;458986;42152;6083518;0;0;6584656;17407711;13700000;18131465;947161;4828650;0;3539088;41146364;58554075;
4064;811046066;2019-12-31;2019;MILES;3032590;109906;238956;0;3381452;3812500;5022617;44897923;-4901039;5022617;53854618;57236070;1572125;7469888;0;0;21186;0;9063199;15960578;20907336;745610;0;3779808;41393332;50456531;2000;2402101;0;4375438;0;0;6779539;57236070;
4065;811046066;2019-12-31;2018;MILES;35704;460464;0;0;496168;6352450;6922550;7521026;-6922550;6922550;20796026;21292194;0;11333203;0;14282;42509;0;11389994;0;0;734953;0;0;734953;12124947;2000;2402101;0;6763146;0;0;9167247;21292194;
4066;860508470;2019-12-31;2019;MILES;3263082;3528148;29325502;18666699;54783431;17839305;0;450172;15805596;0;34095073;88878504;658836;15718077;21546158;1174394;1911279;472057;41480801;4000000;25965;4815000;0;6999317;15840282;57321083;540010;1502742;17075823;12438846;0;0;31557421;88878504;
4067;860508470;2019-12-31;2018;MILES;470076;5559724;22064064;10389910;38483774;16771107;0;450172;5639073;0;22860352;61344126;12074761;14145189;0;0;1219976;950966;28390892;3631829;187358;2150479;0;407693;6377359;34768251;540010;1502742;15148957;9384166;0;0;26575875;61344126;
4068;900575379;2019-12-31;2019;MILES;472508;8291346;9488;0;8773342;11047;0;0;0;0;11047;8784389;6705;45895;879228;16581;57905;15569;1021883;0;0;0;0;0;0;1021883;300000;0;228674;-144019757;0;151253589;7762506;8784389;
4069;900575379;2019-12-31;2018;MILES;2747430;8863408;30980;0;11641818;17520;0;0;0;0;17520;11659338;19263;141929;1537238;62428;46401;99310;1906569;0;0;0;0;0;0;1906569;300000;0;88138;-140697364;0;150061995;9752769;11659338;
4070;900242169;2019-12-31;2019;MILES;6512;224005;2654;0;233171;1262786;0;0;0;0;1262786;1495957;0;0;320680;1615;0;0;322295;0;0;0;0;0;0;322295;155100;0;0;-93124;0;1111686;1173662;1495957;
4071;900242169;2019-12-31;2018;MILES;3602;224534;367;0;228503;1262786;0;0;0;0;1262786;1491289;0;0;224503;0;0;0;224503;0;0;0;0;0;0;224503;155100;0;0;0;0;1111686;1266786;1491289;
4072;800232570;2019-12-31;2019;MILES;6063;0;1484260;51310;1541633;54640;324671;0;1083999;324671;1787981;3329614;0;632638;0;17325;14622;135400;799985;0;0;0;0;1043120;1043120;1843105;10000;0;1424705;51804;0;0;1486509;3329614;
4073;800232570;2019-12-31;2018;MILES;4447;0;1761249;75293;1840989;72838;16448;0;1353261;16448;1458995;3299984;0;663448;0;3377;14518;42425;723768;0;0;0;0;1061236;1061236;1785004;10000;0;1100186;404794;0;0;1514980;3299984;
4074;830114969;2019-12-31;2019;MILES;2603538;3317335;24957673;1632313;32510859;1454846;16770717;0;-9860188;16770717;25136092;57646951;14651225;6236685;0;0;1870207;2166369;24924486;7586667;0;1817426;0;2843902;12247995;37172481;56800;0;28400;20389270;0;0;20474470;57646951;
4075;830114969;2019-12-31;2018;MILES;5354726;2416522;13906198;0;21677446;683993;11648587;0;-10852676;11648587;13128491;34805937;9198503;5391279;0;0;1750989;1968788;18309559;2361111;0;143814;0;0;2504925;20814484;56800;0;28400;13906253;0;0;13991453;34805937;
4076;900165468;2019-12-31;2019;MILES;3243880;280465;24624325;1977115;30125785;21097;1528267;0;-756395;1528267;2321236;32447021;10157080;7693201;0;150258;80294;0;18080833;11916415;0;0;0;4610117;16526532;34607365;60000;0;0;-2703162;0;482818;-2160344;32447021;
4077;900165468;2019-12-31;2018;MILES;1391520;28900;14220800;7102019;22743239;9339;0;0;10643;0;19982;22763221;2771071;7208709;0;117370;364221;0;10461371;4262329;0;0;0;7200596;11462925;21924296;60000;0;0;666889;0;112036;838925;22763221;
4078;817000771;2019-12-31;2019;MILES;6900555;5707878;36496511;16415569;65520513;23465684;79328;0;1200770;79328;24825110;90345623;27326158;20226286;0;388764;6790636;0;54731844;1858998;0;4484508;0;38938;6382444;61114288;4800000;0;10336777;14044696;0;49862;29231335;90345623;
4079;817000771;2019-12-31;2018;MILES;4380912;5099771;39244768;17914303;66639754;21848390;42249;0;670808;42249;22603696;89243450;20383677;36409206;0;405440;4960322;0;62158645;1786725;0;4176757;0;33446;5996928;68155573;4800000;0;2510905;13727110;0;49862;21087877;89243450;
4080;900537269;2019-12-31;2019;MILES;93627;83224;61335;1049636;1287822;26247740;693950;8167832;6857396;693950;42660868;43948690;6447;183292;0;0;15412;18902;224053;1026505;0;0;0;1007951;2034456;2258509;45466253;16459416;7275;-20242763;0;0;41690181;43948690;
4081;900537269;2019-12-31;2018;MILES;2304643;67318;78972;1049636;3500569;28451571;610409;8167832;6940937;610409;44781158;48281727;1831;387733;0;0;7489;5000;402053;2782058;0;0;0;1836642;4618700;5020753;45466253;16459416;7275;-18671970;0;0;43260974;48281727;
4082;830024974;2019-12-31;2019;MILES;73126707;8213275;32160577;35355125;148855684;18492582;0;0;16572914;0;35065496;183921180;1675725;48157461;0;7541065;15473119;10836798;83684168;6727708;0;0;0;0;6727708;90411876;9921547;97168694;0;-13580937;0;0;93509304;183921180;
4083;830024974;2019-12-31;2018;MILES;42818374;1454680;28362820;32809529;105445403;10015719;0;0;15057987;0;25073706;130519109;0;42904730;0;6111007;7748995;8198068;64962800;0;0;0;0;0;0;64962800;9921547;97168694;0;-41533932;0;0;65556309;130519109;
4084;890916269;2019-12-31;2019;MILES;14455886;5016195;5422558;9773898;34668537;62871840;0;16090399;35568968;0;114531207;149199744;2915;12212925;1239899;0;7608316;0;21064055;0;0;6487257;0;0;6487257;27551312;4700000;0;81754369;22858125;0;12335938;121648432;149199744;
4085;890916269;2019-12-31;2018;MILES;9387793;4231772;6440649;8125628;28185842;55631454;0;15385137;31707423;0;102724014;130909856;3763;7921398;553678;0;5717917;0;14196756;0;0;7311378;0;0;7311378;21508134;4700000;0;74010716;19003988;0;11687018;109401722;130909856;
4086;901186367;2019-12-31;2019;MILES;40102928;2851624;64617712;58161898;165734162;861541;1362297;0;1564673;1362297;5150808;170884970;0;29714732;0;1486418;9680438;396543;41278131;0;0;0;0;0;0;41278131;1304708;116100367;0;11390940;0;810824;129606839;170884970;
4087;901186367;2019-12-31;2018;MILES;118615861;0;1000;0;118616861;0;0;0;0;0;0;118616861;0;0;0;0;0;0;0;0;0;0;0;0;0;0;1183607;117078123;0;355131;0;0;118616861;118616861;
4088;802000666;2019-12-31;2019;MILES;4945773;6987659;57444067;2091426;71468925;1437121;18838646;44489135;3003061;18838646;86606609;158075534;0;8573111;0;89338;4786272;0;13448721;9597201;4423818;0;0;77877504;91898523;105347244;504000;0;1237101;9344190;0;41642999;52728290;158075534;
4089;802000666;2019-12-31;2018;MILES;10187465;4300668;26322843;2661931;43472907;1449849;11146236;44513677;2706372;11146236;70962370;114435277;0;12769874;0;72848;1858186;0;14700908;6218884;6929479;0;0;39764204;52912567;67613475;504000;0;1319865;3354938;0;41642999;46821802;114435277;
4090;830023671;2019-12-31;2019;MILES;2279249;0;4278875;14522734;21080858;972377;3991145;0;2069340;3991145;11024007;32104865;1063322;17286869;3198735;459815;2026219;788452;24823412;2968481;0;0;0;0;2968481;27791893;15000;4243759;15000;-120034;0;159247;4312972;32104865;
4091;830023671;2019-12-31;2018;MILES;2338153;0;3090802;11509763;16938718;826170;3989799;0;1412668;3989799;10218436;27157154;869259;14103135;2374909;511468;1206863;634699;19700333;2878763;0;0;0;0;2878763;22579096;15000;4243759;15000;145052;0;159247;4578058;27157154;
4092;860511571;2019-12-31;2019;MILES;1805608;0;9258524;21352140;32416272;18819621;0;2597996;337314;0;21754931;54171203;17597;3338831;136182;0;276324;0;3768934;3502241;3387068;601051;0;348427;7838787;11607721;350000;0;389739;41823743;0;0;42563482;54171203;
4093;860511571;2019-12-31;2018;MILES;1932766;105449;9373777;18984652;30396644;18628332;0;2370092;367037;0;21365461;51762105;16736;2935418;136896;0;1141254;0;4230304;2249389;4639216;619803;0;322741;7831149;12061453;350000;0;389739;38960913;0;0;39700652;51762105;
4094;900398767;2019-12-31;2019;MILES;3280915;10707480;6802183;567343;21357921;106426747;283583;0;34354076;283583;141347989;162705910;511126;14024208;0;0;0;0;14535334;0;8282478;0;3283469;27642180;39208127;53743461;38860;0;0;18178096;0;90745493;108962449;162705910;
4095;900398767;2019-12-31;2018;MILES;192322;8109969;28191347;1803620;38297258;95941486;0;0;46810660;0;142752146;181049404;0;33217022;0;0;3132775;0;36349797;0;0;590897;0;10469940;11060837;47410634;38860;0;0;16555964;0;117043946;133638770;181049404;
4096;830055467;2019-12-31;2019;MILES;3160571;994587;35344360;0;39499518;1189387;0;0;66253;0;1255640;40755158;9754;9188453;0;734671;146147;17141829;27220854;76621;0;0;0;0;76621;27297475;100000;0;109171;13041859;0;206653;13457683;40755158;
4097;830055467;2019-12-31;2018;MILES;7393533;400460;22106959;0;29900952;1819675;0;0;451160;0;2270835;32171787;31992;12600640;0;497326;571367;3507705;17209030;121425;0;0;0;0;121425;17330455;100000;0;109171;14632161;0;0;14841332;32171787;
4098;901209571;2019-12-31;2019;MILES;5708;1802898;10964552;15235;12788393;0;4295055;0;3342732;4295055;11932842;24721235;0;2582826;0;0;43718;0;2626544;1019672;10151629;465711;259087;0;11896099;14522643;29800;0;0;431868;0;9736924;10198592;24721235;
4099;901209571;2019-12-31;2018;MILES;1950;0;186000;0;187950;0;0;0;4532656;0;4532656;4720606;0;540986;0;0;6020;0;547006;0;0;0;0;0;0;547006;29800;0;0;-88000;0;4231800;4173600;4720606;
4100;800128680;2019-12-31;2019;MILES;1270667;0;19991597;17627074;38889338;9198526;0;0;171798;0;9370324;48259662;11667196;12186736;0;708845;100223;1475730;26138730;0;0;0;0;0;0;26138730;1294123;0;1011372;19815437;0;0;22120932;48259662;
4101;800128680;2019-12-31;2018;MILES;1241193;0;18380182;20807043;40428418;9736405;0;0;553240;0;10289645;50718063;21367414;8854869;0;838784;132836;1475816;32669719;0;0;0;0;0;0;32669719;1294123;0;648365;16105856;0;0;18048344;50718063;
4102;890100683;2019-12-31;2019;MILES;9959594;0;1056732;0;11016326;0;5407;0;-5407;5407;5407;11021733;0;943985;0;0;545532;0;1489517;0;0;0;0;0;0;1489517;400000;0;739289;8392927;0;0;9532216;11021733;
4103;890100683;2019-12-31;2018;MILES;1398160;1282052;4039307;3094569;9814088;24950592;626799;1752331;1207357;626799;29163878;38977966;10160239;4957250;0;319072;168658;0;15605219;1451681;0;2401059;0;3460203;7312943;22918162;400000;0;739290;4807449;0;10113065;16059804;38977966;
4104;811041369;2019-12-31;2019;MILES;18781567;0;58608682;42912090;120302339;2482435;0;1321552;4170421;0;7974408;128276747;0;9261658;0;999533;1286201;13677;11561069;54418815;0;0;0;0;54418815;65979884;6400000;0;43727009;5557560;0;6612294;62296863;128276747;
4105;811041369;2019-12-31;2018;MILES;16766254;0;50722630;38020595;105509479;2265382;0;1321552;196496;0;3783430;109292909;0;6077510;0;935276;1682331;90222;8785339;45655190;0;0;0;1932230;47587420;56372759;6400000;0;37226988;2680868;0;6612294;52920150;109292909;
4106;900432975;2019-12-31;2019;MILES;103;7833;3524;0;11460;81716;0;0;0;0;81716;93176;0;5101596;0;0;0;0;5101596;0;0;0;0;0;0;5101596;5000;0;0;-5013420;0;0;-5008420;93176;
4107;900432975;2019-12-31;2018;MILES;369;7833;3523;0;11725;110933;0;0;0;0;110933;122658;0;5088770;0;6834;0;0;5095604;0;0;0;0;0;0;5095604;5000;0;0;-4977946;0;0;-4972946;122658;
4108;830140289;2019-12-31;2019;MILES;9303986;0;6544892;3035608;18884486;985188;0;0;268640;0;1253828;20138314;4752663;2922518;0;0;597384;0;8272565;2353997;0;99213;0;0;2453210;10725775;10000;0;6099596;3302943;0;0;9412539;20138314;
4109;830140289;2019-12-31;2018;MILES;3810857;43231;12983464;2444559;19282111;1208819;0;0;335800;0;1544619;20826730;8645504;2890128;0;0;429457;0;11965089;2211578;0;102839;0;0;2314417;14279506;10000;0;3112691;3424533;0;0;6547224;20826730;
4110;900080871;2019-12-31;2019;MILES;2485;7844;0;0;10329;785569;3015954;0;442278;3015954;7259755;7270084;4007197;0;0;0;516;0;4007713;0;0;38011;0;0;38011;4045724;24261;0;12131;2634134;0;553834;3224360;7270084;
4111;900080871;2019-12-31;2018;MILES;14202;0;0;0;14202;785569;3183239;0;-23855;3183239;7128192;7142394;3788511;0;0;0;2467;0;3790978;0;0;37752;0;0;37752;3828730;24261;0;12131;2723438;0;553834;3313664;7142394;
4112;800217481;2019-12-31;2019;MILES;21232451;340480;8583773;12440679;42597383;45984499;0;0;0;0;45984499;88581882;0;11230796;0;175195;0;650905;12056896;0;0;4818463;0;0;4818463;16875359;4080418;14615133;9814256;43196716;0;0;71706523;88581882;
4113;800217481;2019-12-31;2018;MILES;19108755;220993;6578671;18396911;44305330;46515386;0;0;0;0;46515386;90820716;0;12223016;0;162875;0;709404;13095295;0;0;13233879;0;0;13233879;26329174;4080418;14615133;7776196;38019795;0;0;64491542;90820716;
4114;800195278;2019-12-31;2019;MILES;164063;237758;3307236;5520604;9229661;31034;2583017;23356078;-25040;2583017;28528106;37757767;8891009;535765;0;112292;31598;449927;10020591;3383498;0;828809;0;0;4212307;14232898;2784616;2672848;16292158;4878874;0;-3103627;23524869;37757767;
4115;800195278;2019-12-31;2018;MILES;424870;606775;3595186;5568473;10195304;33342;2824721;30512843;-398488;2824721;35797139;45992443;11041883;3519484;0;96242;44728;1369610;16071947;6866676;0;414541;0;0;7281217;23353164;2450510;0;16423802;6665426;0;-2900459;22639279;45992443;
4116;890940275;2019-12-31;2019;MILES;518452;6126341;9401324;992323;17038440;5978340;2518712;1632144;8354544;2518712;21002452;38040892;0;9163130;0;411792;21503;0;9596425;22643880;1262482;0;0;861380;24767742;34364167;2200020;0;171521;1305184;0;0;3676725;38040892;
4117;890940275;2019-12-31;2018;MILES;96085;5701548;10794668;778207;17370508;6392139;2772597;1952144;8935057;2772597;22824534;40195042;0;8987948;0;405524;0;0;9393472;22416574;1087837;1823269;0;405396;25733076;35126548;2200020;0;171521;2696953;0;0;5068494;40195042;
4118;800094574;2019-12-31;2019;MILES;2080075;1644339;627375;391673;4743462;1007110;0;0;330224;0;1337334;6080796;27158;1234062;115727;126712;37828;558475;2099962;0;0;0;0;0;0;2099962;250000;0;1824917;1905917;0;0;3980834;6080796;
4119;800094574;2019-12-31;2018;MILES;2279973;25000;3848600;1422657;7576230;1094163;0;0;21473;0;1115636;8691866;262773;2636878;65071;234762;816104;1226936;5242524;0;0;0;0;0;0;5242524;250000;0;1824699;1374643;0;0;3449342;8691866;
4120;890329874;2019-12-31;2019;MILES;1733011;3112196;10541530;4639024;20025761;14113874;4544282;0;-4394580;4544282;18807858;38833619;8043581;7936237;0;790394;2383812;0;19154024;4804400;0;3500043;0;0;8304443;27458467;635000;0;376711;10363441;0;0;11375152;38833619;
4121;890329874;2019-12-31;2018;MILES;3132517;4966526;7587440;3332735;19019218;14837474;4039805;0;-3955237;4039805;18961847;37981065;8362026;6896489;0;696331;2228721;0;18183567;5096626;0;3589908;0;0;8686534;26870101;635000;0;322563;10153401;0;0;11110964;37981065;
4122;830096374;2019-12-31;2019;MILES;17096704;0;30534710;40872638;88504052;239323;0;0;5950687;0;6190010;94694062;0;37288864;2280369;0;0;0;39569233;0;0;0;0;3678546;3678546;43247779;160677;22846746;0;28438860;0;0;51446283;94694062;
4123;830096374;2019-12-31;2018;MILES;15068081;0;50934649;33265446;99268176;315248;0;0;2942663;0;3257911;102526087;0;58314365;2074204;0;0;0;60388569;0;0;0;0;0;0;60388569;160677;22846746;0;19130095;0;0;42137518;102526087;
4124;890322484;2019-12-31;2019;MILES;502222;63909;1709175;2543675;4818981;1459098;0;0;180414;0;1639512;6458493;1115634;1977136;0;0;174909;230848;3498527;0;0;117340;0;0;117340;3615867;250000;0;131141;2461485;0;0;2842626;6458493;
4125;890322484;2019-12-31;2018;MILES;340838;85444;1434302;2344783;4205367;1467593;0;0;170334;0;1637927;5843294;833992;1943311;0;0;116658;226097;3120058;0;0;103694;0;0;103694;3223752;250000;0;131141;2238401;0;0;2619542;5843294;
4126;860527377;2019-12-31;2019;MILES;1596351;958600;13595794;8284051;24434796;16440754;0;0;2551535;0;18992289;43427085;1940748;4564624;2054735;453122;884797;1320047;11218073;6732788;7402243;0;0;248180;14383211;25601284;6248600;240040;1779333;8109134;0;1448694;17825801;43427085;
4127;860527377;2019-12-31;2018;MILES;1342744;4700428;11288795;5429999;22761966;10352473;0;0;1363526;0;11715999;34477965;3829144;11672046;1137994;527459;369259;1158840;18694742;1493831;0;0;0;0;1493831;20188573;4948610;240040;1700560;7400182;0;0;14289392;34477965;
4128;860501682;2019-12-31;2019;MILES;1693289;0;23790848;55459462;80943599;1245670;0;962000;73799;0;2281469;83225068;27235700;11028359;0;0;2866779;0;41130838;0;0;0;417370;7336897;7754267;48885105;9000000;0;7158474;18181489;0;0;34339963;83225068;
4129;860501682;2019-12-31;2018;MILES;5646771;0;21508887;55287190;82442848;1229858;0;662000;622686;0;2514544;84957392;34118418;16106547;0;0;1478295;0;51703260;0;0;0;120489;6975714;7096203;58799463;9000000;0;6606911;10551018;0;0;26157929;84957392;
4130;830093850;2019-12-31;2019;MILES;2515834;2643301;1054895;744976;6959006;1444399;0;0;749350;0;2193749;9152755;77969;2838935;0;810435;1882342;51273;5660954;0;0;118400;0;0;118400;5779354;150000;0;126930;3096471;0;0;3373401;9152755;
4131;830093850;2019-12-31;2018;MILES;2333622;2162035;444757;931893;5872307;902129;0;0;823101;0;1725230;7597537;132297;3754049;0;1089131;1398448;15624;6389549;0;0;150374;0;0;150374;6539923;150000;0;126930;780684;0;0;1057614;7597537;
4132;900230093;2019-12-31;2019;MILES;510097;1517639;3518464;2456349;8002549;18219;0;0;1707972;0;1726191;9728740;61255;5952997;0;95763;56733;1502;6168250;12888;825450;24111;0;0;862449;7030699;3012647;0;0;-314606;0;0;2698041;9728740;
4133;900230093;2019-12-31;2018;MILES;293639;1338201;1503542;1875413;5010795;9814;0;0;1802407;0;1812221;6823016;27324;3456178;0;96355;56323;1968;3638148;1894;15264;394;0;0;17552;3655700;4066546;0;0;-899230;0;0;3167316;6823016;
4134;800092777;2019-12-31;2019;MILES;628894;0;3394691;3035197;7058782;11745320;0;1512085;68973;0;13326378;20385160;2819249;1967342;0;0;141835;259774;5188200;3750735;0;808898;0;70747;4630380;9818580;1200000;0;2259799;4691208;0;2415573;10566580;20385160;
4135;800092777;2019-12-31;2018;MILES;253842;1000000;4060710;2844227;8158779;13276195;0;0;188367;0;13464562;21623341;2459037;3950911;0;0;291423;253584;6954955;4644355;0;921894;0;42465;5608714;12563669;1200000;0;1613844;4193308;0;2052520;9059672;21623341;
4136;890330584;2019-12-31;2019;MILES;778767;1568571;2550626;2769421;7667385;4551826;0;0;91560;0;4643386;12310771;0;3568121;0;715907;445643;1699478;6429149;0;0;0;0;3931031;3931031;10360180;3230805;962800;1327670;-3570684;0;0;1950591;12310771;
4137;890330584;2019-12-31;2018;MILES;1005752;1164644;2992262;3116929;8279587;367136;0;0;0;0;367136;8646723;0;3713651;0;667864;383286;1054106;5818907;0;0;0;0;73580;73580;5892487;3230805;962800;1327670;-2767039;0;0;2754236;8646723;
4138;890207088;2019-12-31;2019;MILES;362032;1912832;441007;1352778;4068649;2053898;0;0;98674;0;2152572;6221221;0;18122111;0;219044;251624;613029;19205808;0;0;0;0;1646147;1646147;20851955;4389648;57;5135;-19025574;0;0;-14630734;6221221;
4139;890207088;2019-12-31;2018;MILES;2186799;1817308;867833;2148815;7020755;405247;0;0;63980;0;469227;7489982;0;19249595;0;344527;473722;577201;20645045;0;0;0;0;2869;2869;20647914;4389648;57;5135;-17552772;0;0;-13157932;7489982;
4140;819006977;2019-12-31;2019;MILES;429025;545048;3299927;305066;4579066;18846333;27574;1818725;3633915;27574;24354121;28933187;0;461443;0;624592;3603;1844795;2934433;233762;5960733;1180979;0;0;7375474;10309907;15422372;0;186320;3014588;0;0;18623280;28933187;
4141;819006977;2019-12-31;2018;MILES;299054;565647;11900171;249338;13014210;7144289;495277;1818725;1748501;495277;11702069;24716279;0;3846553;0;598153;122150;1832600;6399456;135753;0;1194402;0;912224;2242379;8641835;12930853;0;174828;2968763;0;0;16074444;24716279;
4142;900310573;2019-12-31;2019;MILES;858981;1645401;4142316;5497018;12143716;6705845;0;1337000;4893974;0;12936819;25080535;431779;4389906;0;0;1219110;923458;6964253;1091477;0;2819872;0;69593;3980942;10945195;500000;0;250000;13385340;0;0;14135340;25080535;
4143;900310573;2019-12-31;2018;MILES;374086;1365069;2778510;6068584;10586249;7281552;0;1334000;2733605;0;11349157;21935406;323053;3126997;0;0;686978;1296225;5433253;1535997;0;2030265;0;68993;3635255;9068508;500000;0;250000;12116898;0;0;12866898;21935406;
4144;800187974;2019-12-31;2019;MILES;6662125;796591;21050530;2619521;31128767;240436000;373131;0;3675635;373131;244857897;275986664;4218310;26740183;3102868;0;23971456;22836228;80869045;1495198;0;67791;0;13398776;14961765;95830810;53001;0;22920047;-43268352;0;200451158;180155854;275986664;
4145;800187974;2019-12-31;2018;MILES;14861708;1013145;22799567;3362701;42037121;233215344;0;0;2445047;0;235660391;277697512;2190982;49731020;1434250;0;12708049;26921393;92985694;0;0;2801376;0;13069694;15871070;108856764;53001;0;25210653;-91915760;0;235492854;168840748;277697512;
4146;900896981;2019-12-31;2019;MILES;3041931;3413427;13939227;3374538;23769123;777758;0;0;7695532;0;8473290;32242413;0;11122922;6528;625201;98956;862776;12716383;0;0;0;0;0;0;12716383;6726427;16733196;0;-3933593;0;0;19526030;32242413;
4147;900896981;2019-12-31;2018;MILES;2286033;2235543;8553022;1938732;15013330;759538;0;0;9595104;0;10354642;25367972;0;4069593;9074;1136640;230114;446392;5891813;0;0;0;0;0;0;5891813;6726427;16733196;0;-3983464;0;0;19476159;25367972;
4148;830130972;2019-12-31;2019;MILES;560255;0;5477200;0;6037455;9931;28514517;0;-27502180;28514517;29536785;35574240;6465;2828802;0;57171;444360;0;3336798;2052198;0;0;0;0;2052198;5388996;4400000;15600000;7842833;2342411;0;0;30185244;35574240;
4149;830130972;2019-12-31;2018;MILES;450117;0;6499741;0;6949858;1809100;17834778;0;-10749702;17834778;26728954;33678812;58113;1857817;0;61625;376186;0;2353741;2506496;0;0;0;0;2506496;4860237;4400000;15600000;7842833;975742;0;0;28818575;33678812;
4150;800246985;2019-12-31;2019;MILES;1764303;1932089;3413891;345186;7455469;80782924;25510651;0;-19449412;25510651;112354814;119810283;0;8790294;0;543342;368527;684912;10387075;35093444;1936850;6599649;0;0;43629943;54017018;2270660;0;5144135;2730058;0;55648412;65793265;119810283;
4151;800246985;2019-12-31;2018;MILES;332596;1780440;4462559;311623;6887218;83032699;27462614;0;-27416657;27462614;110541270;117428488;0;4159253;0;518695;380565;561429;5619942;38935889;2107800;6159081;0;0;47202770;52822712;2270660;0;5144135;1542569;0;55648412;64605776;117428488;
4152;811018676;2019-12-31;2019;MILES;977245;8609375;83593365;51246708;144426693;3979494;0;5335385;10609656;0;19924535;164351228;49652120;23561972;111406;0;2187297;615088;76127883;4509572;42602820;363384;0;0;47475776;123603659;305754;43950622;152877;-3661684;0;0;40747569;164351228;
4153;811018676;2019-12-31;2018;MILES;6277360;13527363;83091736;50072285;152968744;4017622;0;3247346;7398159;0;14663127;167631871;61379963;26242461;69875;0;1770946;32712;89495957;0;36722175;1914971;0;0;38637146;128133103;305754;43950622;152877;-4910485;0;0;39498768;167631871;
4154;805016677;2019-12-31;2019;MILES;1264837;490784;14018494;0;15774115;1889245;22969205;0;-22935725;22969205;24891930;40666045;12578076;402626;0;0;514840;3062;13498604;6340067;0;40041;0;0;6380108;19878712;18474296;0;1682643;226640;0;403754;20787333;40666045;
4155;805016677;2019-12-31;2018;MILES;1081834;451973;14883026;0;16416833;1532536;24978711;0;-24969533;24978711;26520425;42937258;15102152;448877;0;0;550392;14548;16115969;7396170;0;0;0;0;7396170;23512139;17668100;0;1585219;171800;0;0;19425119;42937258;
4156;811038173;2019-12-31;2019;MILES;52687;26516;1373123;839079;2291405;536067;0;0;50994;0;587061;2878466;282230;746990;0;34103;106478;0;1169801;0;0;65420;0;0;65420;1235221;88571;831431;84218;639025;0;0;1643245;2878466;
4157;811038173;2019-12-31;2018;MILES;92594;23533;1271722;963813;2351662;717001;0;0;187970;0;904971;3256633;365756;1183609;0;32381;79442;39276;1700464;0;0;85503;0;0;85503;1785967;88571;831431;84218;466446;0;0;1470666;3256633;
4158;900196775;2019-12-31;2019;MILES;5483069;10186412;16763189;13319962;45752632;1388451;0;0;662163;0;2050614;47803246;9788630;31053717;198273;0;0;648564;41689184;0;0;0;0;8213750;8213750;49902934;727474;3887730;458797;-7173689;0;0;-2099688;47803246;
4159;900196775;2019-12-31;2018;MILES;5895649;6187531;19227137;5743344;37053661;667422;0;0;2085259;0;2752681;39806342;3037526;22602228;0;0;0;1042907;26682661;0;0;0;0;8132500;8132500;34815161;727474;3887730;458797;-82820;0;0;4991181;39806342;
4160;805003576;2019-12-31;2019;MILES;10130461;320000;7049694;0;17500155;20169093;13451880;10304346;6268426;13451880;63645625;81145780;0;1782444;0;8110309;40783;0;9933536;0;34879331;2032636;0;5167362;42079329;52012865;500000;0;28661679;-7789949;0;7761185;29132915;81145780;
4161;805003576;2019-12-31;2018;MILES;5728487;3464272;4780787;0;13973546;23419390;13451880;9879386;5091169;13451880;65293705;79267251;58334;2686509;0;7801911;41297;0;10588051;0;36024139;1863854;0;4010067;41898060;52486111;500000;0;26859459;-8328149;0;7749830;26781140;79267251;
4162;900381993;2019-12-31;2019;MILES;37704;380730;5479303;1938128;7835865;169803;0;0;81270;0;251073;8086938;89539;7352836;0;90207;0;115403;7647985;28693;0;0;0;0;28693;7676678;200000;0;5754;204506;0;0;410260;8086938;
4163;900381993;2019-12-31;2018;MILES;66997;214487;3193243;1565306;5040033;16718;0;0;712;0;17430;5057463;0;4559081;0;73097;0;69172;4701350;0;0;23250;0;0;23250;4724600;200000;0;5754;127109;0;0;332863;5057463;
4164;890309282;2019-12-31;2019;MILES;4660491;308922;2404743;0;7374156;0;0;10954397;384145152;0;395099549;402473705;0;5554464;0;22930;169972;0;5747366;0;11251692;2486223;0;0;13737915;19485281;7043586;57978713;6486424;44020341;0;267459360;382988424;402473705;
4165;890309282;2019-12-31;2018;MILES;18780458;364481;13349938;0;32494877;0;0;9484947;385670839;0;395155786;427650663;0;5965017;0;26468;394407;0;6385892;0;5829959;2803784;0;0;8633743;15019635;7043586;57978713;53865003;43588520;0;250155206;412631028;427650663;
4166;800012080;2019-12-31;2019;MILES;1798942;236698;2896979;2935786;7868405;752315;0;0;75366;0;827681;8696086;0;1489875;0;0;542610;176632;2209117;0;0;212683;0;1917;214600;2423717;120000;0;60000;6092369;0;0;6272369;8696086;
4167;800012080;2019-12-31;2018;MILES;1702761;119835;2370667;2242402;6435665;772984;0;0;76834;0;849818;7285483;0;1772775;0;0;437643;140655;2351073;0;0;213780;0;1050;214830;2565903;120000;0;60000;4539580;0;0;4719580;7285483;
4168;890916883;2019-12-31;2019;MILES;13553121;2750870;52436724;475964;69216679;2141807;0;0;7733104;0;9874911;79091590;0;9305489;4867302;15125347;6089756;424067;35811961;0;0;0;0;6453038;6453038;42264999;1748688;26005;27261366;7790532;0;0;36826591;79091590;
4169;890916883;2019-12-31;2018;MILES;11280343;1674005;50668190;558969;64181507;2500505;0;0;1291559;0;3792064;67973571;0;14973924;2722639;14383035;5801638;154625;38035861;0;0;0;0;91184;91184;38127045;1748688;26005;19111085;8960748;0;0;29846526;67973571;
4170;900053978;2019-12-31;2019;MILES;217784;103352;1523710;22600;1867446;1096950;10264984;0;-10171890;10264984;11455028;13322474;13839;1193262;0;25622;1115484;64449;2412656;3839218;0;0;0;0;3839218;6251874;800000;0;0;3768406;0;2502194;7070600;13322474;
4171;900053978;2019-12-31;2018;MILES;511793;666871;1330632;6351;2515647;1272032;5896454;0;-5834358;5896454;7230582;9746229;186858;872981;0;257962;100715;73716;1492232;3844103;0;0;0;0;3844103;5336335;800000;0;0;1107700;0;2502194;4409894;9746229;
4172;860504772;2019-12-31;2019;MILES;3023447;2484113;24983654;0;30491214;4041185;0;9993698;14168975;0;28203858;58695072;1108661;10546036;0;636274;2725971;2576099;17593041;883333;1950613;1488957;0;0;4322903;21915944;7196666;0;19017408;4845810;0;5719244;36779128;58695072;
4173;860504772;2019-12-31;2018;MILES;2691113;3677976;18196637;0;24565726;4032237;0;10237183;13338469;0;27607889;52173615;679722;8729941;0;726467;1600746;2134637;13871513;1626854;1457628;1411038;0;0;4495520;18367033;7196666;0;18918331;2099077;0;5592508;33806582;52173615;
4174;805001194;2019-12-31;2019;MILES;24479783;1533319;8549975;6255538;40818615;2992706;0;0;728983;0;3721689;44540304;0;8004333;0;731705;1700510;0;10436548;0;0;0;0;0;0;10436548;165550;280705;31161451;2219596;0;276454;34103756;44540304;
4175;805001194;2019-12-31;2018;MILES;16699043;1274173;14792369;7542177;40307762;2740730;0;0;610920;0;3351650;43659412;0;10125212;0;457814;806733;0;11389759;0;0;0;0;0;0;11389759;165550;280705;28848543;2789798;0;185057;32269653;43659412;
4176;900174089;2019-12-31;2019;MILES;8740363;1889054;31412611;37792680;79834708;530022;0;0;3096345;0;3626367;83461075;6192;8561869;286025;250443;4126987;223865;13455381;0;18794186;18628;0;2435547;21248361;34703742;31800;12964720;95260;35665553;0;0;48757333;83461075;
4177;900174089;2019-12-31;2018;MILES;7118326;8813980;35928519;38364218;90225043;514078;0;0;1131095;0;1645173;91870216;19427;13798310;11325;233918;6865260;0;20928240;0;29778421;27495;0;0;29805916;50734156;31800;12964720;95260;28044280;0;0;41136060;91870216;
4178;900371473;2019-12-31;2019;MILES;22319;1213916;261791;147054;1645080;5218;0;0;1750082;0;1755300;3400380;113430;90710;0;9468;172170;44427;430205;0;0;0;0;0;0;430205;1247918;0;2008200;-285943;0;0;2970175;3400380;
4179;900371473;2019-12-31;2018;MILES;19431;1626584;704962;1335580;3686557;5498;0;0;1400898;0;1406396;5092953;168794;1918925;0;68393;297989;56775;2510876;1251141;0;0;0;0;1251141;3762017;1000000;0;372331;-41395;0;0;1330936;5092953;
4180;900630472;2019-12-31;2019;MILES;1006438;181999;6470502;7376926;15035865;0;0;0;0;0;0;15035865;1110703;5520190;0;0;42686;4240297;10913876;0;2815618;0;0;0;2815618;13729494;100000;0;1038960;162494;0;4917;1306371;15035865;
4181;900630472;2019-12-31;2018;MILES;369311;135124;3472326;12969625;16946386;0;0;0;0;0;0;16946386;2341126;9629482;0;0;90562;1964268;14025438;0;1777071;0;0;0;1777071;15802509;100000;0;849956;189004;0;4917;1143877;16946386;
4182;900240344;2019-12-31;2019;MILES;694246;3210731;10721817;5962516;20589310;4146144;5695481;0;-5640470;5695481;9896636;30485946;3312937;10215491;0;162827;3240108;96009;17027372;0;0;23899;0;0;23899;17051271;5000000;0;964142;7470533;0;0;13434675;30485946;
4183;900240344;2019-12-31;2018;MILES;606949;2301273;10554925;2864730;16327877;2968582;3280589;0;-3239870;3280589;6289890;22617767;1995382;11614181;0;92872;2264357;199917;16166709;0;0;11046;0;0;11046;16177755;5000000;0;964142;475870;0;0;6440012;22617767;
4184;900526085;2019-12-31;2019;MILES;1123960;673056;4896920;4423945;11117881;2870039;0;0;4936;0;2874975;13992856;583709;2698629;0;66777;559824;113867;4022806;7028590;0;0;0;0;7028590;11051396;1504204;0;0;1437256;0;0;2941460;13992856;
4185;900526085;2019-12-31;2018;MILES;695858;608929;4061781;2489066;7855634;2203693;0;0;4937;0;2208630;10064264;691153;2452463;0;49632;33607;46679;3273534;4606034;0;0;0;0;4606034;7879568;1504204;0;0;680492;0;0;2184696;10064264;
4186;900633781;2019-12-31;2019;MILES;492653;62977;4859071;712099;6126800;16854;0;378338;12656;0;407848;6534648;693301;1051942;0;26347;193453;24437;1989480;0;0;19448;0;0;19448;2008928;2000000;0;0;2525720;0;0;4525720;6534648;
4187;900633781;2019-12-31;2018;MILES;1124959;159581;5550844;1332213;8167597;16544;0;378338;101925;0;496807;8664404;391089;3755985;0;11874;42682;17000;4218630;0;0;117830;0;0;117830;4336460;2000000;0;0;2327944;0;0;4327944;8664404;
4188;900911785;2019-12-31;2019;MILES;64953;0;7264323;14853890;22183166;42434;0;0;0;0;42434;22225600;596;20614523;0;0;0;0;20615119;0;0;0;0;0;0;20615119;400000;0;72169;1138312;0;0;1610481;22225600;
4189;900911785;2019-12-31;2018;MILES;21118;0;8108330;29257275;37386723;49494;0;0;0;0;49494;37436217;3774561;32543790;0;0;0;0;36318351;0;0;0;0;0;0;36318351;400000;0;1795;716071;0;0;1117866;37436217;
4190;900229376;2019-12-31;2019;MILES;9892837;0;77690709;884040;88467586;143012;0;26434789;627769;0;27205570;115673156;67949689;19735718;0;0;981756;215473;88882636;0;0;752742;0;0;752742;89635378;3399000;14061775;-3341478;11918481;0;0;26037778;115673156;
4191;900229376;2019-12-31;2018;MILES;6533380;0;68178458;8209717;82921555;140622;0;25620610;677112;0;26438344;109359899;49983341;32264418;0;0;1638270;490960;84376989;0;0;835085;0;0;835085;85212074;3399000;14061775;-3506690;10193740;0;0;24147825;109359899;
4192;890929877;2019-12-31;2019;MILES;40741995;7665683;100325756;6835742;155569176;31073058;0;0;25385858;0;56458916;212028092;0;94648226;122342;24352672;0;12243022;131366262;4818803;0;0;0;0;4818803;136185065;19492676;13509084;25645855;17195412;0;0;75843027;212028092;
4193;890929877;2019-12-31;2018;MILES;37753895;10473621;96399619;5490308;150117443;22146767;0;0;21869697;0;44016464;194133907;0;72452966;563454;24609461;0;12115537;109741418;19007198;0;854874;0;0;19862072;129603490;19492676;13509084;15315948;16212709;0;0;64530417;194133907;
4194;900545074;2019-12-31;2019;MILES;3529376;1865989;14951728;1343429;21690522;132989;0;0;5689453;0;5822442;27512964;0;19577937;1558975;290686;515655;0;21943253;1269982;0;1684074;0;0;2954056;24897309;207797;18526303;0;-16118445;0;0;2615655;27512964;
4195;900545074;2019-12-31;2018;MILES;2921798;1674463;15023349;0;19619610;151788;0;0;9226108;0;9377896;28997506;0;24140518;2696345;363392;531533;0;27731788;1118578;0;2367520;0;0;3486098;31217886;207797;18526303;0;-20954480;0;0;-2220380;28997506;
4196;901019874;2019-12-31;2019;MILES;23469;160;94922;145533;264084;0;0;0;2930;0;2930;267014;48884;785;0;74;614;126233;176590;0;4800;0;0;0;4800;181390;50000;0;0;35624;0;0;85624;267014;
4197;901019874;2019-12-31;2018;MILES;3196361;8058;0;6994205;10198624;0;0;0;37221;0;37221;10235845;0;1040723;0;5749;29803;0;1076275;0;0;0;0;9074979;9074979;10151254;50000;0;0;34591;0;0;84591;10235845;
4198;800159100;2019-12-31;2019;MILES;7500506;4102404;34314838;65471;45983219;1555941;0;0;5543083;0;7099024;53082243;0;3235000;3890925;6505143;5332903;406944;19370915;0;0;0;0;4487018;4487018;23857933;1461988;0;24181191;3581131;0;0;29224310;53082243;
4199;800159100;2019-12-31;2018;MILES;3320155;3612330;39606345;111313;46650143;757097;0;0;914636;0;1671733;48321876;0;3350839;3978737;6530856;4978764;345103;19184299;0;0;0;0;239641;239641;19423940;1461988;0;24554270;2881678;0;0;28897936;48321876;
4200;900431077;2019-12-31;2019;MILES;566291;1617492;2880621;3073126;8137530;303543;0;0;14934;0;318477;8456007;10189;654296;0;108385;64563;134;837567;0;0;1138;0;0;1138;838705;136000;805043;1000000;5676259;0;0;7617302;8456007;
4201;900431077;2019-12-31;2018;MILES;1165174;1043090;3644340;3230098;9082702;316073;0;0;6394;0;322467;9405169;488003;1435693;0;192184;300311;0;2416191;0;0;0;0;0;0;2416191;136000;805043;1000000;5047935;0;0;6988978;9405169;
4202;900006382;2019-12-31;2019;MILES;187988;18404;617566;0;823958;43130486;0;0;0;0;43130486;43954444;0;3219;0;0;0;0;3219;0;0;13270130;0;0;13270130;13273349;40000;353000;2743736;910682;0;26633677;30681095;43954444;
4203;900006382;2019-12-31;2018;MILES;754558;0;1237566;0;1992124;42686190;0;0;0;0;42686190;44678314;0;1013;0;0;61;0;1074;0;0;13477238;0;0;13477238;13478312;40000;353000;2829052;1344273;0;26633677;31200002;44678314;
4204;800116473;2019-12-31;2019;MILES;126687;0;2809069;2132004;5067760;5182478;0;0;1346038;0;6528516;11596276;977627;2128586;0;0;18609;188661;3313483;0;0;1355737;0;0;1355737;4669220;700000;0;314503;5912553;0;0;6927056;11596276;
4205;800116473;2019-12-31;2018;MILES;878447;0;5006557;2643552;8528556;4771837;0;0;1290466;0;6062303;14590859;3009803;2755161;0;0;200514;213624;6179102;0;0;1166497;0;0;1166497;7345599;700000;0;314503;6230757;0;0;7245260;14590859;
4206;805004875;2019-12-31;2019;MILES;5396187;2847087;15146718;26855546;50245538;18969465;0;0;4036076;0;23005541;73251079;1487404;18771594;0;0;3888145;739311;24886454;17985335;0;2716122;0;0;20701457;45587911;3730000;1555000;12453519;5730088;0;4194561;27663168;73251079;
4207;805004875;2019-12-31;2018;MILES;4207450;3584591;15020042;27339335;50151418;16127959;0;0;2645543;0;18773502;68924920;1256335;14845050;0;0;3768966;468960;20339311;20511588;0;1400132;0;0;21911720;42251031;3730000;1555000;11959515;5255841;0;4173533;26673889;68924920;
4208;860052872;2019-12-31;2019;MILES;1051467;6357960;15422970;10676222;33508619;7949146;797217;0;6783604;797217;16327184;49835803;250358;6665485;0;854740;2501440;8080156;18352179;0;0;60021;0;0;60021;18412200;25151;0;12575;59851359;0;-28465482;31423603;49835803;
4209;860052872;2019-12-31;2018;MILES;1021911;6147990;16660716;11227832;35058449;9475518;1009118;0;6640662;1009118;18134416;53192865;682609;8453085;0;970178;1850226;7780008;19736106;0;0;60021;0;0;60021;19796127;25151;0;12575;48329267;0;-14970255;33396738;53192865;
4210;900324784;2019-12-31;2019;MILES;6150931;8776959;28663877;0;43591767;2112762;0;0;0;0;2112762;45704529;14689177;5228474;0;0;4397823;6139814;30455288;917337;0;0;0;166241;1083578;31538866;50000;0;25000;11764743;0;2325920;14165663;45704529;
4211;900324784;2019-12-31;2018;MILES;1884885;3788897;16076222;0;21750004;88285;0;0;0;0;88285;21838289;4760872;3686211;0;0;4436952;3062623;15946658;0;0;0;0;0;0;15946658;50000;0;25000;5071982;0;744649;5891631;21838289;
4212;900164998;2019-12-31;2019;MILES;715974;378439;9496478;6102183;16693074;16508160;0;0;377727;0;16885887;33578961;278299;7016157;0;0;1360707;677847;9333010;136444;7577327;390946;0;0;8104717;17437727;4000000;0;1812426;10328808;0;0;16141234;33578961;
4213;900164998;2019-12-31;2018;MILES;508977;736053;14124502;3962815;19332347;12463683;0;0;157796;0;12621479;31953826;897231;7113123;0;0;1989679;611056;10611089;0;8461296;1130518;0;0;9591814;20202903;4000000;0;1812426;5938497;0;0;11750923;31953826;
4214;900294380;2019-12-31;2019;MILES;3070330;1665322;20985701;32976303;58697656;26043580;0;4628166;3994644;0;34666390;93364046;19485425;10726428;0;784966;1281386;1473258;33751463;4832562;0;3018455;0;0;7851017;41602480;4500000;0;16745638;26664148;0;3851780;51761566;93364046;
4215;900294380;2019-12-31;2018;MILES;3187271;1423089;18392510;26828283;49831153;17122350;0;1164721;2752419;0;21039490;70870643;15180518;7864805;0;615434;2242046;1132127;27034930;6208697;0;626659;0;0;6835356;33870286;4500000;0;13171642;19328715;0;0;37000357;70870643;
4216;800173274;2019-12-31;2019;MILES;3090628;1986006;15365822;12258702;32701158;2713895;21495;0;1885055;21495;4641940;37343098;10478553;10078705;0;0;0;717187;21274445;2086598;1754610;0;0;0;3841208;25115653;8516799;0;527909;3182737;0;0;12227445;37343098;
4217;800173274;2019-12-31;2018;MILES;2860850;1059965;17153277;10158756;31232848;3322947;27000;0;1262818;27000;4639765;35872613;10147655;7574188;0;0;0;405308;18127151;2559900;3270472;0;0;0;5830372;23957523;8516799;0;351534;3046757;0;0;11915090;35872613;
4218;900801689;2019-12-31;2019;MILES;1741661;1691231;377263;52181;3862336;241827;0;65341634;13881222;0;79464683;83327019;1647481;1278994;0;122749;0;129532;3178756;0;0;2254779;33599264;0;35854043;39032799;1000000;0;0;-419016;0;43713236;44294220;83327019;
4219;900801689;2019-12-31;2018;MILES;1631238;1325486;317943;53691;3328358;321029;0;64713315;13915978;0;78950322;82278680;25189431;740541;0;175966;0;182348;26288286;0;0;1958273;35246746;0;37205019;63493305;568225;0;0;213452;0;18003698;18785375;82278680;
4220;900500472;2019-12-31;2019;MILES;368437;23683;2951785;50373274;53717179;0;0;0;0;0;0;53717179;7702867;30274320;0;0;46521;6210637;44234345;0;8713447;0;0;0;8713447;52947792;50000;0;664330;55057;0;0;769387;53717179;
4221;900500472;2019-12-31;2018;MILES;155943;0;7668661;37538626;45363230;0;0;0;0;0;0;45363230;10616208;16474245;0;0;6089;8850911;35947453;0;8701447;0;0;0;8701447;44648900;50000;0;298122;366208;0;0;714330;45363230;
4222;900142973;2019-12-31;2019;MILES;10158;3333048;3112166;1768294;8223666;45154192;0;3754103;26659463;0;75567758;83791424;2724439;2191862;0;717310;668958;105885;6408454;16761661;499406;4121783;0;0;21382850;27791304;5516600;28665646;186871;-8276319;0;29907322;56000120;83791424;
4223;900142973;2019-12-31;2018;MILES;10210;2883580;2261119;1518388;6673297;45348618;0;3947340;27702781;0;76998739;83672036;2604683;1772305;0;690579;297824;33722;5399113;17737733;985869;4106715;0;0;22830317;28229430;5516600;28665646;184875;-9056261;0;30131746;55442606;83672036;
4224;805009798;2019-12-31;2019;MILES;6738;71092;412841;58203;548874;2258450;0;0;3825;0;2262275;2811149;15770;0;0;0;0;0;15770;2437323;0;0;0;0;2437323;2453093;370000;0;188615;-476819;0;276260;358056;2811149;
4225;805009798;2019-12-31;2018;MILES;33180;147445;320388;26974;527987;2387485;0;0;0;0;2387485;2915472;0;0;0;241751;8839;0;250590;446722;0;0;86421;1708573;2241716;2492306;370000;0;188615;-411709;0;276260;423166;2915472;
4226;890932279;2019-12-31;2019;MILES;2133230;18992617;112500308;103986824;237612979;2382140;5870245;4616261;-3117380;5870245;15621511;253234490;128343532;39552099;0;79073;0;6352720;174327424;0;24667880;1698305;0;0;26366185;200693609;123027;27204173;81596;25132085;0;0;52540881;253234490;
4227;890932279;2019-12-31;2018;MILES;3967082;10650648;97120936;68441710;180180376;2601112;5863360;4616261;7783881;5863360;26727974;206908350;112404804;10886930;0;60404;0;6883662;130235800;0;26738911;3592373;0;0;30331284;160567084;123027;27204173;81596;18932470;0;0;46341266;206908350;
4228;890101676;2019-12-31;2019;MILES;5580243;3133136;30362702;39889999;78966080;89590585;106958;0;6497803;106958;96302304;175268384;14157374;25729171;0;0;1500222;1187557;42574324;28620641;163065;9985431;0;416227;39185364;81759688;148863;9772388;47663015;19958825;0;15965605;93508696;175268384;
4229;890101676;2019-12-31;2018;MILES;7113014;4580313;29439573;28656022;69788922;77698974;54834;0;820301;54834;78628943;148417865;13776199;22420034;0;0;1298172;1376879;38871284;15008318;163065;12992231;0;496533;28660147;67531431;148863;9772388;38722341;16113935;0;16128907;80886434;148417865;
4230;830081273;2019-12-31;2019;MILES;1337148;1393787;26978814;0;29709749;0;0;0;0;0;0;29709749;0;24339367;34444;1461136;0;915411;26750358;0;0;92568;0;0;92568;26842926;320000;0;269306;2277517;0;0;2866823;29709749;
4231;830081273;2019-12-31;2018;MILES;319437;939329;22586846;0;23845612;0;0;0;0;0;0;23845612;0;18585737;9411;1569659;0;1296622;21461429;0;0;84398;0;0;84398;21545827;320000;0;269306;1710479;0;0;2299785;23845612;
4232;900273876;2019-12-31;2019;MILES;51408558;46335;5361440;0;56816333;18915476;0;0;9048342;0;27963818;84780151;0;590867;4664088;0;630388;0;5885343;0;0;3718951;0;0;3718951;9604294;58705337;0;7862005;8608515;0;0;75175857;84780151;
4233;900273876;2019-12-31;2018;MILES;37493224;712478;5444227;0;43649929;20594393;3413500;0;7169258;3413500;34590651;78240580;0;2145259;1558311;0;101885;0;3805455;0;0;2169768;0;0;2169768;5975223;58705337;0;4668002;8892018;0;0;72265357;78240580;
4234;900184576;2019-12-31;2019;MILES;2405557;1489616;8314994;19591123;31801290;15970816;0;0;1991742;0;17962558;49763848;2987344;30107327;0;185278;1449972;1856001;36585922;1180106;0;467346;0;5860672;7508124;44094046;1654679;2826;629257;3028679;0;354361;5669802;49763848;
4235;900184576;2019-12-31;2018;MILES;3316246;1308576;7827807;11157144;23609773;6700408;0;0;2080039;0;8780447;32390220;3744068;19747844;0;181870;1963815;282515;25920112;1893229;0;262591;0;0;2155820;28075932;1131017;0;501797;2681474;0;0;4314288;32390220;
4236;900454399;2019-12-31;2019;MILES;174952;1675435;210709088;37937149;250496624;6199434;0;0;6470573;0;12670007;263166631;1117823;231920361;0;0;869718;215694;234123596;4234320;0;0;0;0;4234320;238357916;379621;2966589;1940192;19522313;0;0;24808715;263166631;
4237;900454399;2019-12-31;2018;MILES;31757;385250;156932399;33112320;190461726;3985313;0;0;3159371;0;7144684;197606410;0;175000818;0;0;1577053;169662;176747533;0;0;0;0;0;0;176747533;379621;2966589;1758167;15754500;0;0;20858877;197606410;
4238;890101176;2019-12-31;2019;MILES;6928411;4652288;88459825;75368547;175409071;14701465;0;710401;2250553;0;17662419;193071490;101182272;33056551;0;2364972;9633284;442655;146679734;2724598;839318;0;0;650786;4214702;150894436;12000000;720332;5943512;23513210;0;0;42177054;193071490;
4239;890101176;2019-12-31;2018;MILES;3158651;3956524;61281119;70226326;138622620;13376771;0;702964;1342008;0;15421743;154044363;92477261;23885790;0;1430747;2318131;390316;120502245;3919205;871560;0;0;0;4790765;125293010;5000000;456332;2445649;20849372;0;0;28751353;154044363;
4240;860046377;2019-12-31;2019;MILES;185731;48196;4206501;0;4440428;570282;0;0;79334167;0;79904449;84344877;0;210660;0;0;13841;0;224501;0;0;169898;0;0;169898;394399;1000000;0;21298752;50451314;0;11200412;83950478;84344877;
4241;860046377;2019-12-31;2018;MILES;71041;10446;2080221;0;2161708;580721;0;0;80672429;0;81253150;83414858;0;1031997;0;0;24511;0;1056508;0;0;191040;0;0;191040;1247548;1000000;0;21298752;48668146;0;11200412;82167310;83414858;
4242;830003583;2019-12-31;2019;MILES;11211823;8829238;32060793;15807701;67909555;1532758;4152169;0;-871116;4152169;8965980;76875535;1353086;64513716;0;0;1467464;0;67334266;0;14049140;0;0;0;14049140;81383406;3572100;11526451;0;-19606422;0;0;-4507871;76875535;
4243;830003583;2019-12-31;2018;MILES;17584909;0;46979042;18245741;82809692;1650056;4547629;0;9519674;4547629;20264988;103074680;609391;84548599;0;0;3376689;0;88534679;0;26588411;0;0;0;26588411;115123090;2131300;4757200;309500;-19246410;0;0;-12048410;103074680;
4244;800076374;2019-12-31;2019;MILES;52144;7522;1688890;240690;1989246;18341307;50838;12000;76794;50838;18531777;20521023;402988;4050940;0;0;200188;0;4654116;461915;0;0;5158468;0;5620383;10274499;1561128;0;89935;-4905598;0;13501059;10246524;20521023;
4245;800076374;2019-12-31;2018;MILES;2717;7409;1692264;239858;1942248;18519074;44449;12000;182090;44449;18802062;20744310;265190;4407055;0;0;16657;0;4688902;565378;0;0;5120750;0;5686128;10375030;1561128;0;89935;-4949416;0;13667633;10369280;20744310;
4246;890301680;2019-12-31;2019;MILES;3807178;10136376;27859210;56152731;97955495;42363200;1540069;0;15902031;1540069;61345369;159300864;33542302;46638742;0;0;0;0;80181044;30458993;0;271500;0;0;30730493;110911537;3300000;0;1650000;18252094;0;25187233;48389327;159300864;
4247;890301680;2019-12-31;2018;MILES;9549066;4796492;15895910;59220422;89461890;40716153;1554831;0;10424741;1554831;54250556;143712446;28691829;41088836;0;0;0;0;69780665;30196576;0;478181;0;0;30674757;100455422;3300000;0;1561983;16996587;0;21398454;43257024;143712446;
4248;900447078;2019-12-31;2019;MILES;200680;5919735;220732296;6473875;233326586;196461;0;0;2035210;0;2231671;235558257;13392128;186956809;0;672269;4043779;189074;205254059;0;0;44735;0;0;44735;205298794;883;0;0;3407330;0;26851250;30259463;235558257;
4249;900447078;2019-12-31;2018;MILES;1661895;11696558;191541744;3514668;208414865;296510;0;0;1899335;0;2195845;210610710;8499500;181802805;0;856688;15022500;306518;206488011;0;0;804943;0;0;804943;207292954;883;0;0;3316873;0;0;3317756;210610710;
4250;900554183;2019-12-31;2019;MILES;52425;782354;333350;6443905;7612034;1052983;0;0;0;0;1052983;8665017;1444464;4318651;0;832;13882;0;5777829;0;1639816;0;69080;702431;2411327;8189156;50000;0;0;425861;0;0;475861;8665017;
4251;900554183;2019-12-31;2018;MILES;199182;572738;19299;0;791219;0;899604;0;-899604;899604;899604;1690823;0;262115;0;4335;8570;0;275020;0;0;0;0;1008515;1008515;1283535;50000;0;0;357288;0;0;407288;1690823;
4252;900247777;2019-12-31;2019;MILES;91871;176649;150746;0;419266;139660;0;18052852;6030;0;18198542;18617808;68915;345269;0;51292;0;45662;511138;8647159;0;915318;0;0;9562477;10073615;60000;294119;36165;8153909;0;0;8544193;18617808;
4253;900247777;2019-12-31;2018;MILES;14984;183982;1908575;0;2107541;168230;0;12891986;18493;0;13078709;15186250;2476476;215375;0;38112;0;91068;2821031;5519165;0;551370;0;16223;6086758;8907789;60000;294119;36165;5888177;0;0;6278461;15186250;
4254;830057982;2019-12-31;2019;MILES;1810777;2768739;24309483;11725336;40614335;19782068;0;0;4484270;0;24266338;64880673;4665321;14754166;0;375678;242883;0;20038048;2111828;15924744;35890;0;0;18072462;38110510;695100;10660296;6019243;7268954;0;2126570;26770163;64880673;
4255;830057982;2019-12-31;2018;MILES;3780902;2794041;20717675;11868837;39161455;19270809;0;0;4367091;0;23637900;62799355;5630461;19391312;0;456983;134847;0;25613603;470233;15458450;53467;0;0;15982150;41595753;695098;3660297;6019243;9059787;0;1769177;21203602;62799355;
4256;890928577;2019-12-31;2019;MILES;363684;34454;12907687;3951118;17256943;2906353;0;0;2668562;0;5574915;22831858;1900033;6398033;0;503007;2297685;169458;11268216;109084;0;209501;0;2221135;2539720;13807936;47812;0;1292490;7683620;0;0;9023922;22831858;
4257;890928577;2019-12-31;2018;MILES;706832;36524;8658985;3295766;12698107;2804841;0;0;133353;0;2938194;15636301;1157190;4350712;0;436377;2191839;5516;8141634;244419;0;321983;0;0;566402;8708036;47812;0;676239;6204214;0;0;6928265;15636301;
4258;813012274;2019-12-31;2019;MILES;40557;90841;66399;171392;369189;9971118;13336986;0;-13336986;13336986;23308104;23677293;0;85113;0;0;0;0;85113;0;12208414;0;0;1494977;13703391;13788504;5244597;25586621;15973513;-38811413;0;1895471;9888789;23677293;
4259;813012274;2019-12-31;2018;MILES;43920;29338;147863;717197;938318;11577577;13191405;0;-13191405;13191405;24768982;25707300;0;82677;0;0;145136;0;227813;0;11790146;0;0;1494977;13285123;13512936;5244597;25586621;15996448;-36528773;0;1895471;12194364;25707300;
4260;900245577;2019-12-31;2019;MILES;2110703;639476;17976657;0;20726836;0;0;0;0;0;0;20726836;0;16782180;0;0;27226;0;16809406;0;0;0;0;0;0;16809406;464560;0;360160;-379805;0;3472515;3917430;20726836;
4261;900245577;2019-12-31;2018;MILES;1866255;2386558;17546609;0;21799422;0;0;0;248415;0;248415;22047837;0;17383814;0;0;179379;0;17563193;0;0;0;0;0;0;17563193;464560;0;360160;187409;0;3472515;4484644;22047837;
4262;900193076;2019-12-31;2019;MILES;1599838;1724847;6122799;15641918;25089402;8720254;0;0;0;0;8720254;33809656;36935;5983159;0;630164;727822;3422;7381502;220880;0;62795;0;0;283675;7665177;1600000;0;800000;18977428;0;4767051;26144479;33809656;
4263;900193076;2019-12-31;2018;MILES;580471;2015528;7337532;12862722;22796253;8776672;0;0;0;0;8776672;31572925;336765;2357401;0;310724;2060115;5122;5070127;57292;0;33741;0;0;91033;5161160;1600000;0;800000;19244714;0;4767051;26411765;31572925;
4264;800179883;2019-12-31;2019;MILES;1995501;2293998;3855749;1423409;9568657;3498007;0;0;483924;0;3981931;13550588;2500207;3847868;0;91754;482920;86049;7008798;0;0;256242;0;0;256242;7265040;3220000;0;109788;2955760;0;0;6285548;13550588;
4265;800179883;2019-12-31;2018;MILES;2517240;2274825;4023039;1777788;10592892;1592740;0;0;784199;0;2376939;12969831;697253;4924299;0;144200;1431607;192061;7389420;0;0;561380;0;0;561380;7950800;3220000;0;109788;1689243;0;0;5019031;12969831;
4266;860001777;2019-12-31;2019;MILES;8420956;5012376;22517809;39957357;75908498;44046036;0;0;11439070;0;55485106;131393604;25420389;23937767;1969908;4506672;6062420;1101665;62998821;0;0;4993929;0;0;4993929;67992750;11317601;13886816;3946246;34250191;0;0;63400854;131393604;
4267;860001777;2019-12-31;2018;MILES;7632869;4502481;26883123;46458440;85476913;43894275;0;0;10980827;0;54875102;140352015;26574845;41435279;1969828;4477153;3169664;19154;77645923;0;0;5402327;76328;0;5478655;83124578;11317601;13886816;3721366;28301654;0;0;57227437;140352015;
4268;811014191;2019-12-31;2019;MILES;3626449;6380147;14742595;32800455;57549646;4817067;0;0;36349325;0;41166392;98716038;8569874;10283665;281168;0;2988378;430936;22554021;59749266;0;18818;0;0;59768084;82322105;8160000;1340000;287348;6606585;0;0;16393933;98716038;
4269;811014191;2019-12-31;2018;MILES;3079355;5673330;14554069;39208373;62515127;4528607;0;0;1091627;0;5620234;68135361;22593161;8407361;477458;0;771380;488096;32737456;14990723;0;197974;0;0;15188697;47926153;8160000;1340000;287348;10421860;0;0;20209208;68135361;
4270;900736182;2019-12-31;2019;MILES;69926674;12138488;287661740;2919822;372646724;5439853;0;0;28851460;0;34291313;406938037;1219384;243589917;57029539;0;17666576;12864221;332369637;3166643;0;0;0;11193268;14359911;346729548;266466;16480159;0;43461864;0;0;60208489;406938037;
4271;900736182;2019-12-31;2018;MILES;87861393;39497966;192945065;1834208;322138632;2576635;0;0;24614202;0;27190837;349329469;0;252414541;23848599;0;6387616;15747296;298398052;0;0;0;0;9823150;9823150;308221202;266466;16480159;0;24361642;0;0;41108267;349329469;
4272;900351463;2019-12-31;2019;MILES;41184;28004;174796;76315;320299;1069237;0;0;32750;0;1101987;1422286;1302;307293;0;0;35554;0;344149;103215;0;0;0;0;103215;447364;1200000;0;78607;-303685;0;0;974922;1422286;
4273;900351463;2019-12-31;2018;MILES;13293;22187;212278;52230;299988;1312606;0;0;35809;0;1348415;1648403;2791;428833;0;0;55160;0;486784;205269;0;0;0;0;205269;692053;1200000;0;78607;-322257;0;0;956350;1648403;
4274;830040575;2019-12-31;2019;MILES;10164933;0;26845124;7555376;44565433;2279383;462637;0;-395792;462637;2808865;47374298;23651;9604956;308858;285221;1634180;0;11856866;14818;0;0;0;101626;116444;11973310;7512065;0;3756032;15546799;0;8586092;35400988;47374298;
4275;830040575;2019-12-31;2018;MILES;4153225;0;68693982;6057478;78904685;1341096;590979;0;-590979;590979;1932075;80836760;21311;5014733;386964;384139;712699;0;6519846;45101;0;958950;0;38823;1042874;7562720;7512065;0;3756032;53419851;0;8586092;73274040;80836760;
4276;900744272;2019-12-31;2019;MILES;9952041;865675;37461157;8599923;56878796;2279766;84950267;0;-82676982;84950267;89503318;146382114;17379134;55612777;621324;868879;3096643;0;77578757;23542987;0;0;0;0;23542987;101121744;342969;31562961;0;13354440;0;0;45260370;146382114;
4277;900744272;2019-12-31;2018;MILES;5846241;473879;74295890;9756140;90372150;1346737;13180658;0;-12870702;13180658;14837351;105209501;0;55002167;909095;748944;2601053;0;59261259;26376284;0;0;0;0;26376284;85637543;182305;15657227;0;3732426;0;0;19571958;105209501;
4278;900311092;2019-12-31;2019;MILES;95908;586311;627250;0;1309469;569242;0;0;3261828;0;3831070;5140539;22140693;1864170;0;44096;213400;0;24262359;0;0;0;0;0;0;24262359;1377892;5236107;0;-25735819;0;0;-19121820;5140539;
4279;900311092;2019-12-31;2018;MILES;79588;1457753;73370;0;1610711;500282;0;0;2446977;0;2947259;4557970;10859000;42912;0;39063;37480;0;10978455;0;0;0;0;0;0;10978455;1377892;5236107;0;-13034484;0;0;-6420485;4557970;
4280;900439672;2019-12-31;2019;MILES;969522;10367163;3676387;2372419;17385491;566087;15705114;0;-15136699;15705114;16839616;34225107;907454;4255118;0;133681;1037656;18949329;25283238;291577;5626541;0;0;301568;6219686;31502924;1000000;0;171582;1550601;0;0;2722183;34225107;
4281;900439672;2019-12-31;2018;MILES;18749;4007112;70751;1248;4097860;537971;26289134;0;-25834358;26289134;27281881;31379741;636639;99067;0;215001;476909;268848;1696464;698613;18997806;0;0;8276093;27972512;29668976;1000000;0;171582;539183;0;0;1710765;31379741;
4282;900163080;2019-12-31;2019;MILES;899869;178560;7936559;2484305;11499293;1890655;0;156000;131813;0;2178468;13677761;440555;2331471;0;81979;989474;0;3843479;1410176;0;0;0;0;1410176;5253655;285000;7615000;1998112;-1474006;0;0;8424106;13677761;
4283;900163080;2019-12-31;2018;MILES;670161;434950;4557982;2614010;8277103;0;0;156000;0;0;156000;8433103;0;143043;0;65789;713430;0;922262;0;0;0;0;0;0;922262;285000;7615000;274784;-663943;0;0;7510841;8433103;
4284;890406589;2019-12-31;2019;MILES;274040;2219384;2436979;4755992;9686395;14247776;0;0;472934;0;14720710;24407105;1482933;3900564;0;574441;0;1859941;7817879;0;0;1038369;0;715355;1753724;9571603;1050000;0;1286710;2803893;0;9694899;14835502;24407105;
4285;890406589;2019-12-31;2018;MILES;10071107;3245247;5868647;5892465;25077466;14529086;0;0;430610;0;14959696;40037162;1462952;13839661;0;522019;1555595;6931144;24311371;0;0;1108915;0;455749;1564664;25876035;1050000;0;1286710;2129518;0;9694899;14161127;40037162;
4286;860001576;2019-12-31;2019;MILES;4456804;2545281;10225061;10502478;27729624;1363394;2997669;0;-2600986;2997669;4757746;32487370;11490911;3887228;0;644727;2024778;5254442;23302086;0;3055021;84579;0;0;3139600;26441686;3556000;0;286445;1505130;0;698109;6045684;32487370;
4287;860001576;2019-12-31;2018;MILES;2583723;1350119;9955690;8490217;22379749;3298487;2609407;0;-2138986;2609407;6378315;28758064;9467324;3491457;0;544524;2074399;1681802;17259506;0;3152087;232852;0;2626192;6011131;23270637;3556000;0;229533;1003785;0;698109;5487427;28758064;
4288;800213075;2019-12-31;2019;MILES;2259849;2011620;3456964;1918904;9647337;12732213;11891233;20836849;38057990;11891233;95409518;105056855;4622549;12923464;72594;2312899;2483032;467586;22882124;44832000;12412204;1988343;0;14883861;74116408;96998532;2345968;12674981;126143;-7088769;0;0;8058323;105056855;
4289;800213075;2019-12-31;2018;MILES;1763827;2008704;8503421;7281433;19557385;16084331;10152472;20836849;25260366;10152472;82486490;102043875;10427102;19175398;222433;2476534;2669113;373777;35344357;45600000;3519203;2433221;0;0;51552424;86896781;23459684;20777654;126143;-29216387;0;0;15147094;102043875;
4290;900357982;2019-12-31;2019;MILES;108464;0;1098356;0;1206820;317745;0;0;15356812;0;15674557;16881377;0;22235;0;14939;72835;1957;111966;0;260773;205126;0;0;465899;577865;50000;0;0;-11943923;0;28197435;16303512;16881377;
4291;900357982;2019-12-31;2018;MILES;2094;1778;1038012;0;1041884;342990;0;0;16843360;0;17186350;18228234;0;197674;0;33973;5228;10651;247526;0;61509;205126;0;0;266635;514161;50000;0;0;-11999956;0;29664029;17714073;18228234;
4292;900176883;2019-12-31;2019;MILES;44432;0;9058009;9327229;18429670;1253799;0;0;107;0;1253906;19683576;6003850;4517481;0;0;0;179820;10701151;0;0;0;0;3481641;3481641;14182792;1600000;2280000;238110;1382674;0;0;5500784;19683576;
4293;900176883;2019-12-31;2018;MILES;38936;0;6781812;7939238;14759986;1324447;0;0;107;0;1324554;16084540;1181686;8293437;0;0;0;157621;9632744;0;0;0;0;1501695;1501695;11134439;1600000;2280000;227699;842402;0;0;4950101;16084540;
4294;830098375;2019-12-31;2019;MILES;5159967;7977576;77970273;5090340;96198156;43128276;39823927;0;-34525544;39823927;88250586;184448742;105576342;27738660;0;1513083;3716524;0;138544609;0;0;787140;0;0;787140;139331749;3197220;12588845;9079358;18135843;0;2115727;45116993;184448742;
4295;830098375;2019-12-31;2018;MILES;10964492;17557692;73150506;4864973;106537663;42764303;40420002;0;-32632310;40420002;90971997;197509660;111953888;41358944;0;1486917;5824447;0;160624196;0;0;1595959;0;0;1595959;162220155;3197220;12588845;8428141;8959572;0;2115727;35289505;197509660;
4296;900305673;2019-12-31;2019;MILES;3150983;0;16109315;344140;19604438;5257682;0;0;116828;0;5374510;24978948;0;570366;0;138037;30286;0;738689;3277140;0;94;0;0;3277234;4015923;1850645;13768302;0;5344078;0;0;20963025;24978948;
4297;900305673;2019-12-31;2018;MILES;8447763;2777;17698878;7774354;33923772;7179023;0;0;110133;0;7289156;41212928;0;16027809;0;210678;860756;0;17099243;3249750;0;1534;0;0;3251284;20350527;1850645;13768302;0;5243454;0;0;20862401;41212928;
4298;811038881;2019-12-31;2019;MILES;2264463;5074910;65269196;37121899;109730468;23114667;0;0;373953;0;23488620;133219088;45865993;39883852;214296;1305182;2538980;0;89808303;7135713;0;0;0;0;7135713;96944016;1045947;8216674;2000000;20584133;0;4428318;36275072;133219088;
4299;811038881;2019-12-31;2018;MILES;1720727;4510299;41239726;27484080;74954832;18785970;8896114;0;-8229448;8896114;28348750;103303582;6722837;25391365;0;1258838;6898785;0;40271825;34909063;0;391029;0;0;35300092;75571917;1045947;8216674;2000000;16469044;0;0;27731665;103303582;
4300;830004575;2019-12-31;2019;MILES;13179792;27551;2117075;8498;15332916;518300;0;0;1343983;0;1862283;17195199;0;1317101;0;75681;644329;2599499;4636610;0;0;0;0;1924556;1924556;6561166;270470;0;135235;10228328;0;0;10634033;17195199;
4301;830004575;2019-12-31;2018;MILES;11096650;28505;2047027;15180;13187362;161033;0;0;1336045;0;1497078;14684440;0;1080911;0;78381;722829;2871563;4753684;0;0;0;0;1957206;1957206;6710890;270470;0;135235;7567845;0;0;7973550;14684440;
4302;900841977;2019-12-31;2019;MILES;1920750;10276385;22285988;24745681;59228804;26280;0;0;295723;0;322003;59550807;0;59782287;0;354456;586587;0;60723330;0;0;1686;0;0;1686;60725016;2500;1209823;0;-2386532;0;0;-1174209;59550807;
4303;900841977;2019-12-31;2018;MILES;9465464;7184048;19694602;12649921;48994035;23792;0;0;120047;0;143839;49137874;0;47809723;0;277995;202705;0;48290423;0;0;0;0;0;0;48290423;2500;1209823;0;-364872;0;0;847451;49137874;
4304;830146782;2019-12-31;2019;MILES;1293290;0;2024547;0;3317837;2384;0;0;23582;0;25966;3343803;0;2112799;0;0;0;0;2112799;0;0;0;0;0;0;2112799;200000;0;10000;1021004;0;0;1231004;3343803;
4305;830146782;2019-12-31;2018;MILES;1302075;7853;2473192;0;3783120;3120;0;0;0;0;3120;3786240;0;2735811;0;0;0;0;2735811;0;0;0;0;0;0;2735811;10000;0;10000;1030429;0;0;1050429;3786240;
4306;901110375;2019-12-31;2019;MILES;7238645;0;45561352;0;52799997;0;0;0;232460024;0;232460024;285260021;0;3660007;0;0;381436;0;4041443;0;0;0;0;0;0;4041443;25870439;0;178784088;18427978;0;58136073;281218578;285260021;
4307;901110375;2019-12-31;2018;MILES;8953664;0;38623312;0;47576976;0;0;0;207066863;0;207066863;254643839;0;25607;0;0;435736;0;461343;0;0;6644;0;0;6644;467987;25870439;0;170169340;27627874;0;30508199;254175852;254643839;
4308;890200686;2019-12-31;2019;MILES;1510710;200452;11220290;5453896;18385348;23939395;0;98422;1976990;0;26014807;44400155;5678826;4152729;0;0;402673;472850;10707078;10722200;1093755;1687989;0;0;13503944;24211022;4200000;0;765809;13813725;0;1409599;20189133;44400155;
4309;890200686;2019-12-31;2018;MILES;493931;72490;9765146;5225014;15556581;16162014;0;98422;1996047;0;18256483;33813064;7613352;3826573;0;0;465460;446647;12352032;0;450630;1503107;0;0;1953737;14305769;4200000;0;765809;13131888;0;1409598;19507295;33813064;
4310;830012771;2019-12-31;2019;MILES;1317050;212470;71739;0;1601259;9333487;0;0;3682893;0;13016380;14617639;0;59229;0;0;194639;0;253868;0;0;0;0;2364032;2364032;2617900;9628470;0;189806;67083;0;2114380;11999739;14617639;
4311;830012771;2019-12-31;2018;MILES;828571;104704;3680186;0;4613461;8170015;0;0;18503;0;8188518;12801979;569180;0;0;0;205371;94772;869323;0;0;0;0;0;0;869323;9628470;0;189806;1227714;0;886666;11932656;12801979;
4312;830097673;2019-12-31;2019;MILES;1143333;3013075;5302621;0;9459029;2110267;0;0;2608800;0;4719067;14178096;1017970;2515329;0;1141420;1346997;1941613;7963329;810820;0;21817;0;0;832637;8795966;3100000;0;1766853;515277;0;0;5382130;14178096;
4313;830097673;2019-12-31;2018;MILES;186018;4199957;6790692;0;11176667;2110800;0;0;980726;0;3091526;14268193;1189953;3678949;0;991333;524194;2457488;8841917;490549;0;39411;0;0;529960;9371877;3100000;0;1560610;235706;0;0;4896316;14268193;
4314;890213074;2019-12-31;2019;MILES;4626598;3046446;34332156;2286611;44291811;34804512;0;1224520;8159;0;36037191;80329002;1429332;18685731;0;508212;0;5341140;25964415;4810931;12304194;52890;0;8839118;26007133;51971548;61000;1603150;25000;13175300;0;13493004;28357454;80329002;
4315;890213074;2019-12-31;2018;MILES;5474650;6854490;38361460;1737375;52427975;27342234;0;0;16842;0;27359076;79787051;888190;17825572;0;545406;21284;5253153;24533605;4735024;10653967;52890;0;11959960;27401841;51935446;61000;1603150;25000;7143181;0;19019274;27851605;79787051;
4316;800219189;2019-12-31;2019;MILES;881987;0;12863337;10676743;24422067;15797024;0;0;1523422;0;17320446;41742513;7545182;8894852;0;0;0;0;16440034;9062500;0;0;0;0;9062500;25502534;1500000;0;702074;6098279;0;7939626;16239979;41742513;
4317;800219189;2019-12-31;2018;MILES;926421;0;12260501;9405478;22592400;16075951;0;0;2146000;0;18221951;40814351;9423681;8702136;0;0;0;0;18125817;6564353;0;0;0;0;6564353;24690170;1500000;0;702074;5982481;0;7939626;16124181;40814351;
4318;890101573;2019-12-31;2019;MILES;555;360693;586700;0;947948;629878;1423339;9619364;-593749;1423339;12502171;13450119;214761;647301;0;0;478707;15944;1356713;0;1471698;0;0;0;1471698;2828411;814781;0;838601;8968326;0;0;10621708;13450119;
4319;890101573;2019-12-31;2018;MILES;1509;402474;590196;0;994179;600432;1318789;9670461;-528975;1318789;12379496;13373675;296100;649411;0;0;303058;6807;1255376;0;1466491;60367;0;0;1526858;2782234;814781;0;838601;8938059;0;0;10591441;13373675;
4320;900990472;2019-12-31;2019;MILES;20273;333024;7633593;0;7986890;7126;0;0;1119512;0;1126638;9113528;0;8386665;0;39555;48969;0;8475189;0;0;0;0;402456;402456;8877645;200000;0;0;35883;0;0;235883;9113528;
4321;900990472;2019-12-31;2018;MILES;1000;253366;5971384;0;6225750;9814;0;0;400000;0;409814;6635564;0;8487400;0;33079;48969;0;8569448;0;0;0;0;141576;141576;8711024;10000;0;0;-2085460;0;0;-2075460;6635564;
4322;900893683;2019-12-31;2019;MILES;958409;347081;3319560;2878065;7503115;7224920;0;0;15647713;0;22872633;30375748;0;231343;0;164311;124768;204628;725050;0;0;503373;0;0;503373;1228423;25394200;0;0;-654679;0;4407804;29147325;30375748;
4323;900893683;2019-12-31;2018;MILES;3715120;347081;2756479;2939142;9757822;7085374;0;0;16156417;0;23241791;32999613;0;2395055;0;201358;286696;155086;3038195;0;0;502334;0;0;502334;3540529;25394200;0;0;-342920;0;4407804;29459084;32999613;
4324;900685276;2019-12-31;2019;MILES;6234184;3398;0;0;6237582;0;3334860;22738233;-892464;3334860;28515489;34753071;0;0;0;0;9737;0;9737;0;10559259;0;0;0;10559259;10568996;87240;0;48343;24048492;0;0;24184075;34753071;
4325;900685276;2019-12-31;2018;MILES;11153325;0;0;0;11153325;0;3291033;47516494;-1786581;3291033;52311979;63465304;0;0;0;0;4644230;0;4644230;0;10999943;1716488;0;0;12716431;17360661;87240;0;48343;45969060;0;0;46104643;63465304;
4326;900798573;2019-12-31;2019;MILES;404232;51790141;18187;0;52212560;917478;0;0;0;0;917478;53130038;66436;0;0;0;24060;10343;100839;0;0;0;0;0;0;100839;2232;37923976;0;15102991;0;0;53029199;53130038;
4327;900798573;2019-12-31;2018;MILES;1085673;46370440;10194;0;47466307;931392;0;0;0;0;931392;48397699;36238;0;0;0;25822;1284692;1346752;0;0;26525;0;0;26525;1373277;2232;37923976;0;9098214;0;0;47024422;48397699;
4328;900263173;2019-12-31;2019;MILES;26548;652832;493854;673939;1847173;6549507;0;0;689654;0;7239161;9086334;170826;654219;0;62217;441112;0;1328374;1201588;0;0;0;0;1201588;2529962;12955133;0;0;-6786598;0;387837;6556372;9086334;
4329;900263173;2019-12-31;2018;MILES;13184;508654;614419;370023;1506280;3404257;0;0;5911499;0;9315756;10822036;0;1168182;0;34936;260678;0;1463796;2492712;0;0;0;0;2492712;3956508;12955133;0;0;-6477442;0;387837;6865528;10822036;
4330;900598972;2019-12-31;2019;MILES;87351;20178;37996;0;145525;123246;29000;6674161;-29000;29000;6826407;6971932;0;1926276;0;14753;52958;0;1993987;0;0;228327;0;0;228327;2222314;6598112;712582;0;-2561076;0;0;4749618;6971932;
4331;900598972;2019-12-31;2018;MILES;6183;37015;11900;0;55098;141124;35000;7490012;-35000;35000;7666136;7721234;0;1275262;0;11983;50671;0;1337916;0;0;293910;0;0;293910;1631826;6598112;712582;0;-1221286;0;0;6089408;7721234;
4332;800219876;2019-12-31;2019;MILES;31161321;51410950;67129433;233770;149935474;943033;0;0;8618675;0;9561708;159497182;16500;29333481;2373836;1790672;0;117128779;150643268;0;0;0;0;0;0;150643268;719656;9446688;1440318;-2752748;0;0;8853914;159497182;
4333;800219876;2019-12-31;2018;MILES;46934158;49888526;43214749;304716;140342149;1324913;0;0;6499552;0;7824465;148166614;0;29303436;1581413;1476160;0;107914108;140275117;0;3647145;0;0;0;3647145;143922262;633356;3793300;1548716;-1731020;0;0;4244352;148166614;
4334;900171676;2019-12-31;2019;MILES;1077819;2754259;7510614;690905;12033597;12180;0;0;149598;0;161778;12195375;0;6583225;0;92320;0;1037419;7712964;0;0;0;0;70713;70713;7783677;300000;0;0;4111698;0;0;4411698;12195375;
4335;900171676;2019-12-31;2018;MILES;165173;2089482;5152788;882990;8290433;22434;0;0;45164;0;67598;8358031;0;3669080;0;127785;0;1215985;5012850;0;0;1305;0;0;1305;5014155;300000;0;0;3043876;0;0;3343876;8358031;
4336;800144976;2019-12-31;2019;MILES;2078555;2768269;9134820;0;13981644;5224762;0;0;4421471;0;9646233;23627877;354184;2730124;0;273760;1293289;0;4651357;0;0;53201;0;4062571;4115772;8767129;7385727;13204290;567;-5729836;0;0;14860748;23627877;
4337;800144976;2019-12-31;2018;MILES;917634;1595662;11146494;0;13659790;3737556;0;0;0;0;3737556;17397346;0;1323033;0;404127;500419;0;2227579;0;0;221578;0;0;221578;2449157;7385727;13204290;567;-5642395;0;0;14948189;17397346;
4338;800040182;2019-12-31;2019;MILES;156191;530321;759714;2537624;3983850;674177;660931;1062840;-653135;660931;2405744;6389594;343442;486175;0;112508;242429;0;1184554;1255938;194806;57325;0;0;1508069;2692623;1400000;0;135683;1906083;0;255205;3696971;6389594;
4339;800040182;2019-12-31;2018;MILES;144208;203366;1664244;2621470;4633288;710319;174033;0;-133976;174033;924409;5557697;770457;665323;0;102460;247220;0;1785460;229179;123359;44415;0;0;396953;2182413;1400000;0;94252;1779467;0;101565;3375284;5557697;
4340;800219678;2019-12-31;2019;MILES;10176821;14526;7391171;5076883;22659401;13398702;0;0;85610;0;13484312;36143713;12513474;2562376;0;471342;970526;0;16517718;634908;0;2008720;0;0;2643628;19161346;1350000;0;675000;14957367;0;0;16982367;36143713;
4341;800219678;2019-12-31;2018;MILES;7086134;68303;6290856;2236138;15681431;11740926;0;0;23304;0;11764230;27445661;8516679;2672796;0;407270;797405;0;12394150;1800563;0;442277;0;0;2242840;14636990;1350000;0;675000;10783671;0;0;12808671;27445661;
4342;860005074;2019-12-31;2019;MILES;18005148;20206209;42229174;29899621;110340152;2210489;0;0;0;0;2210489;112550641;44024075;36034640;0;0;0;0;80058715;0;0;0;0;21209755;21209755;101268470;1380661;49783963;-2446093;-42053551;0;4617191;11282171;112550641;
4343;860005074;2019-12-31;2018;MILES;20673492;4315705;52290099;16455366;93734662;794556;0;0;0;0;794556;94529218;0;29200981;0;0;0;32149772;61350753;0;0;0;544504;18982865;19527369;80878122;1380661;49783963;-2446093;-39684626;0;4617191;13651096;94529218;
4344;890203194;2019-12-31;2019;MILES;13315809;730163;65745755;45711000;125502727;54392581;89797;1721386;3338247;89797;59631808;185134535;4013300;66350212;4044438;0;1309325;44470;75761745;0;78453;4743105;0;0;4821558;80583303;37600000;47686;20228296;46675250;0;0;104551232;185134535;
4345;890203194;2019-12-31;2018;MILES;9543513;11928;58425472;48716957;116697870;51717703;24070;1772675;4679884;24070;58218402;174916272;4010325;68639166;3750325;0;2372960;55361;78828137;0;26044719;4879967;0;0;30924686;109752823;8000000;47686;14938075;42177688;0;0;65163449;174916272;
4346;830511280;2019-12-31;2019;MILES;327131;0;5886608;390441;6604180;159551236;2698556;0;-2259972;2698556;162688376;169292556;472691;3524465;0;0;816270;0;4813426;3349034;0;3609716;0;0;6958750;11772176;21300000;0;3568943;4489091;0;128162346;157520380;169292556;
4347;830511280;2019-12-31;2018;MILES;703279;0;6040946;1046770;7790995;158474578;4161978;0;-4057964;4161978;162740570;170531565;965116;3915504;0;0;913584;0;5794204;3793571;0;3675789;0;0;7469360;13263564;21300000;0;3243740;4561915;0;128162346;157268001;170531565;
4348;900057383;2019-12-31;2019;MILES;120045;90444;6771963;5726151;12708603;1875564;0;0;1812637;0;3688201;16396804;3626027;3797996;243146;0;877775;0;8544944;916353;0;107427;0;0;1023780;9568724;1539704;0;464528;4823848;0;0;6828080;16396804;
4349;900057383;2019-12-31;2018;MILES;209590;77217;6494216;5636465;12417488;1663020;0;0;439901;0;2102921;14520409;2964480;4066574;120443;0;793423;0;7944920;249446;0;23641;0;0;273087;8218007;1539704;0;391632;4371066;0;0;6302402;14520409;
4350;900139273;2019-12-31;2019;MILES;4675;113836;302177;0;420688;17818807;0;0;15093347;0;32912154;33332842;612605;4703187;0;0;91013;0;5406805;4269543;17068728;365432;0;0;21703703;27110508;2700000;8510141;0;-9285860;0;4298053;6222334;33332842;
4351;900139273;2019-12-31;2018;MILES;10916;89693;362761;0;463370;17909036;0;0;13994374;0;31903410;32366780;2233853;3965964;0;0;43813;4833258;11076888;3250000;16926069;358925;0;0;20534994;31611882;2500000;3878728;0;-9921883;0;4298053;754898;32366780;
4352;900309200;2019-12-31;2019;MILES;3659363;537346;1248692;9979737;15425138;5359051;0;0;976752;0;6335803;21760941;0;7217051;0;271902;751974;802572;9043499;0;0;85978;0;0;85978;9129477;13551810;0;162712;-1083058;0;0;12631464;21760941;
4353;900309200;2019-12-31;2018;MILES;3930405;1261700;2641601;13118039;20951745;5488364;0;0;1144401;0;6632765;27584510;313768;24135621;0;222941;121630;191417;24985377;0;0;52531;0;0;52531;25037908;6551810;0;162712;-4167920;0;0;2546602;27584510;
4354;811031777;2019-12-31;2019;MILES;6535;410907;2028419;418005;2863866;1678873;0;780722;18145;0;2477740;5341606;2259373;3041518;0;233764;0;0;5534655;0;0;9063;898441;0;907504;6442159;400000;0;918943;-2419496;0;0;-1100553;5341606;
4355;811031777;2019-12-31;2018;MILES;197607;20846;1657812;1441237;3317502;1861340;0;2000000;10406;0;3871746;7189248;197952;3351621;0;148089;388461;0;4086123;0;0;9063;1773000;0;1782063;5868186;400000;0;918943;2119;0;0;1321062;7189248;
4356;816004182;2019-12-31;2019;MILES;538211;709999;5540665;21214292;28003167;8834079;0;0;0;0;8834079;36837246;4968019;2565664;0;0;2038656;723901;10296240;13340030;0;0;0;0;13340030;23636270;3200000;0;3302334;6698642;0;0;13200976;36837246;
4357;816004182;2019-12-31;2018;MILES;561220;709999;5021125;18832004;25124348;8454223;0;0;0;0;8454223;33578571;5123493;1497477;0;0;1608398;688375;8917743;12649937;0;0;0;0;12649937;21567680;3200000;0;3100750;5710141;0;0;12010891;33578571;
4358;860079793;2019-12-31;2019;MILES;6528763;18578699;64600159;0;89707621;14016789;4149770;0;344682;4149770;22661011;112368632;6945045;32803257;120312;6447771;2925628;0;49242013;0;34001524;0;0;792783;34794307;84036320;7699769;0;12158228;8474315;0;0;28332312;112368632;
4359;860079793;2019-12-31;2018;MILES;18590416;24624646;61075662;0;104290724;3635021;14932953;0;-9137261;14932953;24363666;128654390;7631297;35202814;0;7589281;3797272;0;54220664;0;47208890;0;0;311629;47520519;101741183;7699769;0;12158228;7055210;0;0;26913207;128654390;
4360;805015792;2019-12-31;2019;MILES;24372;112438;1020424;0;1157234;14627;0;6965173;20582;0;7000382;8157616;0;7127;0;2516;82121;3599;95363;0;5761238;0;0;1059562;6820800;6916163;1240625;0;534406;-533578;0;0;1241453;8157616;
4361;805015792;2019-12-31;2018;MILES;51663;141261;1225202;0;1418126;19620;0;7013173;65279;0;7098072;8516198;0;4779;0;2534;106458;4696;118467;0;5805102;169;0;1496474;7301745;7420212;1240625;0;534407;-679046;0;0;1095986;8516198;
4362;900475730;2019-12-31;2019;MILES;107594504;505793280;59597792;30900640;703886216;145691669;13553491;0;-11844486;13553491;160954165;864840381;249083350;168136293;0;3118140;1016347;641328;421995458;341504236;81203593;0;0;1383091;424090920;846086378;100000;0;0;18654003;0;0;18754003;864840381;
4363;900475730;2019-12-31;2018;MILES;4900033;520662529;27912457;33409724;586884743;145845378;75016879;0;-74239242;75016879;221639894;808524637;578061640;272582330;0;1996810;0;375905;853016685;2887581;0;0;0;1000378;3887959;856904644;100000;0;0;-48480007;0;0;-48380007;808524637;
4364;860508382;2019-12-31;2019;MILES;210357;3104224;4553273;10707892;18575746;2612225;0;603052;1227306;0;4442583;23018329;0;5158208;0;1444875;4179054;0;10782137;1116588;540520;0;0;0;1657108;12439245;1389000;0;694500;8467672;0;27912;10579084;23018329;
4365;860508382;2019-12-31;2018;MILES;1359400;1876044;4272906;6860635;14368985;2327519;0;603052;70362;0;3000933;17369918;0;4169648;0;1216443;3105701;0;8491792;694389;5514;0;0;0;699903;9191695;1389000;0;694500;6094723;0;0;8178223;17369918;
4366;900218578;2019-12-31;2019;MILES;4782243;12701861;67607331;0;85091435;43195375;0;0;66071056;0;109266431;194357866;14549483;12751855;0;36449813;7270946;16116457;87138554;0;0;0;0;45774152;45774152;132912706;2004690;0;25739387;13233604;0;20467479;61445160;194357866;
4367;900218578;2019-12-31;2018;MILES;4712808;3500431;53060837;0;61274076;36846714;0;0;2611400;0;39458114;100732190;11866155;13741524;0;22567225;5979882;0;54154786;0;0;0;0;0;0;54154786;2004690;0;16308788;9531353;0;18732573;46577404;100732190;
4368;860522101;2019-12-31;2019;MILES;1162764;4929773;27681147;0;33773684;22939565;0;0;959398;0;23898963;57672647;2109761;24091307;0;82523;2108;19475208;45760907;0;0;4260698;0;0;4260698;50021605;160000;0;439809;1533138;0;5518095;7651042;57672647;
4369;860522101;2019-12-31;2018;MILES;334242;8742533;25634088;4843500;39554363;22959869;1630;0;18325;1630;22981454;62535817;2405490;35289657;0;601253;1176064;0;39472464;332650;0;3028208;0;0;3360858;42833322;160000;0;439809;13584591;0;5518095;19702495;62535817;
4370;900378078;2019-12-31;2019;MILES;2290369;83976;2792;0;2377137;0;0;0;7233;0;7233;2384370;0;1880904;0;0;2991;0;1883895;0;0;210;0;0;210;1884105;3552047;0;0;-3051782;0;0;500265;2384370;
4371;900378078;2019-12-31;2018;MILES;1691767;68521;9386610;0;11146898;0;0;0;398706;0;398706;11545604;0;12876;0;0;2761;0;15637;0;0;0;0;0;0;15637;14437350;0;0;-2907383;0;0;11529967;11545604;
4372;800142580;2019-12-31;2019;MILES;158732;52843;1125740;284353;1621668;633211;0;0;3040703;0;3673914;5295582;1080946;2130373;0;0;0;17146;3228465;55551;817262;666347;0;0;1539160;4767625;690000;0;156819;-318862;0;0;527957;5295582;
4373;800142580;2019-12-31;2018;MILES;90300;2406;1160890;240636;1494232;769978;0;0;2238137;0;3008115;4502347;711255;2027401;0;0;0;21121;2759777;153000;655448;452817;0;0;1261265;4021042;690000;0;156819;-365514;0;0;481305;4502347;
4374;800082394;2019-12-31;2019;MILES;398553;446118;2986646;5983057;9814374;1378564;0;876111;0;0;2254675;12069049;62725;4435655;0;100158;70013;587835;5256386;0;0;0;0;2547384;2547384;7803770;377000;0;425772;2890489;0;572018;4265279;12069049;
4375;800082394;2019-12-31;2018;MILES;272216;439227;3435971;6891530;11038944;827336;0;890888;9519;0;1727743;12766687;504866;4495684;0;89049;283421;846149;6219169;0;0;0;0;2499384;2499384;8718553;377000;0;425772;2673344;0;572018;4048134;12766687;
4376;900115386;2019-12-31;2019;MILES;1840458;516561;9546036;9909747;21812802;32302318;0;0;378522;0;32680840;54493642;16743951;13270424;0;0;592132;0;30606507;10607046;0;132021;0;0;10739067;41345574;677500;8286396;2658287;1525885;0;0;13148068;54493642;
4377;900115386;2019-12-31;2018;MILES;1554551;461603;11121302;8262643;21400099;24638048;0;0;173556;0;24811604;46211703;14180818;8656184;0;0;619024;0;23456026;10728599;0;141727;0;0;10870326;34326352;677500;8286396;1097650;1823805;0;0;11885351;46211703;
4378;900504184;2019-12-31;2019;MILES;781916;1715325;5223816;6199708;13920765;714882;0;0;833348;0;1548230;15468995;6305;2173084;0;144310;143590;0;2467289;0;856090;149722;0;0;1005812;3473101;3288269;13404017;106899;-4803291;0;0;11995894;15468995;
4379;900504184;2019-12-31;2018;MILES;192432;1616358;4661734;6206148;12676672;847400;0;0;504258;0;1351658;14028330;6738;13427306;0;134822;114252;0;13683118;0;0;48563;0;0;48563;13731681;3188269;1652612;106899;-4651131;0;0;296649;14028330;
4380;900095680;2019-12-31;2019;MILES;346179;70660;6516415;5405682;12338936;8351364;0;0;89042;0;8440406;20779342;802687;6968255;0;0;296008;0;8066950;0;0;682546;0;0;682546;8749496;5500000;0;0;6529846;0;0;12029846;20779342;
4381;900095680;2019-12-31;2018;MILES;2757992;288903;5143751;3817885;12008531;7404072;0;0;63053;0;7467125;19475656;2760497;4627150;0;0;234489;0;7622136;0;0;459804;0;0;459804;8081940;5500000;0;264801;5628915;0;0;11393716;19475656;
4382;900984889;2019-12-31;2019;MILES;1940392;1838194;3685112;415076;7878774;7429090;69398;0;-48918;69398;7518968;15397742;468558;2646646;0;0;1225764;1555770;5896738;3057289;0;0;0;0;3057289;8954027;4000000;0;0;2443715;0;0;6443715;15397742;
4383;900984889;2019-12-31;2018;MILES;92561;1236398;3810196;608139;5747294;4052273;0;0;30688;0;4082961;9830255;0;3601986;0;0;506603;579285;4687874;0;0;0;0;0;0;4687874;4000000;0;0;1142381;0;0;5142381;9830255;
4384;900386879;2019-12-31;2019;MILES;8244882;1907266;868705;285927;11306780;184616924;0;0;0;0;184616924;195923704;458618;4386441;0;594558;1618426;225807;7283850;71260765;0;0;0;16792965;88053730;95337580;2000;0;0;-48671698;0;149255822;100586124;195923704;
4385;900386879;2019-12-31;2018;MILES;5330718;1233073;1091083;348967;8003841;146405189;0;0;0;0;146405189;154409030;503912;3764401;0;549812;756117;275783;5850025;57334400;0;1062387;0;33324699;91721486;97571511;2000;0;0;-42834115;0;99669634;56837519;154409030;
4386;890920879;2019-12-31;2019;MILES;1241320;772314;6064918;6161875;14240427;1138709;0;0;256500;0;1395209;15635636;2578514;4979467;0;392713;13704;0;7964398;1746681;0;44418;0;0;1791099;9755497;3263149;0;267066;2349924;0;0;5880139;15635636;
4387;890920879;2019-12-31;2018;MILES;595391;89993;5639702;5937696;12262782;1140740;0;0;19197;0;1159937;13422719;1615959;3997173;0;380202;32059;0;6025393;1687348;0;78803;0;0;1766151;7791544;3263149;0;267065;2100961;0;0;5631175;13422719;
4388;890503178;2019-12-31;2019;MILES;1419791;5355008;1885465;3739;8664003;2258858;0;0;6568;0;2265426;10929429;36173;902043;0;0;54831;206128;1199175;625397;933810;59000;0;537498;2155705;3354880;799200;360000;247699;6167650;0;0;7574549;10929429;
4389;890503178;2019-12-31;2018;MILES;773236;6816245;1691258;1176632;10457371;2346433;0;0;6568;0;2353001;12810372;0;1015061;0;0;27598;67875;1110534;602812;1905615;59000;0;2168705;4736132;5846666;799200;360000;229407;5575099;0;0;6963706;12810372;
4390;900264180;2019-12-31;2019;MILES;2461217;500253;389518;14858516;18209504;14046948;148469;0;91256;148469;14435142;32644646;28889;74764;0;119439;676676;2094374;2994142;1234127;10127616;214852;0;0;11576595;14570737;634306;0;166330;9840884;0;7432389;18073909;32644646;
4391;900264180;2019-12-31;2018;MILES;2373553;480668;289214;14086171;17229606;13333285;155880;0;-155880;155880;13489165;30718771;32501;487019;0;0;535926;2004054;3059500;932209;9638088;132889;0;0;10703186;13762686;634306;0;166330;10223060;0;5932389;16956085;30718771;
4392;800220087;2019-12-31;2019;MILES;311170;21763019;3484057;1172359;26730605;12450236;791777;0;-513531;791777;13520259;40250864;2893349;4885871;0;0;211629;8172709;16163558;17990893;0;1703013;0;0;19693906;35857464;1600000;0;430699;622444;0;1740257;4393400;40250864;
4393;800220087;2019-12-31;2018;MILES;807284;15841369;2619493;1470864;20739010;12170737;962406;0;-710322;962406;13385227;34124237;5552043;4364300;0;0;278024;4937768;15132135;13635387;0;1788088;0;0;15423475;30555610;1000000;0;430699;548041;0;1589887;3568627;34124237;
4394;900521579;2019-12-31;2019;MILES;4831289;1676806;1269536;106422;7884053;2222919;0;0;0;0;2222919;10106972;0;145672;0;8235;154363;0;308270;0;11004282;0;0;4294348;15298630;15606900;500000;0;0;-5999928;0;0;-5499928;10106972;
4395;900521579;2019-12-31;2018;MILES;614920;2631948;1193856;918486;5359210;2690296;0;0;415882;0;3106178;8465388;0;251538;0;40961;51039;0;343538;0;10785891;0;0;4214520;15000411;15343949;500000;0;0;-7378561;0;0;-6878561;8465388;
4396;844002568;2019-12-31;2019;MILES;1462102;4092871;19577895;5255714;30388582;4637243;0;23449685;1353233;0;29440161;59828743;0;1186187;0;212100;162441;0;1560728;15224305;16255930;0;0;7867314;39347549;40908277;1000000;0;505397;-6034616;0;23449685;18920466;59828743;
4397;844002568;2019-12-31;2018;MILES;1647106;3389184;21949343;0;26985633;4996254;0;23449685;1500480;0;29946419;56932052;0;1352851;0;136264;158469;0;1647584;15162352;11760010;0;0;8855287;35777649;37425233;1000000;0;505397;-5448263;0;23449685;19506819;56932052;
4398;890101880;2019-12-31;2019;MILES;22556361;4714662;20131029;0;47402052;10567;56812880;144463874;719482231;56812880;977582432;1024984484;0;6647507;0;0;2598;0;6650105;0;8368775;15635878;0;219654;24224307;30874412;6656778;0;158084446;58296601;0;771072247;994110072;1024984484;
4399;890101880;2019-12-31;2018;MILES;18916308;4596569;19100764;0;42613641;8008;54900335;131445365;621477359;54900335;862731402;905345043;0;4934928;0;0;501511;0;5436439;247292;8368775;14806305;0;50000;23472372;28908811;6656778;0;138736750;39684199;0;691358505;876436232;905345043;
4400;900878893;2019-12-31;2019;MILES;1358555;52671669;76879523;161097825;292007572;3983444;37235039;0;78387878;37235039;156841400;448848972;370459621;51260008;0;0;17548;52015675;473752852;0;14353873;0;0;2307346;16661219;490414071;52294003;14365916;0;-108225018;0;0;-41565099;448848972;
4401;900878893;2019-12-31;2018;MILES;6824049;41269978;79241417;96540017;223875461;5713295;31947006;0;87218498;31947006;156825805;380701266;296566950;33503409;0;0;29709;33330048;363430116;0;25836181;0;0;1474505;27310686;390740802;52294003;10312568;0;-72646107;0;0;-10039536;380701266;
4402;900383385;2019-12-31;2019;MILES;9353000;11132000;4810000;32555000;57850000;69272000;4118000;285000;-2889000;4118000;74904000;132754000;14397000;39236000;118000;1275000;0;294000;55320000;33593000;0;3245000;0;0;36838000;92158000;650000;0;505000;27799000;0;11642000;40596000;132754000;
4403;900383385;2019-12-31;2018;MILES;7825000;7712000;2921000;32099000;50557000;75432000;4118000;285000;-3174000;4118000;80779000;131336000;14084000;39960000;830000;1146000;0;77000;56097000;35538000;0;2250000;0;0;37788000;93885000;650000;0;505000;24654000;0;11642000;37451000;131336000;
4404;900334095;2019-12-31;2019;MILES;6034767;1151734;4331821;59785;11578107;288896;0;0;0;0;288896;11867003;0;1740448;0;0;0;0;1740448;0;54923;0;477430;0;532353;2272801;96700;0;0;8636112;0;861390;9594202;11867003;
4405;900334095;2019-12-31;2018;MILES;5141570;0;10284326;209293;15635189;375905;0;0;0;0;375905;16011094;0;6163214;0;0;0;0;6163214;0;0;45767;188551;0;234318;6397532;96700;0;0;8685024;0;831838;9613562;16011094;
4406;900517378;2019-12-31;2019;MILES;4300673;3897345;24346309;101178594;133722921;147594966;0;0;39877151;0;187472117;321195038;16884;2345134;0;530964;1867829;572344;5333155;0;302057107;4112609;0;6268764;312438480;317771635;40216;7691000;-10839561;6531748;0;0;3423403;321195038;
4407;900517378;2019-12-31;2018;MILES;2580912;10397848;26141575;98371700;137492035;149272123;1622515;0;41084514;1622515;193601667;331093702;25047;2651607;0;541570;657966;792;3876982;0;316282680;4200960;0;0;320483640;324360622;40216;7691000;-12050421;11052285;0;0;6733080;331093702;
4408;900881480;2019-12-31;2019;MILES;186068;14233;0;0;200301;0;0;0;8827696;0;8827696;9027997;0;101;0;0;6587;0;6688;0;0;0;0;0;0;6688;786430;0;547693;7687186;0;0;9021309;9027997;
4409;900881480;2019-12-31;2018;MILES;735030;14277;608002;0;1357309;0;0;0;8915830;0;8915830;10273139;0;1975;0;0;31463;0;33438;0;0;778795;0;0;778795;812233;786430;0;547693;8126783;0;0;9460906;10273139;
4410;891301594;2019-12-31;2019;MILES;2788162;2726505;1037414;3536777;10088858;31681413;1676817;0;10111950;1676817;45146997;55235855;19000000;7838700;0;854747;1087;53287;27747821;0;4483;4825754;0;0;4830237;32578058;2500000;2000000;1972389;16185408;0;0;22657797;55235855;
4411;891301594;2019-12-31;2018;MILES;497948;2677375;1312839;4701158;9189320;34486906;1463754;722800;13409163;1463754;51546377;60735697;6097847;7425900;0;953739;617;19249;14497352;15073704;4483;5147848;0;0;20226035;34723387;400000;0;4494099;21118211;0;0;26012310;60735697;
4412;860026892;2019-12-31;2019;MILES;3209856;627760;2292264;3482309;9612189;1461754;0;0;572238;0;2033992;11646181;776857;583196;0;0;98835;243055;1701943;0;0;130877;0;0;130877;1832820;200000;0;8736283;877078;0;0;9813361;11646181;
4413;860026892;2019-12-31;2018;MILES;4078962;524944;2727000;3171156;10502062;1679310;0;0;475427;0;2154737;12656799;501203;950604;0;0;115652;301962;1869421;0;0;137714;0;0;137714;2007135;200000;0;10600890;-151226;0;0;10649664;12656799;
4414;860078781;2019-12-31;2019;MILES;36294249;133569;19401939;8794678;64624435;1629155;0;0;3180804;0;4809959;69434394;1113456;6291263;3186645;2209497;4071806;411034;17283701;388038;0;0;0;0;388038;17671739;1403222;9925022;29954734;10479677;0;0;51762655;69434394;
4415;860078781;2019-12-31;2018;MILES;32479919;241656;14248227;2533938;49503740;1520946;0;0;787429;0;2308375;51812115;0;4244453;824029;2182012;4195412;147497;11593403;0;0;0;0;45085;45085;11638488;1403222;9925022;10687155;18158228;0;0;40173627;51812115;
4416;890801783;2019-12-31;2019;MILES;933235;5348537;44033928;1608;50317308;7353146;0;0;1147239;0;8500385;58817693;7164783;13099902;1199158;836944;3028002;4300685;29629474;3203264;0;0;0;807767;4011031;33640505;2287961;322186;15193214;7373827;0;0;25177188;58817693;
4417;890801783;2019-12-31;2018;MILES;3647623;5098029;37925321;34115;46705088;2400048;0;0;931643;0;3331691;50036779;865879;15189172;602551;1971638;2649017;2672449;23950706;45236;0;0;0;757606;802842;24753548;2287961;322186;15178971;7494113;0;0;25283231;50036779;
4418;811022981;2019-12-31;2019;MILES;2733878;1097648;50526035;63080526;117438087;1376479;0;0;7069022;0;8445501;125883588;38374105;23226000;0;1445611;2678591;24374410;90098717;0;0;39642;0;0;39642;90138359;2500000;499220;1250000;31072586;0;423423;35745229;125883588;
4419;811022981;2019-12-31;2018;MILES;3784685;871845;45098559;47862462;97617551;1467190;0;0;731133;0;2198323;99815874;27723374;13799353;0;1115197;2770411;23747976;69156311;0;0;60883;0;0;60883;69217194;2500000;499220;1250000;26240163;0;109297;30598680;99815874;
4420;805029690;2019-12-31;2019;MILES;56340757;3117655;31460557;0;90918969;0;0;0;27270042;0;27270042;118189011;0;2930659;0;0;9870439;3164;12804262;2000010;0;2228727;0;0;4228737;17032999;2650000;0;5090666;90760643;0;2654703;101156012;118189011;
4421;805029690;2019-12-31;2018;MILES;24547546;1248525;24433015;0;50229086;22283;0;0;119607561;0;119629844;169858930;0;6558620;0;40539;1408068;52746673;60753900;2289468;0;13316542;0;0;15606010;76359910;157871;0;5090666;85595780;0;2654703;93499020;169858930;
4422;900124595;2019-12-31;2019;MILES;62808;0;162248;0;225056;1825;0;0;1367798;0;1369623;1594679;0;100577;0;18747;2026;45871;167221;0;1243534;0;0;0;1243534;1410755;312000;0;422196;-1785272;0;1235000;183924;1594679;
4423;900124595;2019-12-31;2018;MILES;4614;0;7062;0;11676;0;0;0;1367798;0;1367798;1379474;0;625;0;17459;2142;1108517;1128743;0;0;0;0;0;0;1128743;312000;0;422196;-1718465;0;1235000;250731;1379474;
4424;830090978;2019-12-31;2019;MILES;2988774;2875069;25373303;10833910;42071056;683446;0;0;0;0;683446;42754502;7964943;6644685;0;342775;102157;635257;15689817;10502736;0;0;0;0;10502736;26192553;400000;150000;1374588;14635765;0;1596;16561949;42754502;
4425;830090978;2019-12-31;2018;MILES;2796070;3021583;30808192;10820420;47446265;691451;0;0;0;0;691451;48137716;6446751;9527535;0;478327;252802;5513330;22218745;7593485;0;0;0;0;7593485;29812230;400000;150000;1197187;16576703;0;1596;18325486;48137716;
4426;830077981;2019-12-31;2019;MILES;2565881;5955482;22972321;12156516;43650200;4248308;0;233;12496176;0;16744717;60394917;3862779;25182305;0;1077110;0;2951961;33074155;3868201;11033597;0;0;0;14901798;47975953;9623247;0;1337781;1457936;0;0;12418964;60394917;
4427;830077981;2019-12-31;2018;MILES;3400829;5001419;23018708;9545894;40966850;649258;89387;446062;6648571;89387;7922665;48889515;4888131;29547008;0;1220036;0;2273312;37928487;0;0;0;0;0;0;37928487;24315090;2374747;1337781;-17066590;0;0;10961028;48889515;
4428;811014281;2019-12-31;2019;MILES;51740;477329;1926372;9051;2464492;9152488;0;0;2111354;0;11263842;13728334;223918;2034056;0;0;0;0;2257974;1642403;0;1543815;0;0;3186218;5444192;20000;289000;0;7975142;0;0;8284142;13728334;
4429;811014281;2019-12-31;2018;MILES;354520;2367764;1587462;458673;4768419;9375301;0;0;1090011;0;10465312;15233731;139023;3000517;0;0;136897;0;3276437;457335;0;1811786;0;1467235;3736356;7012793;20000;289000;0;7911938;0;0;8220938;15233731;
4430;900189082;2019-12-31;2019;MILES;164530;893157;2845831;5307499;9211017;359974;0;0;435577;0;795551;10006568;2650418;6622059;171134;129923;40103;30964;9644601;0;0;0;0;0;0;9644601;150000;4148121;-917126;-3019028;0;0;361967;10006568;
4431;900189082;2019-12-31;2018;MILES;216694;940880;2464906;5205021;8827501;415468;0;0;442298;0;857766;9685267;2643429;6614396;25434;120427;173481;0;9577167;0;0;0;0;0;0;9577167;150000;4148121;-869619;-3320402;0;0;108100;9685267;
4432;800228878;2019-12-31;2019;MILES;33866;5866808;16737001;7220265;29857940;7171120;0;0;296681;0;7467801;37325741;0;16349565;11840;0;638127;2610;17002142;0;0;0;0;0;0;17002142;3252604;16291628;954622;-175255;0;0;20323599;37325741;
4433;800228878;2019-12-31;2018;MILES;322072;2795708;18050974;7238334;28407088;14664182;0;0;2799227;0;17463409;45870497;1052385;21154761;205994;0;668175;414807;23496122;315544;0;0;0;0;315544;23811666;3252604;16291628;954622;1559977;0;0;22058831;45870497;
4434;900633782;2019-12-31;2019;MILES;1196912;273962;3330351;0;4801225;176059;0;0;1508449;0;1684508;6485733;118812;2035997;0;356280;0;159207;2670296;779404;0;155644;0;0;935048;3605344;600000;0;1163269;1117120;0;0;2880389;6485733;
4435;900633782;2019-12-31;2018;MILES;558740;421299;2851369;0;3831408;222676;401355;0;-272192;401355;753194;4584602;48533;1366952;0;355636;0;313104;2084225;0;0;0;0;0;0;2084225;600000;0;1038263;862114;0;0;2500377;4584602;
4436;860075787;2019-12-31;2019;MILES;995871;2434086;14698491;14867592;32996040;6966237;0;0;7388298;0;14354535;47350575;3529652;11148103;0;0;2496382;795009;17969146;9470769;0;100443;0;0;9571212;27540358;17221140;3654343;135343;-1200609;0;0;19810217;47350575;
4437;860075787;2019-12-31;2018;MILES;785560;1495533;13465932;17267517;33014542;5752204;0;0;7495798;0;13248002;46262544;10461021;12696178;0;0;1354426;679490;25191115;1966797;0;0;0;0;1966797;27157912;17221140;3654343;135343;-1906194;0;0;19104632;46262544;
4438;890108078;2019-12-31;2019;MILES;2994651;16291772;11619454;0;30905877;1162129;15104231;0;-956342;15104231;30414249;61320126;43430;20930993;0;6960;272351;17042;21270776;0;0;0;0;0;0;21270776;6714600;8915778;3357300;16747493;0;4314179;40049350;61320126;
4439;890108078;2019-12-31;2018;MILES;8142899;15177429;10260700;0;33581028;1162129;11459978;0;2670758;11459978;26752843;60333871;43430;21305106;0;6784;292411;17042;21664773;0;0;1122354;0;0;1122354;22787127;6714600;8915778;3357300;15539656;0;3019410;37546744;60333871;
4440;900478383;2019-12-31;2019;MILES;14908230;17276270;50188231;0;82372731;862526;0;0;100323;0;962849;83335580;3738499;43720457;1455908;3195879;808143;2660397;55579283;15080440;0;0;0;0;15080440;70659723;230372;20432919;96929;-8084363;0;0;12675857;83335580;
4441;900478383;2019-12-31;2018;MILES;3465687;9887574;53584724;0;66937985;635624;0;0;20204;0;655828;67593813;99969;36957925;551648;1420907;308558;924284;40263291;6499500;0;0;0;0;6499500;46762791;230372;20432919;96929;70802;0;0;20831022;67593813;
4442;900121676;2019-12-31;2019;MILES;20893;499993;7314415;144914;7980215;17966;5154162;0;-5131439;5154162;5194851;13175066;0;3661734;0;0;0;0;3661734;0;769748;0;0;0;769748;4431482;20000;0;-51002;8774586;0;0;8743584;13175066;
4443;900121676;2019-12-31;2018;MILES;27731;499993;7461927;122625;8112276;17966;5154162;0;-5131439;5154162;5194851;13307127;0;3684924;0;0;0;0;3684924;0;769748;0;0;0;769748;4454672;20000;0;10000;8735730;0;86725;8852455;13307127;
4444;900742091;2019-12-31;2019;MILES;5277415;8919940;3986647;588381;18772383;54664086;0;0;1668136;0;56332222;75104605;15598800;18223124;290152;206369;4663084;373052;39354581;24048150;0;1664499;0;0;25712649;65067230;2444219;2443219;0;2317796;0;2832141;10037375;75104605;
4445;900742091;2019-12-31;2018;MILES;2216442;7998976;13722240;1116582;25054240;63955912;0;0;421605;0;64377517;89431757;54952080;23232398;579628;148341;3276810;1624875;83814132;0;0;2660209;0;0;2660209;86474341;2444219;2443219;0;-4638882;0;2708860;2957416;89431757;
4446;891400379;2019-12-31;2019;MILES;258779;1223725;11250253;8405819;21138576;9878882;0;0;914919;0;10793801;31932377;6718510;5586883;18417;230669;182135;0;12736614;0;0;693062;0;906815;1599877;14336491;15571343;0;1854586;-4216270;0;4386227;17595886;31932377;
4447;891400379;2019-12-31;2018;MILES;478138;798673;9580127;5530848;16387786;5772824;0;0;711215;0;6484039;22871825;2160771;5051092;224282;177308;61039;0;7674492;0;0;100656;0;949332;1049988;8724480;15571343;0;1854586;-7664811;0;4386227;14147345;22871825;
4448;900147693;2019-12-31;2019;MILES;18995316;10346422;37338303;14496567;81176608;50832299;0;0;20319607;0;71151906;152328514;54201;40818135;0;307672;4363002;0;45543010;0;0;0;0;12542612;12542612;58085622;21000000;0;14745761;58497131;0;0;94242892;152328514;
4449;900147693;2019-12-31;2018;MILES;5550278;10611671;26246687;14212307;56620943;52565978;0;0;8070129;0;60636107;117257050;84804;29042375;0;296078;3790040;0;33213297;0;669426;0;0;789179;1458605;34671902;21000000;0;23126130;38459018;0;0;82585148;117257050;
4450;800236772;2019-12-31;2019;MILES;12281624;130764;8046663;7420537;27879588;3363887;0;0;985345;0;4349232;32228820;271140;13531330;1401097;528325;390169;109473;16231534;340302;0;811729;0;0;1152031;17383565;5230610;1848306;1383959;6382380;0;0;14845255;32228820;
4451;800236772;2019-12-31;2018;MILES;8371219;961652;7746237;9964902;27044010;3259046;0;0;1028617;0;4287663;31331673;245491;5782999;1251634;579466;1218715;138919;9217224;608326;8094059;502123;0;0;9204508;18421732;5230610;1848306;1383959;4447066;0;0;12909941;31331673;
4452;900465083;2019-12-31;2019;MILES;453445;0;149804;0;603249;28358018;0;0;1296591;0;29654609;30257858;54620;222469;0;30139;3286;19291;329805;8734169;136644;0;0;0;8870813;9200618;2050000;0;44848;18962392;0;0;21057240;30257858;
4453;900465083;2019-12-31;2018;MILES;1095537;0;571760;0;1667297;21468974;0;6500000;1512190;0;29481164;31148461;61818;135112;0;39031;16189;0;252150;9932499;90529;0;0;0;10023028;10275178;2000000;0;35250;18838033;0;0;20873283;31148461;
4454;800099480;2019-12-31;2019;MILES;800166;2197583;3038404;276287;6312440;10828674;0;0;38128;0;10866802;17179242;690511;3469633;0;1357517;60333;0;5577994;377500;0;1009436;0;0;1386936;6964930;200000;0;100000;1124886;0;8789426;10214312;17179242;
4455;800099480;2019-12-31;2018;MILES;1549896;2751699;1393874;238269;5933738;10842565;0;0;30964;0;10873529;16807267;787080;2819859;0;1665266;214705;0;5486910;345000;0;1082160;0;0;1427160;6914070;200000;0;100000;837386;0;8755811;9893197;16807267;
4456;819006978;2019-12-31;2019;MILES;461981;478012;5767642;376417;7084052;7245416;479772;0;1400557;479772;9605517;16689569;0;2643426;0;569480;0;367;3213273;0;827580;417305;0;339526;1584411;4797684;10326834;0;158809;1406242;0;0;11891885;16689569;
4457;819006978;2019-12-31;2018;MILES;339783;469035;5917673;260094;6986585;6874153;439099;0;1509604;439099;9261955;16248540;237498;2494794;0;558743;88847;9;3379891;0;441519;465529;0;0;907048;4286939;10326834;0;126127;1508640;0;0;11961601;16248540;
4458;860048081;2019-12-31;2019;MILES;10730545;0;40095036;38810;50864391;31098470;0;1169125;3542717;0;35810312;86674703;210343;19817725;36555;0;2281010;0;22345633;5671021;814296;6491795;0;9968250;22945362;45290995;1200000;0;600000;39583708;0;0;41383708;86674703;
4459;860048081;2019-12-31;2018;MILES;6375273;1381505;34041299;7893377;49691454;31476690;0;1169125;527674;0;33173489;82864943;5465998;25023298;36555;0;22595;0;30548446;5686956;3161648;6491795;0;7359748;22700147;53248593;1200000;0;600000;27816350;0;0;29616350;82864943;
4460;900196778;2019-12-31;2019;MILES;34752571;11201690;79394770;26603;125375634;30785428;0;0;82325444;0;113110872;238486506;1424399;89165289;23598749;302022;28661648;2148951;145301058;2639371;0;0;0;5748329;8387700;153688758;20000;0;32214061;-73913465;0;126477152;84797748;238486506;
4461;900196778;2019-12-31;2018;MILES;53614727;35174917;23909325;0;112698969;316306;0;0;79243622;0;79559928;192258897;0;36333943;23067314;114529;0;986903;60502689;0;0;0;0;0;0;60502689;20000;0;0;-189569526;0;321305734;131756208;192258897;
4462;900800886;2019-12-31;2019;MILES;528405;885721;987115;15695663;18096904;195471;0;0;0;0;195471;18292375;664980;970686;0;0;146368;6268482;8050516;8518940;0;0;0;58301;8577241;16627757;2030000;0;0;-365382;0;0;1664618;18292375;
4463;900800886;2019-12-31;2018;MILES;398332;529774;397281;14318411;15643798;224877;0;0;0;0;224877;15868675;257656;651225;0;0;168578;3831641;4909100;9661005;0;0;0;58456;9719461;14628561;1230000;0;0;10114;0;0;1240114;15868675;
4464;890101778;2019-12-31;2019;MILES;9969639;3212632;11779189;0;24961460;2202491;0;0;4838835;0;7041326;32002786;12767;10721784;0;468059;2047812;0;13250422;0;0;149694;0;0;149694;13400116;256000;8000;5275295;13063375;0;0;18602670;32002786;
4465;890101778;2019-12-31;2018;MILES;8963189;4384435;11434017;0;24781641;1761968;0;0;4842179;0;6604147;31385788;50184;13205165;0;421651;1496114;0;15173114;0;0;327838;0;0;327838;15500952;256000;8000;3752594;11868242;0;0;15884836;31385788;
4466;900491889;2019-12-31;2019;MILES;24761076;5202340;6693899;18710938;55368253;1910422;86017;0;1287721;86017;3370177;58738430;323501;48940315;0;0;272377;1883615;51419808;536512;0;0;0;0;536512;51956320;10779931;0;0;-3997821;0;0;6782110;58738430;
4467;900491889;2019-12-31;2018;MILES;19239331;2321714;5329867;16657539;43548451;1153502;145022;0;1593834;145022;3037380;46585831;0;38295953;0;0;192761;1327565;39816279;0;0;0;0;0;0;39816279;6769552;0;0;0;0;0;6769552;46585831;
4468;800068285;2019-12-31;2019;MILES;1160682;115026;7918148;1535417;10729273;10201010;0;0;0;0;10201010;20930283;924152;3588270;0;1132666;356778;39761;6041627;3864992;0;701184;0;0;4566176;10607803;719075;0;370751;9232654;0;0;10322480;20930283;
4469;800068285;2019-12-31;2018;MILES;1729921;223864;5341541;2219939;9515265;11082531;0;0;0;0;11082531;20597796;985132;2873930;0;1017642;374923;167965;5419592;4755852;0;753325;0;0;5509177;10928769;719075;0;370751;8579201;0;0;9669027;20597796;
4470;830061482;2019-12-31;2019;MILES;7585142;128477;2612220;1211273;11537112;0;5960338;0;-3109896;5960338;8810780;20347892;0;2558696;0;72107;206448;7192147;10029398;0;0;0;0;1079262;1079262;11108660;250000;0;125000;8864232;0;0;9239232;20347892;
4471;830061482;2019-12-31;2018;MILES;6028882;81750;335616;0;6446248;0;6875363;0;-5657044;6875363;8093682;14539930;0;838012;0;78054;90796;1941388;2948250;0;0;788710;0;753910;1542620;4490870;250000;0;125000;9674060;0;0;10049060;14539930;
4472;900068981;2019-12-31;2019;MILES;7097563;1746469;7909342;695647;17449021;13301307;0;0;1112452;0;14413759;31862780;0;1678497;0;400751;1488254;0;3567502;0;0;0;0;1136583;1136583;4704085;2300;0;0;-16364977;0;43521372;27158695;31862780;
4473;900068981;2019-12-31;2018;MILES;3272942;1666950;8506169;845158;14291219;12275256;0;0;0;0;12275256;26566475;0;2374610;0;296136;1644972;0;4315718;0;0;0;0;0;0;4315718;2300;0;0;-20940952;0;43189409;22250757;26566475;
4474;860526787;2019-12-31;2019;MILES;1771280;2956393;5443236;913497;11084406;11453024;0;0;2108627;0;13561651;24646057;518989;4423661;0;0;0;0;4942650;6120009;780046;0;0;0;6900055;11842705;4761844;0;5758524;2083392;0;199592;12803352;24646057;
4475;860526787;2019-12-31;2018;MILES;571734;1670160;5385536;664915;8292345;11019617;0;0;2695558;0;13715175;22007520;2205083;3247837;0;125864;108221;0;5687005;4851592;0;205672;0;0;5057264;10744269;4761844;0;5758524;543291;0;199592;11263251;22007520;
4476;900655583;2019-12-31;2019;MILES;9478146;0;2358122;500334;12336602;86372134;0;0;974037;0;87346171;99682773;3276812;5010531;0;535296;0;241618;9064257;38889165;0;0;0;0;38889165;47953422;50000;0;0;-8751408;0;60430759;51729351;99682773;
4477;900655583;2019-12-31;2018;MILES;6880402;0;1460926;635353;8976681;92138071;0;0;481767;0;92619838;101596519;1083142;7777488;0;440156;0;213945;9514731;41813558;0;0;0;0;41813558;51328289;50000;0;0;-10551302;0;60769532;50268230;101596519;
4478;890208788;2019-12-31;2019;MILES;26953704;13962933;40644370;108209862;189770869;200066555;0;0;38580095;0;238646650;428417519;29165606;95105362;0;0;4942334;7307930;136521232;116662423;0;46619572;0;0;163281995;299803227;1579590;5002298;2737814;101433894;0;17860696;128614292;428417519;
4479;890208788;2019-12-31;2018;MILES;12871493;11423103;38795434;126006617;189096647;107136704;0;0;8994644;0;116131348;305227995;6174020;117380093;0;0;5247370;7199723;136001206;55566176;0;13890035;0;0;69456211;205457417;1579590;5002298;2737814;72590180;0;17860696;99770578;305227995;
4480;900311581;2019-12-31;2019;MILES;15665780;18806930;7899415;42935194;85307319;25059494;0;0;6339707;0;31399201;116706520;3144703;90148215;0;902540;2232844;810249;97238551;12028701;0;0;0;0;12028701;109267252;6709040;0;245107;485121;0;0;7439268;116706520;
4481;900311581;2019-12-31;2018;MILES;4321712;16037733;6679285;45574954;72613684;14138763;0;0;5952675;0;20091438;92705122;1965970;73460575;0;818501;1240100;1188545;78673691;7571023;0;0;0;0;7571023;86244714;6709040;0;226053;-474685;0;0;6460408;92705122;
4482;890112179;2019-12-31;2019;MILES;503400;1739367;20802302;25033196;48078265;26736991;39670446;0;-31048132;39670446;75029751;123108016;14681501;6483223;0;0;4410104;433184;26008012;0;0;0;0;0;0;26008012;3000000;0;2546470;89705887;0;1847647;97100004;123108016;
4483;890112179;2019-12-31;2018;MILES;155237;1166513;22618541;35243387;59183678;25130831;33325700;0;-24907151;33325700;66875080;126058758;35778878;9363804;0;0;1933071;358868;47434621;0;0;0;0;0;0;47434621;450000;0;2354670;73971820;0;1847647;78624137;126058758;
4484;901093078;2019-12-31;2019;MILES;330361;84524;335183;846199;1596267;507300;0;0;0;0;507300;2103567;1253059;178;212055;673;17447;0;1483412;0;0;0;0;120978;120978;1604390;25000;0;0;474177;0;0;499177;2103567;
4485;901093078;2019-12-31;2018;MILES;165661;97031;66041;766278;1095011;578883;0;0;0;0;578883;1673894;807209;838;373066;16273;3002;0;1200388;0;0;0;0;17557;17557;1217945;0;0;0;0;0;455949;455949;1673894;
4486;830025281;2019-12-31;2019;MILES;6023841;2182877;42857497;37479218;88543433;48164772;0;12749584;5167155;0;66081511;154624944;9630947;20982065;0;2383253;1071545;539883;34607693;30375573;6461287;3227145;0;0;40064005;74671698;3080000;0;1540000;75333246;0;0;79953246;154624944;
4487;830025281;2019-12-31;2018;MILES;4336953;351855;39182719;30839564;74711091;43220373;0;12879535;844960;0;56944868;131655959;9462401;22773704;0;1896619;1498235;547310;36178269;14136578;6396578;2154936;0;0;22688092;58866361;3080000;0;1540000;68169598;0;0;72789598;131655959;
4488;890110985;2019-12-31;2019;MILES;677633;8910886;34204885;880123;44673527;26328183;220271;15260730;153040719;220271;195070174;239743701;159075;7556779;3874494;999851;36329;119112;12745640;27834;83702047;0;0;8219437;91949318;104694958;8909690;43523954;-332665;82947764;0;0;135048743;239743701;
4489;890110985;2019-12-31;2018;MILES;6743427;20334932;21541417;9084941;57704717;26357075;1361338;15091474;163698650;1361338;207869875;265574592;72460;14714319;5655615;909180;328554;299782;21979910;0;95964022;0;0;6902501;102866523;124846433;8909690;43523954;-681639;88976154;0;0;140728159;265574592;
4490;800249687;2019-12-31;2019;MILES;1198723;4112168;35820861;0;41131752;85460;0;0;18729;0;104189;41235941;89074;35679706;0;0;2687460;1925966;40382206;0;0;0;0;0;0;40382206;82000;0;41000;730735;0;0;853735;41235941;
4491;800249687;2019-12-31;2018;MILES;3049660;5086606;28773059;0;36909325;0;0;0;0;0;0;36909325;0;23037979;0;0;8162912;0;31200891;0;0;38017;0;0;38017;31238908;82000;0;41000;5547417;0;0;5670417;36909325;
4492;900559480;2019-12-31;2019;MILES;38292696;236547;1258556;0;39787799;0;0;0;8118873;0;8118873;47906672;0;1847205;0;765081;0;608255;3220541;0;0;0;0;0;0;3220541;8975;0;286663;-1932856652;0;1977247145;44686131;47906672;
4493;900559480;2019-12-31;2018;MILES;23564567;32753183;8625854;0;64943604;113502;0;0;16339446;0;16452948;81396552;0;4975994;0;901472;0;1394910;7272376;0;0;0;0;0;0;7272376;8975;0;2048395;-1903914975;0;1975981781;74124176;81396552;
4494;900915979;2019-12-31;2019;MILES;10929855;17062909;0;0;27992764;0;0;0;0;0;0;27992764;0;16767313;2621712;0;15039;0;19404064;0;0;0;0;0;0;19404064;915200;56364395;7992238;-56683133;0;0;8588700;27992764;
4495;900915979;2019-12-31;2018;MILES;6073255;14944040;2417764;0;23435059;0;0;0;0;0;0;23435059;0;23078375;1221219;0;188941;0;24488535;0;0;0;0;0;0;24488535;915050;16175175;3790941;-21934642;0;0;-1053476;23435059;
4496;813003683;2019-12-31;2019;MILES;47723;5432;1497568;0;1550723;36406851;1000000;0;-78001;1000000;38328850;39879573;285529;8423;0;19525;71735;0;385212;11159245;3087884;1814123;0;0;16061252;16446464;2670149;0;3589593;4335550;0;12837817;23433109;39879573;
4497;813003683;2019-12-31;2018;MILES;9750;120841;1913890;0;2044481;37298528;1000267;0;-78085;1000267;39220977;41265458;74451;19706;0;17703;88533;12;200405;12994923;3282962;988439;0;0;17266324;17466729;2670149;0;2977140;4510408;0;13641032;23798729;41265458;
4498;900108579;2019-12-31;2019;MILES;6143397;10315;44939600;18125403;69218715;2447126;0;0;27120950;0;29568076;98786791;2102717;16066542;9792;128358;1601602;0;19909011;72578774;0;0;0;1791113;74369887;94278898;1500000;60152500;0;-61826920;0;4682313;4507893;98786791;
4499;900108579;2019-12-31;2018;MILES;1905268;47969;42000356;32771436;76725029;14776048;0;0;27227246;0;42003294;118728323;37530100;19396932;323380;894241;1998956;0;60143609;53358064;0;0;0;1445619;54803683;114947292;1500000;60152500;0;-62553782;0;4682313;3781031;118728323;
4500;819000986;2019-12-31;2019;MILES;4716372;954726;472016;589586;6732700;239736;0;0;79880;0;319616;7052316;0;2397027;0;0;689967;1426038;4513032;0;0;5041;0;0;5041;4518073;500000;0;497282;1536961;0;0;2534243;7052316;
4501;819000986;2019-12-31;2018;MILES;7615545;974327;467635;587159;9644666;166291;0;0;79880;0;246171;9890837;0;1565103;0;0;918995;1390112;3874210;0;0;23575;0;0;23575;3897785;500000;0;3581051;1912001;0;0;5993052;9890837;
4502;900269883;2019-12-31;2019;MILES;40848;60737;7497315;73065350;80664250;6860;1665000;0;-1621633;1665000;1715227;82379477;3414641;6910188;0;74315;192129;36333582;46924855;875000;0;0;0;0;875000;47799855;1630780;30949584;437740;1561518;0;0;34579622;82379477;
4503;900269883;2019-12-31;2018;MILES;1332339;6403;6927821;43496838;51763401;11442;0;0;6284;0;17726;51781127;2642881;239130;0;60633;229271;24972804;28144719;1859699;0;0;0;0;1859699;30004418;833330;18333470;365070;2244839;0;0;21776709;51781127;
4504;900416361;2019-12-31;2019;MILES;0;275274;92835;349320;717429;4607271;0;0;46900;0;4654171;5371600;0;69393;0;0;15122;64701;149216;4724435;0;0;0;136821;4861256;5010472;100000;0;0;261128;0;0;361128;5371600;
4505;900416361;2019-12-31;2018;MILES;4497;245128;67139;349320;666084;4946116;0;0;69406;0;5015522;5681606;0;94185;0;0;9046;63649;166880;4976341;0;0;0;138034;5114375;5281255;100000;0;0;300351;0;0;400351;5681606;
4506;900253774;2019-12-31;2019;MILES;204855;2798699;30557125;46897592;80458271;447539;0;0;3408719;0;3856258;84314529;0;17319960;0;40755;1287590;0;18648305;18066667;0;0;0;28997228;47063895;65712200;456000;16397724;0;1696107;0;52498;18602329;84314529;
4507;900253774;2019-12-31;2018;MILES;637460;3041452;29775083;93888740;127342735;538208;0;0;3408719;0;3946927;131289662;0;22312950;0;66692;881887;0;23261529;15244675;0;0;0;73872406;89117081;112378610;456000;16397724;0;1113659;0;943669;18911052;131289662;
4508;800250382;2019-12-31;2019;MILES;1518784;2604899;73949930;50548707;128622320;45821553;0;0;5354385;0;51175938;179798258;28492884;65910222;5201953;2929456;0;0;102534515;16433249;0;1660726;0;7500834;25594809;128129324;3000000;0;32289429;16379505;0;0;51668934;179798258;
4509;800250382;2019-12-31;2018;MILES;2848118;883478;59037816;33489600;96259012;45722692;0;0;5620189;0;51342881;147601893;22369038;41244833;222554;2424743;0;0;66261168;9873555;0;1616823;0;0;11490378;77751546;3000000;0;41838337;25012010;0;0;69850347;147601893;
4510;900685285;2019-12-31;2019;MILES;5624;0;158802;9570914;9735340;0;0;0;0;0;0;9735340;0;65233;0;0;0;0;65233;7235556;2332990;0;0;0;9568546;9633779;101000;0;0;-9624;0;10185;101561;9735340;
4511;900685285;2019-12-31;2018;MILES;54017;0;164649;8519984;8738650;0;0;0;0;0;0;8738650;0;81050;0;0;0;0;81050;6461311;2103893;0;0;0;8565204;8646254;101000;0;0;-18789;0;10185;92396;8738650;
4512;830070192;2019-12-31;2019;MILES;603961;1313969;13098144;12632142;27648216;5202572;0;0;10806695;0;16009267;43657483;6268179;9163681;90026;415329;0;0;15937215;2308796;0;1395894;0;0;3704690;19641905;500000;0;4214197;19301381;0;0;24015578;43657483;
4513;830070192;2019-12-31;2018;MILES;896107;436766;12521682;10661409;24515964;7369281;0;0;12166162;0;19535443;44051407;4513460;12178455;15000;444146;11135;0;17162196;2184102;0;1060971;0;0;3245073;20407269;500000;0;5329654;17814484;0;0;23644138;44051407;
4514;900926488;2019-12-31;2019;MILES;1366282;3395093;9175862;7998660;21935897;16112708;0;0;0;0;16112708;38048605;14023383;9553446;818809;0;1630081;0;26025719;10854818;0;0;0;0;10854818;36880537;1352814;5288332;0;-5473078;0;0;1168068;38048605;
4515;900926488;2019-12-31;2018;MILES;2046232;2078065;7824481;8135360;20084138;15400096;0;0;0;0;15400096;35484234;14162360;6951145;383328;0;994355;0;22491188;11353878;0;0;0;0;11353878;33845066;1352814;5288332;0;-5001978;0;0;1639168;35484234;
4516;830098378;2019-12-31;2019;MILES;5081;7160;0;0;12241;148607033;0;0;5068326;0;153675359;153687600;0;4293;0;0;1560043;0;1564336;0;36887906;10931974;0;0;47819880;49384216;266840;867360;611625;3633764;0;98923795;104303384;153687600;
4517;830098378;2019-12-31;2018;MILES;11770;94828;0;0;106598;148711175;132925;0;4935401;132925;153912426;154019024;0;4348;0;0;968743;0;973091;0;39976098;10931588;0;0;50907686;51880777;266840;867360;433538;1646714;0;98923795;102138247;154019024;
4518;901317380;2019-12-31;2019;MILES;20000000;296735;0;0;20296735;2730896;0;0;14204;0;2745100;23041835;0;3860956;0;0;0;8999;3869955;0;0;0;0;0;0;3869955;20000000;0;0;-828120;0;0;19171880;23041835;
4519;890204797;2019-12-31;2019;MILES;2859383;9175674;45967737;25579436;83582230;9378707;1316948;19928934;1741161;1316948;33682698;117264928;18793820;28132702;0;908585;485117;136162;48456386;18242592;0;0;0;0;18242592;66698978;3436578;5683367;20082207;20893964;0;469834;50565950;117264928;
4520;890204797;2019-12-31;2018;MILES;2996006;7529367;53231821;27556196;91313390;6436600;382133;20590802;2197196;382133;29988864;121302254;10345861;28090132;0;872225;667465;124350;40100033;31012060;0;349154;0;0;31361214;71461247;3426578;5683367;19961025;20073768;0;696269;49841007;121302254;
4521;800203984;2019-12-31;2019;MILES;7498172;1201745;24852670;32027060;65579647;143493;0;11020556;663790;0;11827839;77407486;0;23021112;0;882738;479445;0;24383295;11553827;0;67565;0;0;11621392;36004687;1201000;33351113;312500;6538186;0;0;41402799;77407486;
4522;800203984;2019-12-31;2018;MILES;4609396;615935;24182081;37772640;67180052;152339;0;0;1447105;0;1599444;68779496;0;27786305;0;812588;357969;0;28956862;32850723;0;38973;0;0;32889696;61846558;625000;0;312500;5995438;0;0;6932938;68779496;
4523;860008386;2019-12-31;2019;MILES;2286717;2363643;7577057;5193439;17420856;30491077;0;0;682717;0;31173794;48594650;10115945;5081024;0;194266;516336;8985;15916556;0;395363;3848800;0;0;4244163;20160719;4791357;0;2880700;9502407;0;11259467;28433931;48594650;
4524;860008386;2019-12-31;2018;MILES;1099456;2420478;6309367;4420168;14249469;30323777;0;0;627960;0;30951737;45201206;9462035;3448125;0;177663;254382;5371;13347576;0;591721;3728764;0;0;4320485;17668061;4791357;0;2880700;8411298;0;11449790;27533145;45201206;
4525;860402887;2019-12-31;2019;MILES;1167359;727;394989;0;1563075;15351849;0;112158478;5545319;0;133055646;134618721;488643;48254;0;78970;510659;327196;1453722;1267150;0;7320315;0;0;8587465;10041187;2389000;201;3003850;4077959;0;115106524;124577534;134618721;
4526;860402887;2019-12-31;2018;MILES;635643;18557;2148147;7291;2809638;8345978;0;53074155;5277732;0;66697865;69507503;640434;126785;0;2015;1115348;754402;2638984;1150454;0;635168;0;0;1785622;4424606;2389000;201;473851;6274183;0;55945662;65082897;69507503;
4527;811036384;2019-12-31;2019;MILES;473456;6736;5398506;8006780;13885478;4862360;0;184038;5925144;0;10971542;24857020;4895043;4518011;0;148716;218127;0;9779897;2239437;0;4855197;0;0;7094634;16874531;4158911;2169327;398980;1255271;0;0;7982489;24857020;
4528;811036384;2019-12-31;2018;MILES;392948;11038;5700783;4827347;10932116;5198281;0;375000;415181;0;5988462;16920578;1951448;6841397;0;133056;429974;0;9355875;136111;0;486431;0;0;622542;9978417;4158911;2169327;284201;329722;0;0;6942161;16920578;
4529;900409034;2019-12-31;2019;MILES;2625233;2932353;6657258;4739394;16954238;23718557;261;0;3200700;261;26919779;43874017;239384;7085757;0;0;422527;106049;7853717;6774219;33554636;4414218;0;0;44743073;52596790;1702000;0;2806993;-43747676;0;30515910;-8722773;43874017;
4530;900409034;2019-12-31;2018;MILES;5490452;2446901;7005593;5526419;20469365;25186576;29414;0;1560922;29414;26806326;47275691;15780835;2238109;21420;0;423227;0;18463591;12549388;12674025;3029341;0;0;28252754;46716345;1702000;0;4234158;-35892722;0;30515910;559346;47275691;
4531;805013184;2019-12-31;2019;MILES;63225;4372404;4363431;0;8799060;134509;0;0;0;0;134509;8933569;0;1048518;0;0;26897;0;1075415;0;2815857;0;0;0;2815857;3891272;50000;0;50000;4925089;0;17208;5042297;8933569;
4532;805013184;2019-12-31;2018;MILES;55669;4571908;3731825;0;8359402;156605;0;0;0;0;156605;8516007;0;859950;0;0;0;0;859950;0;2815857;0;0;0;2815857;3675807;50000;0;50000;4722992;0;17208;4840200;8516007;
4533;900189085;2019-12-31;2019;MILES;1221131;2283139;1280451;99238;4883959;6421737;0;0;341177;0;6762914;11646873;0;4882347;0;175635;569475;227545;5855002;0;1604051;153644;0;341289;2098984;7953986;350000;0;175000;3167887;0;0;3692887;11646873;
4534;900189085;2019-12-31;2018;MILES;1547098;1572240;1544153;88135;4751626;6600703;200000;0;-167945;200000;6832758;11584384;0;3191496;0;176178;330278;177086;3875038;0;4020321;200482;0;0;4220803;8095841;350000;0;175000;2963543;0;0;3488543;11584384;
4535;900482687;2019-12-31;2019;MILES;17415525;3024921;28893244;16033577;65367267;20108100;0;0;91512;0;20199612;85566879;20087058;17346991;224166;0;0;3431937;41090152;214860;0;0;0;0;214860;41305012;97000000;0;0;-52738133;0;0;44261867;85566879;
4536;900482687;2019-12-31;2018;MILES;2055879;2765829;30092128;14292514;49206350;22058518;0;0;18115;0;22076633;71282983;29240193;17384645;302206;0;0;2082162;49009206;124325;0;0;0;0;124325;49133531;75000000;0;0;-52850548;0;0;22149452;71282983;
4537;830016488;2019-12-31;2019;MILES;7769453;5170968;21734812;12407784;47083017;1859419;57681;0;105442;57681;2080223;49163240;1892364;14886079;44924;785827;1031551;0;18640745;3334893;0;0;0;0;3334893;21975638;4524200;0;13102750;9560652;0;0;27187602;49163240;
4538;830016488;2019-12-31;2018;MILES;6500944;0;19740320;12770835;39012099;2049371;704202;0;-205507;704202;3252268;42264367;0;14489641;0;1919401;1272865;0;17681907;0;0;0;0;0;0;17681907;4524200;0;13033427;7024833;0;0;24582460;42264367;
4539;900157189;2019-12-31;2019;MILES;87355;1907060;6698956;10057492;18750863;7878673;5184353;0;-3517303;5184353;14730076;33480939;411491;9009850;0;177220;4518745;0;14117306;378790;0;302472;0;0;681262;14798568;6755000;12000000;1062831;-1135460;0;0;18682371;33480939;
4540;900157189;2019-12-31;2018;MILES;299398;1302905;10350777;11776978;23730058;8732198;3479239;0;-2456973;3479239;13233703;36963761;656347;9127915;0;121434;4938164;120134;14963994;577806;0;161665;0;0;739471;15703465;6755000;12000000;1062831;1442465;0;0;21260296;36963761;
4541;900723988;2019-12-31;2019;MILES;5999585;4224820;11293691;29311243;50829339;66737584;0;0;1366216;0;68103800;118933139;0;51739633;1111299;542686;735761;127904;54257283;0;47404719;0;0;0;47404719;101662002;60361911;71740846;0;-114831620;0;0;17271137;118933139;
4542;900723988;2019-12-31;2018;MILES;11189284;1825411;6634755;28814446;48463896;68633740;0;0;1673664;0;70307404;118771300;0;49985663;1024597;462269;630969;341720;52445218;0;51806372;0;0;0;51806372;104251590;58761911;57340846;0;-101583047;0;0;14519710;118771300;
4543;900047189;2019-12-31;2019;MILES;3013655;8675;18194990;13023400;34240720;117545;0;0;2401634;0;2519179;36759899;3975004;20131890;145815;0;313244;0;24565953;6554280;1016105;0;0;0;7570385;32136338;460000;0;1172138;2991423;0;0;4623561;36759899;
4544;900047189;2019-12-31;2018;MILES;3355764;13078;16024872;11969028;31362742;100892;0;0;775684;0;876576;32239318;0;0;622613;377681;1797304;2942780;5740378;6499500;16217329;134385;0;0;22851214;28591592;460000;0;1172138;2015588;0;0;3647726;32239318;
4545;811005390;2019-12-31;2019;MILES;683101;440497;5071151;3946207;10140956;316830;16586;0;61659;16586;411661;10552617;231564;7358775;0;81802;271109;419610;8362860;81231;0;0;0;0;81231;8444091;1000000;0;500000;608526;0;0;2108526;10552617;
4546;811005390;2019-12-31;2018;MILES;868366;1220500;4429266;3542355;10060487;362045;20873;0;115681;20873;519472;10579959;247523;7895160;0;89285;70192;209239;8511399;317852;0;0;0;0;317852;8829251;1000000;0;500000;250708;0;0;1750708;10579959;
4547;860039794;2019-12-31;2019;MILES;1016556;147569;1575101;2563182;5302408;6816017;0;0;723454;0;7539471;12841879;238568;1585830;4559;54574;583920;87772;2555223;363461;0;803979;0;0;1167440;3722663;1520000;0;4640486;1059992;0;1898738;9119216;12841879;
4548;860039794;2019-12-31;2018;MILES;247273;62652;1592027;2697961;4599913;6947372;0;0;187685;0;7135057;11734970;0;1560798;4768;49559;224640;117079;1956844;0;0;902336;0;0;902336;2859180;1520000;0;4725720;731332;0;1898738;8875790;11734970;
4549;900457885;2019-12-31;2019;MILES;8733700;32136;2074970;0;10840806;74641;85528;0;5995835;85528;6241532;17082338;0;1996714;0;399336;1769106;0;4165156;0;166667;0;0;4396618;4563285;8728441;759000;517000;1104230;5973667;0;0;8353897;17082338;
4550;900457885;2019-12-31;2018;MILES;4746881;36161;1714659;0;6497701;91548;113202;0;6612086;113202;6930038;13427739;0;2228219;0;455301;468501;0;3152021;0;666667;0;0;4128822;4795489;7947510;759000;517000;0;4204229;0;0;5480229;13427739;
4551;860001778;2019-12-31;2019;MILES;5200191;4929656;30699464;30611373;71440684;967338;0;122230;0;0;1089568;72530252;0;33401835;136051;1086608;6110253;0;40734747;0;0;0;0;0;0;40734747;10620341;0;466460;19046543;0;1662161;31795505;72530252;
4552;860001778;2019-12-31;2018;MILES;11082378;2182601;15090760;22032867;50388606;829424;0;171483;0;0;1000907;51389513;0;15737609;2379717;829888;3395180;0;22342394;0;0;0;0;0;0;22342394;10620341;0;466460;16298157;0;1662161;29047119;51389513;
4553;900291798;2019-12-31;2019;MILES;11211559;7579222;33282479;79775734;131848994;50178;0;4638746;3122052;0;7810976;139659970;2371697;105473372;217006;957975;10638648;112433;119771131;0;0;92910;0;121958;214868;119985999;643255;0;39569;18991147;0;0;19673971;139659970;
4554;900291798;2019-12-31;2018;MILES;2144547;5177468;21473616;62160220;90955851;85637;0;6076528;764415;0;6926580;97882431;310802;84109993;423372;789937;6239306;0;91873410;0;0;469474;0;0;469474;92342884;643255;0;39569;4856723;0;0;5539547;97882431;
4555;890300684;2019-12-31;2019;MILES;5511844;6575516;21117702;8220763;41425825;26716686;0;0;2732929;0;29449615;70875440;0;41484761;0;4187531;4084976;562352;50319620;0;216726;0;0;2292261;2508987;52828607;351189;0;-489234;18184878;0;0;18046833;70875440;
4556;890300684;2019-12-31;2018;MILES;27228868;7696007;29710177;11587338;76222390;28025551;0;0;8155725;0;36181276;112403666;0;63267445;0;4801682;11396840;429544;79895511;0;245584;0;0;2659280;2904864;82800375;411185;0;-628395;29820501;0;0;29603291;112403666;
4557;891900196;2019-12-31;2019;MILES;1437743;18500090;12661903;7338595;39938331;168209016;0;0;6647304;0;174856320;214794651;22466015;31116353;3876515;0;401108;2420732;60280723;23423913;0;19242821;0;833289;43500023;103780746;6960000;0;3449093;-7080035;0;107684847;111013905;214794651;
4558;891900196;2019-12-31;2018;MILES;162277;16307422;12052311;7714614;36236624;169743658;0;0;7367749;0;177111407;213348031;40343817;22771091;3515582;0;414912;2000626;69046028;14466468;0;20443964;0;765135;35675567;104721595;6960000;0;3500846;-9519257;0;107684847;108626436;213348031;
4559;890915791;2019-12-31;2019;MILES;173237;13362996;1298810;1761521;16596564;558457;18804148;0;-18700891;18804148;19465862;36062426;0;287295;1096691;84245;23844;0;1492075;0;156986;24010;0;0;180996;1673071;9992489;0;8915325;15481541;0;0;34389355;36062426;
4560;890915791;2019-12-31;2018;MILES;166129;12504113;2121759;1456229;16248230;586672;15783442;0;-15680185;15783442;16473371;32721601;0;411837;1477647;113797;70527;0;2073808;0;156986;24010;0;0;180996;2254804;9992489;0;8915325;11558983;0;0;30466797;32721601;
4561;800236890;2019-12-31;2019;MILES;306307;709665;3568682;16797904;21382558;39647;0;0;5777556;0;5817203;27199761;1260000;6918712;0;172486;120497;0;8471695;0;0;0;0;0;0;8471695;237356;0;118678;480155;0;17891877;18728066;27199761;
4562;800236890;2019-12-31;2018;MILES;124301;728398;2732884;15589989;19175572;38562;0;0;4772658;0;4811220;23986792;1200000;4163704;0;172966;202211;0;5738881;0;0;0;0;0;0;5738881;237356;0;118678;660583;0;17231294;18247911;23986792;
4563;900603184;2019-12-31;2019;MILES;1427322;1297500;1315504;0;4040326;179491;0;0;108536;0;288027;4328353;28021;3419007;0;0;25781;0;3472809;3626;0;0;0;0;3626;3476435;231000;0;1099570;-478652;0;0;851918;4328353;
4564;900603184;2019-12-31;2018;MILES;2065676;770084;2229194;0;5064954;604772;0;0;145460;0;750232;5815186;26345;4304992;0;0;750219;0;5081556;31238;0;0;0;0;31238;5112794;231000;0;1099570;-628178;0;0;702392;5815186;
4565;830041688;2019-12-31;2019;MILES;5560733;2155443;15306696;3310592;26333464;459789;0;0;392711;0;852500;27185964;0;10616224;55156;389328;2732062;0;13792770;435949;0;131476;0;0;567425;14360195;1599364;0;799682;10426723;0;0;12825769;27185964;
4566;830041688;2019-12-31;2018;MILES;14328459;1987332;16418090;2313516;35047397;11358;0;0;765712;0;777070;35824467;0;22934014;0;142773;393750;0;23470537;0;0;0;0;0;0;23470537;1599364;0;799682;9954884;0;0;12353930;35824467;
4567;900108493;2019-12-31;2019;MILES;1144807;7585060;16061135;4467389;29258391;71317;0;0;0;0;71317;29329708;12759;30374857;0;90920;144027;0;30622563;0;0;0;0;0;0;30622563;2847830;7190657;1579095;-12910437;0;0;-1292855;29329708;
4568;900108493;2019-12-31;2018;MILES;1075377;6307414;18716972;8362668;34462431;86425;0;0;0;0;86425;34548856;0;34437313;0;91530;138739;0;34667582;0;0;0;0;0;0;34667582;2847830;7190657;1579095;-11736308;0;0;-118726;34548856;
4569;900324986;2019-12-31;2019;MILES;3054136;100000;11350012;60745222;75249370;5088516;0;1662245;1619428;0;8370189;83619559;22837265;5409441;0;238512;933195;26029226;55447639;15811084;0;189413;0;639847;16640344;72087983;5507299;0;294570;3835577;0;1894130;11531576;83619559;
4570;900324986;2019-12-31;2018;MILES;1898414;0;3834928;74512236;80245578;2737326;0;0;2013668;0;4750994;84996572;508267;5275636;0;205872;715619;21324432;28029826;40584100;0;4941;0;9829303;50418344;78448170;5507299;0;211622;829481;0;0;6548402;84996572;
4571;890300686;2019-12-31;2019;MILES;28559611;62775268;50630974;40106480;182072333;5292578;0;0;15293659;0;20586237;202658570;2410229;135006770;0;6581152;5324492;6194211;155516854;0;0;0;0;4111736;4111736;159628590;782175;138950366;63185535;-159888096;0;0;43029980;202658570;
4572;890300686;2019-12-31;2018;MILES;9930997;69273121;79727377;30596119;189527614;3755315;0;0;29662380;0;33417695;222945309;0;141319553;0;8633175;4288334;4607492;158848554;0;0;0;0;1535375;1535375;160383929;782175;138950366;63569096;-140740257;0;0;62561380;222945309;
4573;900768888;2019-12-31;2019;MILES;585068;683234;2670255;2004257;5942814;0;0;0;130385;0;130385;6073199;1226276;1634700;0;79006;462834;1996872;5399688;0;0;84569;0;0;84569;5484257;10000;0;0;188942;0;390000;588942;6073199;
4574;900768888;2019-12-31;2018;MILES;36453;384323;2205485;1736763;4363024;0;0;0;412019;0;412019;4775043;1423337;1307271;0;76199;254517;944251;4005575;0;0;351556;0;0;351556;4357131;10000;0;0;17912;0;390000;417912;4775043;
4575;800247085;2019-12-31;2019;MILES;185119;555000;2829160;0;3569279;2371781;0;0;165781;0;2537562;6106841;270562;398639;88561;272014;305376;989575;2324727;0;83615;210475;0;0;294090;2618817;697675;355818;680447;900534;0;853550;3488024;6106841;
4576;800247085;2019-12-31;2018;MILES;55749;530391;2186254;0;2772394;1468205;0;0;199287;0;1667492;4439886;221339;269231;143109;212954;232249;524054;1602936;0;209591;120248;0;0;329839;1932775;671976;355818;577651;901666;0;0;2507111;4439886;
4577;800130985;2019-12-31;2019;MILES;4922835;885989;309429;10378998;16497251;21729570;0;290000;6066;0;22025636;38522887;1941750;3706550;0;0;102669;462837;6213806;18032053;0;279217;0;57084;18368354;24582160;410000;231013;8016732;3253058;0;2029924;13940727;38522887;
4578;800130985;2019-12-31;2018;MILES;4457893;918956;1497811;7933615;14808275;4401253;0;290000;554217;0;5245470;20053745;2139822;2691148;0;0;436349;412384;5679703;84122;0;342664;0;0;426786;6106489;410000;231013;8178926;3143608;0;1983709;13947256;20053745;
4579;900412189;2019-12-31;2019;MILES;189029;359517;4406831;3057905;8013282;541603;0;0;1607389;0;2148992;10162274;265494;7509887;0;481380;0;0;8256761;250000;0;18672;0;0;268672;8525433;200000;0;400000;1036841;0;0;1636841;10162274;
4580;900412189;2019-12-31;2018;MILES;831920;12750;4556021;3078492;8479183;483093;0;0;535976;0;1019069;9498252;12344;5709486;5000;362295;142753;0;6231878;0;0;32466;0;0;32466;6264344;200000;0;400000;2633908;0;0;3233908;9498252;
4581;900416386;2019-12-31;2019;MILES;17567423;12516681;77728614;23895211;131707929;55949017;0;0;5799513;0;61748530;193456459;553999;35257462;0;1252601;11610225;0;48674287;5454436;0;1202800;0;260768;6918004;55592291;97790000;0;0;40074168;0;0;137864168;193456459;
4582;900416386;2019-12-31;2018;MILES;45013788;8875680;59504350;18895092;132288910;56932776;0;0;0;0;56932776;189221686;26564;36232421;0;1309725;13250894;0;50819604;0;0;1225845;0;260768;1486613;52306217;97790000;0;0;39125469;0;0;136915469;189221686;
4583;800082889;2019-12-31;2019;MILES;2341053;872769;6235872;388297;9837991;5768819;0;0;2841600;0;8610419;18448410;733148;1444148;0;0;602890;104802;2884988;755445;0;3252321;0;4559436;8567202;11452190;123090;0;67571;6805559;0;0;6996220;18448410;
4584;800082889;2019-12-31;2018;MILES;2608055;1122912;5241347;464797;9437111;4627871;0;0;2484394;0;7112265;16549376;448176;1152963;0;0;567525;0;2168664;0;0;3278709;0;5800000;9078709;11247373;123090;0;67571;5111342;0;0;5302003;16549376;
4585;900888191;2019-12-31;2019;MILES;1947929;723597;2780070;2741169;8192765;55541;0;0;3318411;0;3373952;11566717;194444;4682039;0;0;296891;1084684;6258058;0;0;0;0;2426359;2426359;8684417;60000;0;207177;2615123;0;0;2882300;11566717;
4586;900888191;2019-12-31;2018;MILES;1307626;295052;2942892;1911355;6456925;64299;0;0;77331;0;141630;6598555;781769;3782105;0;0;0;0;4563874;0;0;0;0;0;0;4563874;60000;0;161339;1813342;0;0;2034681;6598555;
4587;900599990;2019-12-31;2019;MILES;9029886;4312269;54094682;4397936;71834773;2097486;0;0;138245;0;2235731;74070504;33802548;13099089;7240766;753678;1047321;16350743;72294145;0;1464431;12675;0;0;1477106;73771251;8683931;0;90093;-8475763;0;992;299253;74070504;
4588;900599990;2019-12-31;2018;MILES;5444817;2057759;72297512;3396913;83197001;1930889;0;0;331579;0;2262468;85459469;0;13596482;19457812;431180;1237753;37919331;72642558;0;3895135;407765;0;0;4302900;76945458;8683931;0;90093;-261005;0;992;8514011;85459469;
4589;830031886;2019-12-31;2019;MILES;3836338;0;11309205;7768942;22914485;10709962;0;0;1872448;0;12582410;35496895;900000;3183130;695004;451660;433072;153827;5816693;900000;0;331554;0;1458098;2689652;8506345;1760000;1067387;880000;23263163;0;20000;26990550;35496895;
4590;830031886;2019-12-31;2018;MILES;7960145;0;9198738;6255047;23413930;10095275;0;0;2976033;0;13071308;36485238;0;2429781;569197;407885;756276;75048;4238187;1800000;0;239392;0;2534517;4573909;8812096;1760000;1067387;880000;23945755;0;20000;27673142;36485238;
4591;890914779;2019-12-31;2019;MILES;270232;276663;1899908;1120508;3567311;206608;0;0;96962;0;303570;3870881;173666;3251919;116203;108202;124134;2345;3776469;0;34391;85373;0;0;119764;3896233;20000;0;144770;-190122;0;0;-25352;3870881;
4592;890914779;2019-12-31;2018;MILES;335575;290476;2070514;886393;3582958;44360;0;0;98211;0;142571;3725529;0;3135910;17386;106023;129313;1824;3390456;0;19296;5164;0;0;24460;3414916;20000;0;144770;145843;0;0;310613;3725529;
4593;816004998;2019-12-31;2019;MILES;1644499;4596036;17876198;26900233;51016966;2884989;0;0;1225106;0;4110095;55127061;28985372;5065738;376783;517239;1796835;125688;36867655;5391289;0;842826;0;0;6234115;43101770;4516000;3300000;1588949;2619740;0;602;12025291;55127061;
4594;816004998;2019-12-31;2018;MILES;4646260;3239012;16173754;25313800;49372826;1469427;0;0;1275576;0;2745003;52117829;27143768;10130117;29979;373643;0;157024;37834531;2073325;0;430055;0;0;2503380;40337911;4516000;3300000;2288949;1674969;0;0;11779918;52117829;
4595;901080187;2019-12-31;2019;MILES;65210688;33299756;2039571;420486;100970501;42697261;3059838;1342501;-2696922;3059838;47462516;148433017;0;235382;0;91568;3960027;182100;4469077;0;0;0;0;132566695;132566695;137035772;1100000;0;50000;10247245;0;0;11397245;148433017;
4596;901080187;2019-12-31;2018;MILES;54793669;56067493;3481882;10216;114353260;20387282;172396;1360164;48014;172396;22140252;136493512;0;261338;0;74868;16733;0;352939;0;0;0;0;133566695;133566695;133919634;100000;0;50000;2332060;0;91818;2573878;136493512;
4597;890307885;2019-12-31;2019;MILES;1579559;247946;47399702;27988592;77215799;102837807;13294067;0;-13279067;13294067;116146874;193362673;8367995;32414572;0;1243734;5764999;0;47791300;27033228;0;11723206;0;0;38756434;86547734;2197500;14700546;19819736;64216328;0;5880829;106814939;193362673;
4598;890307885;2019-12-31;2018;MILES;385726;233931;49307497;32321277;82248431;99512783;12525511;0;-12510511;12525511;112053294;194301725;9297564;40396167;0;1498560;2431944;0;53624235;25725954;0;12300822;0;0;38026776;91651011;2197500;14700546;19819736;60052103;0;5880829;102650714;194301725;
4599;830075684;2019-12-31;2019;MILES;2421044;6903515;41669710;0;50994269;110467560;8065084;8377209;-7175312;8065084;127799625;178793894;13375942;4123773;0;0;962479;7233251;25695445;75723305;0;426882;0;13067392;89217579;114913024;4600632;18056867;7225202;24504324;0;9493845;63880870;178793894;
4600;830075684;2019-12-31;2018;MILES;6091720;3968958;53803172;0;63863850;105821753;9535219;2948209;-9522601;9535219;118317799;182181649;13387168;7173753;0;0;868950;5768435;27198306;95908493;0;1864302;0;9606274;107379069;134577375;4600632;18056867;7225202;17721573;0;0;47604274;182181649;
4601;860008890;2019-12-31;2019;MILES;11430827;11807778;13726927;0;36965532;24983862;0;0;0;0;24983862;61949394;2995379;2776330;0;5964371;9558005;3122692;24416777;17846350;0;0;82196;376016;18304562;42721339;63333;0;16667;19148055;0;0;19228055;61949394;
4602;860008890;2019-12-31;2018;MILES;6548397;20926662;14675765;0;42150824;6059037;0;0;0;0;6059037;48209861;666667;5118645;0;6007756;8517220;3372269;23682557;508483;0;0;132036;350062;990581;24673138;63333;0;16667;23456723;0;0;23536723;48209861;
4603;860354289;2019-12-31;2019;MILES;586890;563207;26030101;0;27180198;8800;0;0;1532314;0;1541114;28721312;0;2749879;0;0;139985;0;2889864;2660432;0;0;0;0;2660432;5550296;12096280;0;79463;10995273;0;0;23171016;28721312;
4604;860354289;2019-12-31;2018;MILES;2387;19805;13846211;0;13868403;20163328;0;0;1532314;0;21695642;35564045;0;7203154;0;0;100032;0;7303186;8111;0;1734741;0;0;1742852;9046038;12096280;0;79463;14342264;0;0;26518007;35564045;
4605;830096788;2019-12-31;2019;MILES;9938480;1156933;3640940;1118809;15855162;654148;0;0;4783422;0;5437570;21292732;0;295753;21316;147114;536343;0;1000526;0;0;0;0;0;0;1000526;17328172;0;997095;1966939;0;0;20292206;21292732;
4606;830096788;2019-12-31;2018;MILES;11856606;184123;5229941;1709608;18980278;793092;0;0;5979277;0;6772369;25752647;1752;326284;0;125578;731250;0;1184864;0;0;0;0;0;0;1184864;17328172;0;997095;6242516;0;0;24567783;25752647;
4607;890917398;2019-12-31;2019;MILES;5762254;125953;2236390;1385922;9510519;10802582;0;0;216644;0;11019226;20529745;39714;3693440;0;257856;352596;34250;4377856;262120;0;1701801;0;1706704;3670625;8048481;239043;788598;3552707;7900916;0;0;12481264;20529745;
4608;890917398;2019-12-31;2018;MILES;4761478;51876;2923844;1404053;9141251;11422642;7300;0;329152;7300;11766394;20907645;2580;3884231;0;255940;307938;8347;4459036;0;0;1940532;0;1683479;3624011;8083047;239043;788598;3540278;8256679;0;0;12824598;20907645;
4609;891409291;2019-12-31;2019;MILES;11561326;6351269;61676169;75491681;155080445;10017936;0;551156;36232436;0;46801528;201881973;33288465;105366628;0;3565261;1654889;0;143875243;6577571;64377;0;0;0;6641948;150517191;927559;87561785;18251281;-55375843;0;0;51364782;201881973;
4610;891409291;2019-12-31;2018;MILES;3409987;304544;117440943;79088984;200244458;8609600;0;1943388;1677203;0;12230191;212474649;20900340;135301576;0;4205186;2694877;0;163101979;5916435;63466;0;0;1244476;7224377;170326356;250000;0;18251281;20965722;0;2681290;42148293;212474649;
4611;900406794;2019-12-31;2019;MILES;462120;6997719;1553357;0;9013196;13249341;0;0;11855;0;13261196;22274392;0;9465;0;0;285982;465491;760938;0;0;0;0;0;0;760938;410000;0;385063;20462641;0;255750;21513454;22274392;
4612;900406794;2019-12-31;2018;MILES;126668;5457049;1698547;0;7282264;14158677;0;0;47150;0;14205827;21488091;0;184850;0;0;255703;482;441035;0;0;0;0;0;0;441035;410000;0;283911;20097395;0;255750;21047056;21488091;
4613;900354586;2019-12-31;2019;MILES;141517;1922883;2611180;50661;4726241;1922700;0;0;683133;0;2605833;7332074;315596;2557178;0;108082;84331;295669;3360856;2564000;0;0;0;0;2564000;5924856;510000;0;62677;834541;0;0;1407218;7332074;
4614;900354586;2019-12-31;2018;MILES;15423;1496312;2972097;2146190;6630022;31654;0;0;649260;0;680914;7310936;272834;2879422;0;94522;28057;408768;3683603;2352000;0;0;0;0;2352000;6035603;510000;0;62677;702656;0;0;1275333;7310936;
4615;830054490;2019-12-31;2019;MILES;1524383;3667678;17648550;7465517;30306128;4105388;3375258;0;-1048940;3375258;9806964;40113092;279097;18173769;1307379;0;0;2316149;22076394;0;0;0;0;1625055;1625055;23701449;70000;0;35000;16306643;0;0;16411643;40113092;
4616;830054490;2019-12-31;2018;MILES;7373151;2785099;12889102;5118635;28165987;4525083;2389801;0;-877524;2389801;8427161;36593148;2049182;6992757;1218976;0;1219296;0;11480211;0;0;0;0;2616328;2616328;14096539;70000;0;35000;22391609;0;0;22496609;36593148;
4617;901228788;2019-12-31;2019;MILES;332070;589487;2034473;788053;3744083;3903145;0;0;2568329;0;6471474;10215557;0;4578520;11503;39355;2219;197820;4829417;3300873;551935;0;0;179269;4032077;8861494;600000;3040170;0;-2617512;0;331405;1354063;10215557;
4618;901228788;2019-12-31;2018;MILES;738728;0;385498;42190;1166416;1673494;0;0;1818679;0;3492173;4658589;0;441185;0;1533;23092;0;465810;0;1173584;0;0;0;1173584;1639394;100000;3040170;0;-120975;0;0;3019195;4658589;
4619;800073584;2019-12-31;2019;MILES;421353;0;8965437;0;9386790;52626;0;0;10309214;0;10361840;19748630;0;16504429;0;132648;0;264902;16901979;10139761;0;0;0;0;10139761;27041740;1000000;0;925452;-25747894;0;16529332;-7293110;19748630;
4620;800073584;2019-12-31;2018;MILES;421353;0;8965437;0;9386790;52626;0;0;10309214;0;10361840;19748630;0;16504429;0;132648;0;264902;16901979;10139761;0;0;0;0;10139761;27041740;1000000;0;925452;-25747894;0;16529332;-7293110;19748630;
4621;800252589;2019-12-31;2019;MILES;3616504;5337923;49252278;3667851;61874556;789996;0;0;2110814;0;2900810;64775366;13108560;30002988;1055516;1824311;4046960;2767905;52806240;0;0;0;0;1325307;1325307;54131547;13795683;0;892516;-4044380;0;0;10643819;64775366;
4622;800252589;2019-12-31;2018;MILES;4830140;3837197;28662477;9799373;47129187;897180;0;0;393694;0;1290874;48420061;2448115;24509129;426841;1351554;699519;1901123;31336281;2448116;0;0;0;3547642;5995758;37332039;13795683;0;892516;-3600177;0;0;11088022;48420061;
4623;900378893;2019-12-31;2019;MILES;32282858;36050283;63810412;108769488;240913041;3250251;284633473;0;-283914459;284633473;288602738;529515779;23108792;16132179;0;1918217;718461;0;41877649;80172139;5633336;39368;1035209;324319109;411199161;453076810;12000000;28984821;1793388;25550051;0;8110709;76438969;529515779;
4624;900378893;2019-12-31;2018;MILES;33926400;20464607;54792272;60356624;169539903;1818469;142353697;0;-142352400;142353697;144173463;313713366;21712505;9189127;0;1822629;731572;0;33455833;75471322;1899;0;1321326;136394187;213188734;246644567;12000000;28984821;1793388;16179881;0;8110709;67068799;313713366;
4625;860090784;2019-12-31;2019;MILES;148901;485672;2694779;2175687;5505039;1034748;0;0;168746;0;1203494;6708533;1194027;1352068;0;103637;294124;355089;3298945;0;0;122682;0;0;122682;3421627;1090000;0;3178603;-981697;0;0;3286906;6708533;
4626;860090784;2019-12-31;2018;MILES;126417;223260;3442380;2575989;6368046;554710;0;0;168746;0;723456;7091502;2710000;351538;0;95219;375327;820;3532904;0;0;52549;0;0;52549;3585453;1090000;0;2895494;-479445;0;0;3506049;7091502;
4627;800244387;2019-12-31;2019;MILES;21597760;8770962;2006119;16503480;48878321;378033085;0;0;4830961;0;382864046;431742367;12099060;74863273;0;12197897;10681658;28484;109870372;179301764;129039127;0;0;402602;308743493;418613865;2949094;216739051;-684654;-271407626;0;65532637;13128502;431742367;
4628;800244387;2019-12-31;2018;MILES;19208559;11999261;2992901;19249161;53449882;216603217;0;0;3968592;0;220571809;274021691;653494;49243508;0;12023538;9142112;166014;71228666;14067027;147571444;0;0;347227;161985698;233214364;2949094;216739051;635645;-234251799;0;54735336;40807327;274021691;
4629;900241784;2019-12-31;2019;MILES;1724881;5138573;18355140;32382099;57600693;12690485;0;0;1590647;0;14281132;71881825;22455608;32431160;1093670;315525;2624890;0;58920853;0;0;661857;0;0;661857;59582710;1956582;8112409;0;2230124;0;0;12299115;71881825;
4630;900241784;2019-12-31;2018;MILES;5290009;5836102;20359437;18196888;49682436;4479886;0;0;482551;0;4962437;54644873;18638058;20596669;462568;268818;3916382;0;43882495;0;0;0;0;0;0;43882495;1956582;8112409;0;693387;0;0;10762378;54644873;
4631;890100889;2019-12-31;2019;MILES;2742118;3108986;710419;0;6561523;15882614;5079377;0;2108752;5079377;28150120;34711643;0;38249;0;35879;31626;13973;119727;0;1487043;1287119;0;0;2774162;2893889;5000;0;14084724;4358487;0;13369543;31817754;34711643;
4632;890100889;2019-12-31;2018;MILES;2596727;3009494;372303;0;5978524;15945283;5240523;0;1947606;5240523;28373935;34352459;0;406743;0;30599;324435;13964;775741;0;1487043;1287119;0;0;2774162;3549903;5000;0;14084724;3343289;0;13369543;30802556;34352459;
4633;900255884;2019-12-31;2019;MILES;5762765;4742375;29229459;555006;40289605;443798;0;0;1102093;0;1545891;41835496;0;21383984;0;659605;2732242;5547714;30323545;0;0;0;0;65750;65750;30389295;2257360;0;1501948;7686893;0;0;11446201;41835496;
4634;900255884;2019-12-31;2018;MILES;8865301;4187028;16264320;613854;29930503;293378;0;0;295975;0;589353;30519856;0;14036984;0;558823;844946;4706102;20146855;0;0;0;0;0;0;20146855;2257360;0;1323015;6792626;0;0;10373001;30519856;
4635;819006187;2019-12-31;2019;MILES;111555;363514;12403084;389154;13267307;2952363;0;0;991989;0;3944352;17211659;181931;6830661;0;329226;421005;0;7762823;5952953;100821;285798;0;70623;6410195;14173018;14500;0;7250;2375911;0;640980;3038641;17211659;
4636;819006187;2019-12-31;2018;MILES;21536;540428;7843340;218514;8623818;2829999;0;0;1093544;0;3923543;12547361;850000;6828200;0;268838;606053;0;8553091;0;208480;326681;0;69775;604936;9158027;14500;0;7250;2099840;0;1267744;3389334;12547361;
4637;900317686;2019-12-31;2019;MILES;273372;0;942956;1488264;2704592;79610;0;0;3770;0;83380;2787972;472834;374075;0;73715;28428;258557;1207609;60180;0;0;0;0;60180;1267789;120000;0;60000;1340183;0;0;1520183;2787972;
4638;900317686;2019-12-31;2018;MILES;435259;0;600354;1623651;2659264;96253;0;0;6243;0;102496;2761760;5280;656871;0;61843;31525;209909;965428;544849;0;0;0;0;544849;1510277;120000;0;60000;1071483;0;0;1251483;2761760;
4639;900110594;2019-12-31;2019;MILES;20319258;2557946;6514340;129575309;158966853;45039469;0;0;2727404;0;47766873;206733726;194754616;3817394;0;0;1158;584402;199157570;1438203;0;1548610;0;0;2986813;202144383;3575000;8473162;0;-7458819;0;0;4589343;206733726;
4640;900110594;2019-12-31;2018;MILES;3907493;2544095;1763530;145116274;153331392;41723536;0;0;548501;0;42272037;195603429;187231050;3891711;0;0;39228;204305;191366294;0;0;0;0;0;0;191366294;3575000;8473162;0;-7811027;0;0;4237135;195603429;
4641;890301291;2019-12-31;2019;MILES;92739758;6638155;59447382;30273245;189098540;1834228;1353976;0;1749518;1353976;6291698;195390238;0;17354705;1252771;748218;1205744;0;20561438;0;0;0;0;1861320;1861320;22422758;20110713;0;8903033;33639787;0;110313947;172967480;195390238;
4642;890301291;2019-12-31;2018;MILES;67957686;1997890;102230699;63990947;236177222;3377275;1971961;0;3252482;1971961;10573679;246750901;0;20634560;2021435;2265021;8869497;0;33790513;0;0;0;0;1754995;1754995;35545508;20110713;0;10055357;70725376;0;110313947;211205393;246750901;
4643;900213985;2019-12-31;2019;MILES;58320016;36567418;66746;0;94954180;0;48287913;0;-417495;48287913;96158331;191112511;0;6049861;0;0;8685498;36851;14772210;0;0;783030;0;0;783030;15555240;700000;0;37459063;128040588;0;9357620;175557271;191112511;
4644;900213985;2019-12-31;2018;MILES;32231875;2856078;3334784;0;38422737;1694303;23485855;0;208387217;23485855;257053230;295475967;0;10114506;1647190;113724;423524;101950909;114249853;0;0;20538836;0;0;20538836;134788689;700000;0;82852725;67776933;0;9357620;160687278;295475967;
4645;802000989;2019-12-31;2019;MILES;61092;557945;11276414;4683515;16578966;10138999;461408;0;388418;461408;11450233;28029199;5522629;8082316;0;490967;345042;1618195;16059149;5361020;967446;183364;0;284791;6796621;22855770;1567356;39900;813651;2752522;0;0;5173429;28029199;
4646;802000989;2019-12-31;2018;MILES;36287;1012785;5122334;4555849;10727255;10626656;1181344;0;-519396;1181344;12469948;23197203;6127509;5380085;0;494660;279750;642976;12924980;5430930;960798;173381;0;0;6565109;19490089;1567356;39900;1468397;631461;0;0;3707114;23197203;
4647;860508392;2019-12-31;2019;MILES;7742310;2034466;50886232;39181665;99844673;26641359;0;0;2435101;0;29076460;128921133;15191;45227095;793096;3192774;2075720;0;51303876;0;0;0;0;0;0;51303876;13531850;10675278;4992705;48417424;0;0;77617257;128921133;
4648;860508392;2019-12-31;2018;MILES;13568914;960819;29615252;35118979;79263964;28695514;0;633600;403351;0;29732465;108996429;45950;26580756;197425;2368218;7519662;0;36712011;0;0;0;0;0;0;36712011;13531850;10675278;3448532;44628758;0;0;72284418;108996429;
4649;900031088;2019-12-31;2019;MILES;148224;5409321;26236691;12297634;44091870;20359382;858220;0;716994;858220;22792816;66884686;10292785;34480311;0;775573;788046;8265985;54602700;1998039;0;629004;0;0;2627043;57229743;1500000;0;414516;4664273;0;3076154;9654943;66884686;
4650;900031088;2019-12-31;2018;MILES;1208551;3535237;17019457;11162597;32925842;16450461;504370;0;1158450;504370;18617651;51543493;10916927;27489153;0;689366;1255702;414228;40765376;2246100;0;1070412;0;0;3316512;44081888;1500000;0;1681785;1474960;0;2804860;7461605;51543493;
4651;890923691;2019-12-31;2019;MILES;810038;8166241;23047204;59973745;91997228;9162045;0;43318;262616;0;9467979;101465207;59013422;13974434;0;1086043;2134499;169658;76378056;5311912;0;0;0;104251;5416163;81794219;7537670;9074094;1023898;2035326;0;0;19670988;101465207;
4652;890923691;2019-12-31;2018;MILES;401934;6018734;24615398;56923964;87960030;8211143;0;42374;172066;0;8425583;96385613;43002101;17283642;0;864659;1039994;161555;62351951;14463858;0;65977;0;144771;14674606;77026557;7537670;9074094;975725;1771567;0;0;19359056;96385613;
4653;900058192;2019-12-31;2019;MILES;5680301;347520;6171548;4770146;16969515;35410;0;0;541738;0;577148;17546663;0;1891841;152877;0;1139977;0;3184695;0;0;0;0;0;0;3184695;14660000;0;285038;-583070;0;0;14361968;17546663;
4654;900058192;2019-12-31;2018;MILES;5472867;0;4869756;4799728;15142351;112162;0;0;320421;0;432583;15574934;46325;2871441;199286;0;491797;0;3608849;0;0;0;0;0;0;3608849;14660000;0;285038;-2978953;0;0;11966085;15574934;
4655;811043389;2019-12-31;2019;MILES;379627;1144450;5667434;0;7191511;21108;0;0;88446;0;109554;7301065;6075;5611948;0;64635;0;159573;5842231;26402;0;0;0;0;26402;5868633;330000;0;165000;937432;0;0;1432432;7301065;
4656;811043389;2019-12-31;2018;MILES;542;871305;5222339;0;6094186;0;0;0;2289;0;2289;6096475;218416;4823709;0;77457;0;0;5119582;0;0;0;0;0;0;5119582;330000;0;165000;481893;0;0;976893;6096475;
4657;802016387;2019-12-31;2019;MILES;947608;0;10792263;67221444;78961315;26671004;0;0;12805618;0;39476622;118437937;9200878;2471865;0;328833;159864;0;12161440;42807284;6718211;0;0;207564;49733059;61894499;231433;0;0;56312005;0;0;56543438;118437937;
4658;802016387;2019-12-31;2018;MILES;811358;0;15474288;69859175;86144821;19867667;0;0;60608503;0;80476170;166620991;7073632;4060061;0;533775;828405;0;12495873;61159543;10445812;0;0;297858;71903213;84399086;231433;0;0;81990472;0;0;82221905;166620991;
4659;860027589;2019-12-31;2019;MILES;2696;235937;74062;0;312695;38673;0;0;0;0;38673;351368;0;1628156;41870;755826;192092;0;2617944;0;0;0;0;2221693;2221693;4839637;2500000;0;0;-6988269;0;0;-4488269;351368;
4660;860027589;2019-12-31;2018;MILES;7939;490992;0;0;498931;73508;350554;0;-350554;350554;424062;922993;0;700230;2778852;674758;2071;0;4155911;0;9977863;0;0;0;9977863;14133774;2500000;0;0;-15710781;0;0;-13210781;922993;
4661;900476691;2019-12-31;2019;MILES;610821;639573;2218289;518726;3987409;2372299;0;0;426081;0;2798380;6785789;241573;419656;0;110736;637531;0;1409496;2933951;0;477843;0;0;3411794;4821290;1541081;0;300227;64668;0;58523;1964499;6785789;
4662;900476691;2019-12-31;2018;MILES;92805;562920;2299810;619769;3575304;2248328;0;0;35328;0;2283656;5858960;184270;300209;0;92697;507311;0;1084487;215053;0;49495;0;0;264548;1349035;1541081;0;10001;2901181;0;57662;4509925;5858960;
4663;900824185;2019-12-31;2019;MILES;89778336;89156571;167888472;226544037;573367416;8009386;0;0;29220481;0;37229867;610597283;1941362;484454128;15884648;5019420;15577516;19488133;542365207;0;0;0;0;4718466;4718466;547083673;12440300;29778357;0;21294953;0;0;63513610;610597283;
4664;900824185;2019-12-31;2018;MILES;38459315;58189064;132856014;102960508;332464901;14686499;0;0;17118374;0;31804873;364269774;0;247905424;11331721;5645024;18809857;28231499;311923525;0;0;0;0;0;0;311923525;12440300;29778357;0;10127592;0;0;52346249;364269774;
4665;900190385;2019-12-31;2019;MILES;1108620;60481365;297403091;0;358993076;0;0;0;0;0;0;358993076;0;447177421;10292874;0;50;2574494;460044839;0;0;0;0;0;0;460044839;229927;168691830;114967;-270088487;0;0;-101051763;358993076;
4666;900190385;2019-12-31;2018;MILES;1035813;60670434;296413461;0;358119708;0;0;0;69517;0;69517;358189225;421142530;20068333;9657520;4137631;143;0;455006157;0;0;0;0;0;0;455006157;229927;144210450;114967;-241372276;0;0;-96816932;358189225;
4667;900483791;2019-12-31;2019;MILES;254033;3601473;6159792;0;10015298;23355400;0;0;2442;0;23357842;33373140;885728;2704699;0;3669057;186219;96739;7542442;0;7280630;0;0;11691513;18972143;26514585;2055000;2277656;0;2525899;0;0;6858555;33373140;
4668;900483791;2019-12-31;2018;MILES;292787;4810798;6210794;0;11314379;9155327;0;0;0;0;9155327;20469706;0;2533821;0;3821384;700417;0;7055622;0;7333021;124480;0;0;7457501;14513123;2055000;2277656;0;1623927;0;0;5956583;20469706;
4669;860024986;2019-12-31;2019;MILES;6052857;4904675;14100848;8546942;33605322;25700310;0;158269;728013;0;26586592;60191914;7604870;5544821;0;1598165;3065615;12093;17825564;210838;0;1382115;0;0;1592953;19418517;2111200;7563200;1100968;29998029;0;0;40773397;60191914;
4670;860024986;2019-12-31;2018;MILES;2337119;3830778;14966804;8871797;30006498;26103225;0;158269;645857;0;26907351;56913849;8520277;6239051;0;1318992;3521496;2396;19602212;517198;0;1179461;0;0;1696659;21298871;2111200;7563200;1100968;24839610;0;0;35614978;56913849;
4671;900388092;2019-12-31;2019;MILES;170423;1269368;6475888;7531367;15447046;1356555;0;0;707206;0;2063761;17510807;7801596;11327523;416298;0;121722;0;19667139;0;0;375025;0;0;375025;20042164;230000;2172936;0;-4934293;0;0;-2531357;17510807;
4672;900388092;2019-12-31;2018;MILES;227466;386325;8663871;5027197;14304859;1019304;0;0;355798;0;1375102;15679961;5789465;10564836;411697;0;509735;0;17275733;0;0;38598;0;0;38598;17314331;110000;540000;0;-2284370;0;0;-1634370;15679961;
4673;900471195;2019-12-31;2019;MILES;28752261;4610539;15202640;0;48565440;0;0;0;820573;0;820573;49386013;0;40309593;2564290;0;3254035;0;46127918;0;0;0;0;0;0;46127918;20161;0;22386;3215548;0;0;3258095;49386013;
4674;900471195;2019-12-31;2018;MILES;5755755;5509250;32279974;0;43544979;0;0;0;10288692;0;10288692;53833671;0;4649871;31174615;0;1082443;0;36906929;0;0;8489162;0;0;8489162;45396091;20161;0;22386;8395033;0;0;8437580;53833671;
4675;900615990;2019-12-31;2019;MILES;2461;31423490;169242;0;31595193;0;0;5431095;178103;0;5609198;37204391;0;102362;0;3248;19297;0;124907;0;0;9482320;0;819299;10301619;10426526;6435400;0;2986;20339479;0;0;26777865;37204391;
4676;900615990;2019-12-31;2018;MILES;135988;30859495;663301;0;31658784;0;0;4358374;191215;0;4549589;36208373;0;6611;0;1575;15759;0;23945;0;0;9596229;0;506293;10102522;10126467;6435400;0;2986;19643520;0;0;26081906;36208373;
4677;890208890;2019-12-31;2019;MILES;2966206;3076914;28962581;48810170;83815871;68253584;0;9635419;3281504;0;81170507;164986378;5735644;31417078;0;404358;524750;134943;38216773;86999412;0;2537097;0;17712734;107249243;145466016;1000000;0;767043;-2688259;0;20441578;19520362;164986378;
4678;890208890;2019-12-31;2018;MILES;3192124;3172566;48718831;49202812;104286333;22006915;0;5499228;3254855;0;30760998;135047331;20000000;24369297;633723;428436;882491;279348;46593295;38912249;0;1888521;0;26682903;67483673;114076968;1000000;0;767043;-429739;0;19633059;20970363;135047331;
4679;900360800;2019-12-31;2019;MILES;2034698;5330956;35111267;1556481;44033402;3155192;0;0;3799132;0;6954324;50987726;3728408;10784294;0;0;2971633;18177809;35662144;0;0;964788;0;0;964788;36626932;10085;0;5043;14345666;0;0;14360794;50987726;
4680;900360800;2019-12-31;2018;MILES;856785;3222758;19719618;2361207;26160368;3667562;0;0;8098;0;3675660;29836028;1490454;13736267;0;0;578279;741514;16546514;0;0;242058;0;0;242058;16788572;10085;0;5043;13032328;0;0;13047456;29836028;
4681;819003792;2019-12-31;2019;MILES;45200;1204199;3792200;914732;5956331;38060532;6210976;0;24218595;6210976;74701079;80657410;3938219;5418210;0;981513;59034;1848121;12245097;10247976;23920182;0;0;0;34168158;46413255;9419638;21370333;161367;-27612461;0;30905278;34244155;80657410;
4682;819003792;2019-12-31;2018;MILES;1268266;1155925;4268206;1381242;8073639;39050877;3213318;0;25216262;3213318;70693775;78767414;5728253;3974197;0;1060220;0;1177947;11940617;11447103;16887901;0;0;0;28335004;40275621;9419638;21370333;161367;-22012051;0;29552506;38491793;78767414;
4683;860067998;2019-12-31;2019;MILES;1718533;4130832;15722880;34078347;55650592;45097327;26096;0;461879;26096;45611398;101261990;29882032;16762212;120901;0;5154974;855064;52775183;17713512;305168;0;0;109594;18128274;70903457;1545810;0;3383935;12987288;0;12441500;30358533;101261990;
4684;860067998;2019-12-31;2018;MILES;1817206;4423300;14548986;45892008;66681500;46474116;0;0;100371;0;46574487;113255987;37754604;19473310;0;0;3440515;2879887;63548316;22237527;373881;0;0;109594;22721002;86269318;1545810;0;3383935;9343460;0;12713464;26986669;113255987;
4685;800053895;2019-12-31;2019;MILES;184982;385383;552710;15089025;16212100;0;196711;2527122;4439557;196711;7360101;23572201;2151198;29275;0;0;20014;0;2200487;40560;6962445;104334;0;1004803;8112142;10312629;1511000;0;780622;-4335523;0;15303473;13259572;23572201;
4686;800053895;2019-12-31;2018;MILES;375364;425947;0;17563496;18364807;9200;581765;1612284;3958640;581765;6743654;25108461;4723011;239860;0;0;8928;8064;4979863;72952;5211785;16435;0;78500;5379672;10359535;1511000;0;780622;-3319450;0;15776754;14748926;25108461;
4687;890300292;2019-12-31;2019;MILES;37807758;0;310999925;85068838;433876521;296787118;888152;0;27136134;888152;325699556;759576077;0;123085305;7648322;8605269;15153955;0;154492851;2434361;0;7206241;0;30551702;40192304;194685155;1000926;0;669873;563220123;0;0;564890922;759576077;
4688;890300292;2019-12-31;2018;MILES;44121735;0;313810471;80862277;438794483;315147872;1123484;0;22981199;1123484;340376039;779170522;15000;115911931;5896559;9087215;16837276;0;147747981;229989;0;16307573;0;26706544;43244106;190992087;1000926;182863;487010;586507636;0;0;588178435;779170522;
4689;830030574;2019-12-31;2019;MILES;368153;0;4362353;10739105;15469611;743;0;0;442873;0;443616;15913227;0;12494276;0;0;223692;0;12717968;0;0;0;0;0;0;12717968;5000;0;2500;3187759;0;0;3195259;15913227;
4690;830030574;2019-12-31;2018;MILES;1276049;0;4019475;11403669;16699193;9658;0;0;457194;0;466852;17166045;0;15507816;0;0;388689;0;15896505;0;0;0;0;0;0;15896505;5000;0;2500;1262040;0;0;1269540;17166045;
4691;890906397;2019-12-31;2019;MILES;7007885;4824642;44361046;37574269;93767842;70282464;0;0;0;0;70282464;164050306;6997235;21918524;0;1029387;0;0;29945146;0;0;8467168;0;3678633;12145801;42090947;1500000;0;28411621;92047738;0;0;121959359;164050306;
4692;890906397;2019-12-31;2018;MILES;7193009;14527261;32786166;35772949;90279385;72714115;0;0;0;0;72714115;162993500;3372826;30821797;0;1480680;1113036;0;36788339;0;0;10707406;0;1946380;12653786;49442125;1500000;0;27554993;84496382;0;0;113551375;162993500;
4693;830034293;2019-12-31;2019;MILES;2401747;150077;16489959;0;19041783;389605;0;0;252005;0;641610;19683393;0;2258072;0;442830;1401700;0;4102602;235322;0;0;0;0;235322;4337924;956000;10918223;5545991;-2074745;0;0;15345469;19683393;
4694;830034293;2019-12-31;2018;MILES;1494054;369796;14751931;0;16615781;618292;0;0;0;0;618292;17234073;0;2309538;0;328585;338223;0;2976346;0;0;52953;0;0;52953;3029299;956000;10918223;5207557;-2877006;0;0;14204774;17234073;
4695;830141093;2019-12-31;2019;MILES;159083;758610;8808568;0;9726261;1726254;0;0;413876;0;2140130;11866391;1470626;1158216;209613;162000;655654;899594;4555703;851112;0;0;0;0;851112;5406815;400000;0;3779679;2279897;0;0;6459576;11866391;
4696;830141093;2019-12-31;2018;MILES;1021098;183520;8442341;0;9646959;291808;0;0;483760;0;775568;10422527;0;1758348;256498;382507;1053354;501132;3951839;0;0;0;0;0;0;3951839;400000;0;3779679;2291009;0;0;6470688;10422527;
4697;800238090;2019-12-31;2019;MILES;2652451;733333;3165429;112211;6663424;2587313;0;0;413367;0;3000680;9664104;0;3261016;0;140457;0;622740;4024213;0;1594372;254432;0;368984;2217788;6242001;1500000;0;329400;1592703;0;0;3422103;9664104;
4698;800238090;2019-12-31;2018;MILES;1953670;639154;2155766;106373;4854963;2387977;1344555;0;-1300050;1344555;3777037;8632000;0;2745080;0;164307;371606;401263;3682256;0;1164241;152387;0;0;1316628;4998884;1500000;0;329400;756027;0;1047689;3633116;8632000;
4699;900183992;2019-12-31;2019;MILES;370642;543919;565644;9386013;10866218;9080804;0;15708456;9545190;0;34334450;45200668;1927718;6788616;0;222551;0;7836401;16775286;6576483;434459;3131648;0;0;10142590;26917876;2120000;4195324;5500200;6290308;0;176960;18282792;45200668;
4700;900183992;2019-12-31;2018;MILES;387423;1394360;741802;11430575;13954160;10644536;0;13140663;1678654;0;25463853;39418013;4236085;5842567;0;206303;0;247002;10531957;7201358;601370;2681786;0;0;10484514;21016471;2120000;4195324;6692172;5217086;0;176960;18401542;39418013;
4701;800031797;2019-12-31;2019;MILES;6377670;12699995;15897257;2395070;37369992;7346928;0;0;1469574;0;8816502;46186494;8030271;11081674;0;858980;780155;3122892;23873972;25960563;0;1307819;3490095;0;30758477;54632449;1000000;1000000;1000000;-16946960;0;5501005;-8445955;46186494;
4702;800031797;2019-12-31;2018;MILES;9028769;9383171;17660529;2060815;38133284;7524809;0;0;2119518;0;9644327;47777611;6294164;10422751;0;2647081;2650651;86250;22100897;25657839;0;1443625;3597375;0;30698839;52799736;1000000;1000000;1000000;-15328225;0;7306100;-5022125;47777611;
4703;800158193;2019-12-31;2019;MILES;2736059;2105625;5993482;2559076;13394242;1758609;0;0;366703;0;2125312;15519554;53725;3774046;0;203259;118930;0;4149960;0;0;418686;0;0;418686;4568646;48500;0;227276;9783194;0;891938;10950908;15519554;
4704;800158193;2019-12-31;2018;MILES;3237522;1631267;5953134;2064466;12886389;1392091;0;0;290766;0;1682857;14569246;59970;4174944;0;207959;143806;0;4586679;0;0;342582;0;0;342582;4929261;48500;0;227276;8472271;0;891938;9639985;14569246;
4705;890927793;2019-12-31;2019;MILES;100;0;7504;0;7604;3193807;0;0;0;0;3193807;3201411;0;492097;0;0;0;0;492097;0;0;279915;0;0;279915;772012;50000;0;0;2379399;0;0;2429399;3201411;
4706;890927793;2019-12-31;2018;MILES;100;0;5597;0;5697;3193807;0;0;0;0;3193807;3199504;0;475880;0;0;0;0;475880;0;0;279915;0;0;279915;755795;50000;0;0;2393709;0;0;2443709;3199504;
4707;860001999;2019-12-31;2019;MILES;12609903;3390830;48462495;28548950;93012178;34144396;0;0;3426349;0;37570745;130582923;0;27616837;0;0;1424695;1420493;30462025;46774;6626234;1474214;0;0;8147222;38609247;11400000;30;4869675;75703971;0;0;91973676;130582923;
4708;860001999;2019-12-31;2018;MILES;8479696;4292405;46570447;29061864;88404412;31947936;0;0;4131727;0;36079663;124484075;0;28486617;0;0;2575547;1416711;32478875;0;15000000;1916768;0;0;16916768;49395643;11400000;30;5136364;58552038;0;0;75088432;124484075;
4709;860009694;2019-12-31;2019;MILES;8395396;4367515;17855374;58315179;88933464;11042268;0;0;1203000;0;12245268;101178732;0;77310102;0;1269000;3530100;5114010;87223212;0;0;0;0;5382710;5382710;92605922;3725386;0;368324;4479100;0;0;8572810;101178732;
4710;860009694;2019-12-31;2018;MILES;8691210;12645598;21232263;48325228;90894299;3327111;0;0;583095;0;3910206;94804505;0;83674271;0;0;2492891;2792870;88960032;0;0;0;0;0;0;88960032;3725386;0;111740;2007347;0;0;5844473;94804505;
4711;860005194;2019-12-31;2019;MILES;7403986;1127424;5008889;10666363;24206662;28495022;0;579150;554953;0;29629125;53835787;3564639;4896321;1416019;523659;0;897364;11298002;3119545;0;4686773;0;104051;7910369;19208371;2127733;0;12339959;19847975;0;311749;34627416;53835787;
4712;860005194;2019-12-31;2018;MILES;5735038;1183907;5383543;7568541;19871029;27383458;52224;579150;743722;52224;28810778;48681807;5902635;2682426;961915;433510;0;587752;10568238;3777333;45956;4580860;0;96848;8500997;19069235;2127733;0;11123360;16044133;0;317346;29612572;48681807;
4713;830098290;2019-12-31;2019;MILES;89240137;3174806;1790236;53688445;147893624;51495198;0;713370;2403962;0;54612530;202506154;118082622;9204427;0;260812;514143;206408;128268412;4738583;0;3235998;0;0;7974581;136242993;3000000;0;5273045;57990116;0;0;66263161;202506154;
4714;830098290;2019-12-31;2018;MILES;53658017;8288260;2024916;54906849;118878042;44852485;0;0;2108991;0;46961476;165839518;78738781;17674995;0;258107;932518;66339;97670740;3764000;0;3176407;0;0;6940407;104611147;3000000;0;5273045;52955326;0;0;61228371;165839518;
4715;860536195;2019-12-31;2019;MILES;825688;698094;4613217;832177;6969176;5768096;181182;0;292420;181182;6422880;13392056;408173;2766215;0;821262;704319;125323;4825292;375000;0;702317;0;0;1077317;5902609;250000;0;155000;7084447;0;0;7489447;13392056;
4716;860536195;2019-12-31;2018;MILES;880111;1354749;3529065;1035359;6799284;5272769;100203;0;181801;100203;5654976;12454260;205153;3607846;0;719976;744115;135693;5412783;200000;0;680991;0;0;880991;6293774;250000;0;155000;5755486;0;0;6160486;12454260;
4717;901021590;2019-12-31;2019;MILES;3349237;2438334;26339858;3011963;35139392;401702;0;0;9220186;0;9621888;44761280;843411;42218097;3108004;522071;2009166;0;48700749;315108;0;0;0;0;315108;49015857;20000;0;-363122;-3911455;0;0;-4254577;44761280;
4718;901021590;2019-12-31;2018;MILES;1234667;3091107;18753419;786179;23865372;486094;0;0;15394749;0;15880843;39746215;57031;22660520;755936;835068;2478558;0;26787113;363548;0;105223;0;15959057;16427828;43214941;20000;0;-334799;-3153927;0;0;-3468726;39746215;
4719;900411999;2019-12-31;2019;MILES;9374154;5338535;11674808;62982654;89370151;7729209;0;0;4758188;0;12487397;101857548;88810527;7675717;0;0;237345;616210;97339799;0;0;0;0;616628;616628;97956427;17551;16463309;-2000289;-10579450;0;0;3901121;101857548;
4720;900411999;2019-12-31;2018;MILES;4737774;4962802;20827268;78015647;108543491;10089402;0;0;0;0;10089402;118632893;81311994;20265688;0;0;339385;1108445;103025512;0;0;11362;0;0;11362;103036874;17551;16463309;-1450222;565381;0;0;15596019;118632893;
4721;830083392;2019-12-31;2019;MILES;18941539;413129;92833098;77547846;189735612;25667726;0;39020283;19647228;0;84335237;274070849;0;66376092;0;1177688;5591909;26405051;99550740;0;0;20759218;0;0;20759218;120309958;28740;13954335;166828;138539536;0;1071452;153760891;274070849;
4722;830083392;2019-12-31;2018;MILES;13936644;1181460;91346205;59834298;166298607;26562854;0;38920283;23008929;0;88492066;254790673;0;87762130;0;1146772;4600973;43461158;136971033;0;0;18870762;0;0;18870762;155841795;28740;13954335;166828;83727523;0;1071452;98948878;254790673;
4723;900925992;2019-12-31;2019;MILES;55689702;2506576;82077909;10742170;151016357;529005;0;0;1746711;0;2275716;153292073;0;43831257;0;0;7234114;59773305;110838676;0;0;0;0;0;0;110838676;150000;0;0;41340514;0;962883;42453397;153292073;
4724;900925992;2019-12-31;2018;MILES;52833179;1895673;25589009;4398806;84716667;592862;0;0;762149;0;1355011;86071678;0;16876229;0;0;6490866;45643683;69010778;0;0;0;0;0;0;69010778;150000;0;0;15948017;0;962883;17060900;86071678;
4725;900324294;2019-12-31;2019;MILES;0;966548;13676694;457314;15100556;3556648;0;0;0;0;3556648;18657204;887412;6795329;0;348978;660645;0;8692364;6156745;0;0;0;78157;6234902;14927266;372874;0;2349758;1007306;0;0;3729938;18657204;
4726;900324294;2019-12-31;2018;MILES;25469;755584;11222709;0;12003762;3226204;0;0;0;0;3226204;15229966;750000;4132021;0;356572;816928;0;6055521;5372338;0;0;0;0;5372338;11427859;372874;0;2535430;893803;0;0;3802107;15229966;
4727;900185094;2019-12-31;2019;MILES;17290;100251;1511988;0;1629529;0;0;18155073;0;0;18155073;19784602;0;19915754;0;0;0;0;19915754;0;0;0;0;0;0;19915754;10000;0;0;-143672;0;2520;-131152;19784602;
4728;900185094;2019-12-31;2018;MILES;22359;91913;1575241;0;1689513;787033;0;17894445;0;0;18681478;20370991;0;20644113;0;0;0;0;20644113;0;0;0;0;0;0;20644113;10000;0;0;-285642;0;2520;-273122;20370991;
4729;890806999;2019-12-31;2019;MILES;3263967;0;21865471;30068784;55198222;13595571;0;0;378436;0;13974007;69172229;29000897;21283845;0;0;0;0;50284742;0;0;1496307;0;0;1496307;51781049;1850000;1126154;1103623;11207151;0;2104252;17391180;69172229;
4730;890806999;2019-12-31;2018;MILES;1508552;0;22245797;26838382;50592731;13190453;0;0;1332334;0;14522787;65115518;25852997;19938796;0;0;0;0;45791793;0;0;2439568;0;0;2439568;48231361;1850000;1126154;1103623;10700128;0;2104252;16884157;65115518;
4731;860001498;2019-12-31;2019;MILES;1418595;2580010;26491995;16613755;47104355;6779933;0;0;5733826;0;12513759;59618114;14420667;6421972;3458113;1870265;2687742;686229;29544988;6201333;11276416;845856;0;1886677;20210282;49755270;10530179;0;11357086;-12024421;0;0;9862844;59618114;
4732;860001498;2019-12-31;2018;MILES;752707;4674058;25357879;11748310;42532954;8411980;0;0;7248761;0;15660741;58193695;12015217;6370117;1731963;1764750;3223980;356154;25462181;6300020;11095657;1295076;0;1809035;20499788;45961969;10530179;0;11328268;-9626721;0;0;12231726;58193695;
4733;860001300;2019-12-31;2019;MILES;6574991;2143810;14094662;17501565;40315028;34872131;0;0;632488;0;35504619;75819647;1729167;5882328;2402174;975906;1163623;1809183;13962381;247847;0;2751386;0;210103;3209336;17171717;1500000;0;34773932;5454533;0;16919465;58647930;75819647;
4734;860001300;2019-12-31;2018;MILES;7238228;1069945;14650317;18276806;41235296;29310848;0;0;627202;0;29938050;71173346;2250000;6027770;2490876;979607;1225235;1927152;14900640;1977014;0;2087141;0;261357;4325512;19226152;1500000;0;33970842;295601;0;16180751;51947194;71173346;
4735;900308795;2019-12-31;2019;MILES;174731;1196731;2429456;4429412;8230330;326844;0;0;183917;0;510761;8741091;344307;5963770;0;0;56383;90404;6454864;0;0;148250;0;275125;423375;6878239;82000;585288;58665;1136899;0;0;1862852;8741091;
4736;900308795;2019-12-31;2018;MILES;614483;2187786;6760164;5354600;14917033;82801;0;0;216360;0;299161;15216194;1010158;10497816;0;0;1361381;144562;13013917;0;0;0;0;0;0;13013917;82000;585288;58665;1476324;0;0;2202277;15216194;
4737;900306892;2019-12-31;2019;MILES;35789;3541215;633145;0;4210149;4999729;0;0;61904187;0;66903916;71114065;8269;4915333;9247558;172381;0;0;14343541;0;0;0;0;0;0;14343541;10000;0;0;-1295931;0;58056455;56770524;71114065;
4738;900306892;2019-12-31;2018;MILES;38793;1398643;263332;0;1700768;4426108;0;0;40578322;0;45004430;46705198;0;26735;0;103227;0;0;129962;0;0;0;0;0;0;129962;10000;0;0;-873526;0;47438762;46575236;46705198;
4739;900298890;2019-12-31;2019;MILES;14509764;2857869;10934402;0;28302035;5949378;0;0;4382567;0;10331945;38633980;17568;8712048;0;0;3595366;756244;13081226;0;0;177369;0;0;177369;13258595;6000000;0;16463171;2912214;0;0;25375385;38633980;
4740;900298890;2019-12-31;2018;MILES;16790624;4129034;12931802;0;33851460;2800175;0;0;161031;0;2961206;36812666;5321;7996897;0;0;6292421;0;14294639;0;0;636158;0;0;636158;14930797;6000000;0;10116689;5765180;0;0;21881869;36812666;
4741;860000896;2019-12-31;2019;MILES;14829726;1998328;53825348;37436965;108090367;90007292;0;1737;10722610;0;100731639;208822006;0;80977283;417110;5806376;14527889;2577176;104305834;0;0;5601128;0;11634291;17235419;121541253;14500000;65075;7250000;39434727;0;26030951;87280753;208822006;
4742;860000896;2019-12-31;2018;MILES;22103272;0;56311053;60276495;138690820;82402020;0;1737;176902;0;82580659;221271479;0;84852193;1232948;5118286;10276245;1495770;102975442;0;0;3092804;0;2594105;5686909;108662351;14500000;65075;37768697;34013642;0;26261714;112609128;221271479;
4743;830007399;2019-12-31;2019;MILES;4047175;1933308;5860861;187504;12028848;2068251;0;0;2829103;0;4897354;16926202;312343;2077841;3445;521532;0;1054988;3970149;732904;36272;82148;0;239030;1090354;5060503;4429693;0;5789301;1646705;0;0;11865699;16926202;
4744;830007399;2019-12-31;2018;MILES;4117260;1132836;9092184;189218;14531498;2476859;0;0;2356789;0;4833648;19365146;44537;5219981;61687;552051;0;1666370;7544626;11370;136118;0;0;239160;386648;7931274;4429693;0;2214846;4789333;0;0;11433872;19365146;
4745;800207192;2019-12-31;2019;MILES;155163;3581433;18118560;15868726;37723882;10817956;0;1530443;0;0;12348399;50072281;9063919;14675680;0;714710;202961;4616114;29273384;9251356;0;156177;0;0;9407533;38680917;6000000;500000;6518341;-1748682;0;121705;11391364;50072281;
4746;800207192;2019-12-31;2018;MILES;627420;2698918;21023005;13827227;38176570;10754768;0;0;0;0;10754768;48931338;7615194;15568306;0;608869;715190;4395594;28903153;5093455;0;330400;0;0;5423855;34327008;6000000;500000;5883745;2098880;0;121705;14604330;48931338;
4747;900460790;2019-12-31;2019;MILES;126011;92434;17142652;23776059;41137156;0;0;13312003;1117879;0;14429882;55567038;1657897;20203561;0;14269;135101;0;22010828;16392262;18076564;0;0;0;34468826;56479654;10000;0;5000;-927616;0;0;-912616;55567038;
4748;900460790;2019-12-31;2018;MILES;18110;40970;2669692;41143305;43872077;0;0;12884504;1117879;0;14002383;57874460;1682391;21899462;0;23248;130548;0;23735649;13016300;20187636;0;0;0;33203936;56939585;10000;0;5000;919875;0;0;934875;57874460;
4749;900395291;2019-12-31;2019;MILES;4078996;24100016;21211553;2147692;51538257;6465741;243519131;0;-242441905;243519131;251062098;302600355;663601;12987657;3971884;816846;1765066;35303673;55508727;5292746;136601100;201177;0;0;142095023;197603750;1646635;0;0;14532460;0;88817510;104996605;302600355;
4750;900395291;2019-12-31;2018;MILES;3466343;23739300;30524633;2020536;59750812;7326292;184584216;0;-183016871;184584216;193477853;253228665;896758;7134384;699621;756076;3011492;56228565;68726896;5465761;75598721;482267;0;0;81546749;150273645;1646635;0;0;12490875;0;88817510;102955020;253228665;
4751;800155291;2019-12-31;2019;MILES;259330;68207404;838636;0;69305370;1408010;55887612;0;-55087028;55887612;58096206;127401576;0;5635653;25580000;0;190000;11285334;42690987;0;95174043;0;0;0;95174043;137865030;83153068;0;8982910;-120084942;0;17485510;-10463454;127401576;
4752;800155291;2019-12-31;2018;MILES;6500;85253915;179215;0;85439630;1623987;52679944;0;-51882443;52679944;55101432;140541062;0;2275826;511862;0;667957;9419651;12875296;0;62354663;0;0;0;62354663;75229959;83153068;0;8982910;-44310385;0;17485510;65311103;140541062;
4753;900224580;2019-12-31;2019;MILES;38991;1010026;1109326;2303304;4461647;4293056;9071116;0;-7146057;9071116;15289231;19750878;5869;2484430;0;98378;70373;1401594;4060644;0;1863633;388919;0;0;2252552;6313196;7880946;11418910;39480;-5901654;0;0;13437682;19750878;
4754;900224580;2019-12-31;2018;MILES;594721;1289345;1670385;27208;3581659;4636452;9181902;0;-6961201;9181902;16039055;19620714;8691;1526452;0;81147;32840;2175798;3824928;0;12916125;346688;0;0;13262813;17087741;6673536;549768;39480;-4729811;0;0;2532973;19620714;
4755;900538786;2019-12-31;2019;MILES;386906;343994;32409;0;763309;0;0;0;0;0;0;763309;0;87199;30139;0;8169;0;125507;0;0;0;0;0;0;125507;20617000;18682;108811;-20106691;0;0;637802;763309;
4756;900538786;2019-12-31;2018;MILES;4496170;2220513;4721006;7681907;19119596;23389;0;0;162773;0;186162;19305758;0;5152057;282929;613754;358001;30824;6437565;0;0;0;0;0;0;6437565;20617000;18682;108811;-7876300;0;0;12868193;19305758;
4757;890908196;2019-12-31;2019;MILES;252828;42518;7514909;3168558;10978813;7456620;0;0;389568;0;7846188;18825001;2368061;4243506;266775;484123;249477;384970;7996912;3172297;0;49625;0;620401;3842323;11839235;200000;1200000;-161178;5746944;0;0;6985766;18825001;
4758;890908196;2019-12-31;2018;MILES;305253;35210;5679712;1303752;7323927;3101933;0;0;404571;0;3506504;10830431;1177471;2545159;63065;396431;156544;366703;4705373;0;0;113422;326314;526606;966342;5671715;200000;1200000;-129308;3888024;0;0;5158716;10830431;
4759;890319494;2019-12-31;2019;MILES;4693892;3790809;32557691;0;41042392;2050729;0;0;2312713;0;4363442;45405834;0;13775284;9464428;0;1940371;1172994;26353077;0;0;416597;0;595970;1012567;27365644;14664129;1081631;693123;1601307;0;0;18040190;45405834;
4760;890319494;2019-12-31;2018;MILES;5861807;4050635;26069082;0;35981524;417732;0;0;1851740;0;2269472;38250996;23602;11407947;7333024;0;1367607;0;20132180;70805;0;178365;0;0;249170;20381350;14664129;1081631;686832;1437054;0;0;17869646;38250996;
4761;830104796;2019-12-31;2019;MILES;196036;404734;88314;0;689084;0;1447898;0;-1447898;1447898;1447898;2136982;0;12050;0;0;0;0;12050;0;0;0;0;5703;5703;17753;3512918;0;188473;-1582162;0;0;2119229;2136982;
4762;830104796;2019-12-31;2018;MILES;1201;875000;38000;0;914201;0;2288507;0;-2288507;2288507;2288507;3202708;0;71465;0;0;0;0;71465;0;0;0;2302;24379;26681;98146;3512918;0;188473;-596829;0;0;3104562;3202708;
4763;890110294;2019-12-31;2019;MILES;4031869;2934999;14456420;18285298;39708586;682719;0;0;166321;0;849040;40557626;5152853;6765726;0;640870;0;680984;13240433;4746603;0;365789;0;7777;5120169;18360602;3125200;6519704;1562600;10989520;0;0;22197024;40557626;
4764;890110294;2019-12-31;2018;MILES;4460869;2578594;15542003;17299599;39881065;895312;0;0;637940;0;1533252;41414317;6231287;5766062;0;535964;0;780224;13313537;5848759;0;486036;0;7060;6341855;19655392;3125200;6519704;1562600;10551421;0;0;21758925;41414317;
4765;890700256;2019-12-31;2019;MILES;665721;377834;6565768;886764;8496087;66392254;0;0;1423123;0;67815377;76311464;2152897;21978949;101672;304671;386616;0;24924805;83333;450054;5067519;0;0;5600906;30525711;3788832;1474183;1203406;-5587278;0;44906610;45785753;76311464;
4766;890700256;2019-12-31;2018;MILES;608357;290964;7121953;503827;8525101;34781920;0;0;1361554;0;36143474;44668575;1867235;18009386;58382;337807;400752;0;20673562;347553;450054;2135394;0;0;2933001;23606563;3788832;1474183;1203406;-4091385;0;18686976;21062012;44668575;
4767;800007193;2019-12-31;2019;MILES;279447;1684173;2172469;305268;4441357;46010254;0;0;35419009;0;81429263;85870620;889104;7477186;0;241074;1316753;0;9924117;9983817;712156;7815678;0;0;18511651;28435768;1500000;3168338;563217;6512227;0;45691070;57434852;85870620;
4768;800007193;2019-12-31;2018;MILES;40205;1100730;959979;383952;2484866;44079761;0;0;36303683;0;80383444;82868310;954109;7146020;0;213763;1860852;0;10174744;7572366;1058161;8645255;0;0;17275782;27450526;1500000;3168338;562375;4496001;0;45691070;55417784;82868310;
4769;900428195;2019-12-31;2019;MILES;5603533;2588486;18766493;4763542;31722054;64516414;4235578;0;-3865426;4235578;69122144;100844198;11895087;14550547;6630651;0;178200;0;33254485;15829080;36660;0;0;0;15865740;49120225;56122311;51223938;0;-55622276;0;0;51723973;100844198;
4770;900428195;2019-12-31;2018;MILES;3935411;1280949;4560421;2978253;12755034;64595058;4659489;0;-4619106;4659489;69294930;82049964;14661317;4084031;4072206;0;11380;0;22828934;15750551;46302;0;0;0;15796853;38625787;55558761;46151988;0;-58286572;0;0;43424177;82049964;
4771;900348491;2019-12-31;2019;MILES;824;705728;59498;0;766050;0;0;2486750;2164996;0;4651746;5417796;100000;9134;0;0;97713;0;206847;0;4250088;0;0;0;4250088;4456935;50000;0;25000;885861;0;0;960861;5417796;
4772;900348491;2019-12-31;2018;MILES;807;305656;31926;0;338389;0;0;2633750;2159571;0;4793321;5131710;94575;8111;0;0;114552;0;217238;0;4100092;0;0;0;4100092;4317330;50000;0;13140;751240;0;0;814380;5131710;
4773;890900395;2019-12-31;2019;MILES;1676045;179800;27098662;21645916;50600423;2270181;0;0;226220;0;2496401;53096824;1100000;16950774;0;765913;1022464;2784980;22624131;0;0;101381;0;1020667;1122048;23746179;33030;0;575000;28521572;0;221043;29350645;53096824;
4774;890900395;2019-12-31;2018;MILES;1231721;318434;25049816;23272175;49872146;654714;0;0;79823;0;734537;50606683;0;21940244;0;557795;61942;2180458;24740439;1772222;0;0;0;0;1772222;26512661;31800;0;575000;23266179;0;221043;24094022;50606683;
4775;830074291;2019-12-31;2019;MILES;1969993;732101;5399272;983509;9084875;597709;0;0;401674;0;999383;10084258;605202;1639995;0;537315;52834;1059856;3895202;0;0;195793;0;0;195793;4090995;4515452;0;376472;1101339;0;0;5993263;10084258;
4776;830074291;2019-12-31;2018;MILES;2295504;1335723;2838079;833700;7303006;545015;0;0;231226;0;776241;8079247;461293;1421407;0;544861;70218;585041;3082820;0;0;0;0;0;0;3082820;4515452;0;376472;104503;0;0;4996427;8079247;
4777;800162991;2019-12-31;2019;MILES;45940;3225722;8646579;320126;12238367;16604857;0;0;67084;0;16671941;28910308;25290;4066911;0;692465;165550;353249;5303465;10726742;111935;1680458;0;0;12519135;17822600;2000000;0;156987;2432917;0;6497804;11087708;28910308;
4778;800162991;2019-12-31;2018;MILES;85920;3089878;8107100;88905;11371803;15312208;0;0;51554;0;15363762;26735565;16625;4093102;0;754369;94606;425300;5384002;8296913;189928;1537954;0;0;10024795;15408797;2000000;0;156987;2680887;0;6488894;11326768;26735565;
4779;805018495;2019-12-31;2019;MILES;3541500;35819807;49646412;4403825;93411544;17136793;0;0;16185188;0;33321981;126733525;26081592;63245086;0;1273640;101584;144091;90845993;9474435;7949649;2180716;0;0;19604800;110450793;8000000;247170;3474624;4560938;0;0;16282732;126733525;
4780;805018495;2019-12-31;2018;MILES;3000051;26201685;55651620;5293421;90146777;17289429;0;0;3373926;0;20663355;110810132;25954291;58786924;0;1117795;63329;95366;86017705;7601561;0;1749617;0;0;9351178;95368883;8000000;247170;2086412;5107667;0;0;15441249;110810132;
4781;830055791;2019-12-31;2019;MILES;1017392;28105075;47073261;4646386;80842114;6092980;773979;0;8651193;773979;16292131;97134245;2633262;20029000;7064354;3402891;11571285;2965313;47666105;78070;0;0;0;4494250;4572320;52238425;33553868;42601618;106712;-31366378;0;0;44895820;97134245;
4782;830055791;2019-12-31;2018;MILES;3675248;34046354;48023144;1071352;86816098;2103169;4206413;0;8827261;4206413;19343256;106159354;2658442;24361102;7269966;4343505;9223339;4731439;52587793;2317628;1746612;0;0;6310697;10374937;62962730;33553838;41905228;106712;-32369154;0;0;43196624;106159354;
4783;800215493;2019-12-31;2019;MILES;368264;22405;570154;83054;1043877;34838386;750000;0;1832749;750000;38171135;39215012;7605440;133893;0;0;27448;177482;7944263;1889035;1980410;21077;0;230000;4120522;12064785;1572000;0;32500;2232417;0;23313310;27150227;39215012;
4784;800215493;2019-12-31;2018;MILES;901667;1359248;4142153;1196307;7599375;35234884;772837;0;1223488;772837;38004046;45603421;11073040;773831;0;157982;2051919;361579;14418351;2978935;179528;26918;0;230000;3415381;17833732;1572000;0;32500;2851879;0;23313310;27769689;45603421;
4785;800215494;2019-12-31;2019;MILES;949158;686060;4325375;6828341;12788934;363302;8748953;0;-8714925;8748953;9146283;21935217;7135662;9647349;0;371731;669417;1199801;19023960;0;105515;0;0;0;105515;19129475;168000;0;111493;2498711;0;27538;2805742;21935217;
4786;800215494;2019-12-31;2018;MILES;1853184;762200;3786544;10477379;16879307;3354981;3687191;0;-3637145;3687191;7092218;23971525;7917615;7882362;0;276355;1464311;2054002;19594645;1654964;2597;222971;0;0;1880532;21475177;168000;0;50956;2249854;0;27538;2496348;23971525;
4787;900079790;2019-12-31;2019;MILES;13100729;127094;3650897;0;16878720;532443;0;221026664;0;0;221559107;238437827;0;1478033;0;148197;1815504;1511496;4953230;0;0;23797186;0;31150;23828336;28781566;392156;72136705;196079;136931321;0;0;209656261;238437827;
4788;900079790;2019-12-31;2018;MILES;16111324;750851;3963499;0;20825674;455386;0;174951759;0;0;175407145;196232819;0;2464898;0;159340;2582659;1476322;6683219;0;0;19027352;0;49550;19076902;25760121;392156;72136705;196079;97747758;0;0;170472698;196232819;
4789;860512699;2019-12-31;2019;MILES;6649646;538690;6121494;5236795;18546625;18470159;0;87396;1438565;0;19996120;38542745;2731;808214;1682999;455956;1114591;0;4064491;0;0;2277395;0;1991755;4269150;8333641;2000000;0;2111688;16786102;0;9311314;30209104;38542745;
4790;860512699;2019-12-31;2018;MILES;6256352;0;8158525;4443736;18858613;19027096;0;87396;69156;0;19183648;38042261;5561;1426919;1780885;421767;409742;0;4044874;0;0;2407046;0;1014222;3421268;7466142;2000000;0;2111688;17263181;0;9201250;30576119;38042261;
4791;811027587;2019-12-31;2019;MILES;85060;700789;1327096;864885;2977830;146462;0;2706640;2745;0;2855847;5833677;449998;2730225;0;59150;17804;0;3257177;0;0;0;0;359943;359943;3617120;886400;12149;0;1318008;0;0;2216557;5833677;
4792;811027587;2019-12-31;2018;MILES;26407;632105;1632503;873916;3164931;61896;0;2706640;3986;0;2772522;5937453;959;2659690;0;74340;28081;0;2763070;0;0;0;0;364347;364347;3127417;886400;12149;0;1911487;0;0;2810036;5937453;
4793;890103697;2019-12-31;2019;MILES;1328418;0;2180036;3321957;6830411;5682585;0;0;49441;0;5732026;12562437;1396435;3379827;0;312498;581772;0;5670532;2750144;0;0;0;0;2750144;8420676;1650000;0;384233;2107528;0;0;4141761;12562437;
4794;890103697;2019-12-31;2018;MILES;1054232;0;2285726;2999331;6339289;5626113;0;0;43414;0;5669527;12008816;1274243;3006170;0;323279;586530;0;5190222;2769857;0;0;0;0;2769857;7960079;1650000;0;384233;2014504;0;0;4048737;12008816;
4795;900196493;2019-12-31;2019;MILES;530696;2578035;25567498;2103015;30779244;132900227;0;0;0;0;132900227;163679471;9384676;4063364;95779;361948;581936;94347;14582050;46926392;0;4261399;0;0;51187791;65769841;500000;89800000;5489325;1816415;0;303890;97909630;163679471;
4796;900196493;2019-12-31;2018;MILES;1244469;1322379;27430646;2165027;32162521;142293327;0;0;0;0;142293327;174455848;1876935;5718520;35858;330753;1285741;130369;9378176;50645823;0;3762975;0;0;54408798;63786974;500000;89800000;5489325;14575659;0;303890;110668874;174455848;
4797;811003494;2019-12-31;2019;MILES;845489;625804;642808;286721;2400822;6352000;0;0;0;0;6352000;8752822;0;325489;338478;203620;0;60365;927952;0;0;674439;0;141606;816045;1743997;100000;0;100000;1743206;0;5065619;7008825;8752822;
4798;811003494;2019-12-31;2018;MILES;494428;919239;655481;346651;2415799;6585117;0;0;0;0;6585117;9000916;48487;123608;355315;190016;0;74027;791453;0;0;674439;0;162284;836723;1628176;100000;0;100000;2107121;0;5065619;7372740;9000916;
4799;901056494;2019-12-31;2019;MILES;2096551;1613010;741316;0;4450877;0;0;10450958;0;0;10450958;14901835;0;868804;0;0;0;0;868804;0;0;607579;0;0;607579;1476383;1000000;0;157044;12268408;0;0;13425452;14901835;
4800;901056494;2019-12-31;2018;MILES;2467738;6519;248335;0;2722592;0;0;10515052;0;0;10515052;13237644;0;786567;0;0;0;0;786567;0;0;707472;0;0;707472;1494039;1000000;0;157044;10586561;0;0;11743605;13237644;
4801;800016390;2019-12-31;2019;MILES;98863;7897857;1028797;93061;9118578;13965967;0;0;3184667;0;17150634;26269212;3579899;2656366;0;299593;0;4497667;11033525;0;5168514;1450623;0;0;6619137;17652662;1200000;1375000;57340;5984210;0;0;8616550;26269212;
4802;800016390;2019-12-31;2018;MILES;883635;3897630;1540535;83623;6405423;16254862;0;0;3047188;0;19302050;25707473;2707826;3159108;0;306162;0;2016024;8189120;0;6788141;2314819;0;0;9102960;17292080;1200000;1375000;57340;5783053;0;0;8415393;25707473;
4803;800169794;2019-12-31;2019;MILES;1283173;5549020;4969074;0;11801267;1188540;57228588;0;-57227588;57228588;58418128;70219395;561879;1063052;0;164697;815782;4069985;6675395;0;0;12021254;0;19329336;31350590;38025985;100000;0;1839;4633110;0;27458461;32193410;70219395;
4804;800169794;2019-12-31;2018;MILES;59211;1230695;7468557;0;8758463;1605759;27083195;0;-27083195;27083195;28688954;37447417;3663738;16015512;0;125972;331701;74380;20211303;1318706;0;0;84123;12475000;13877829;34089132;100000;0;1839;3256446;0;0;3358285;37447417;
4805;811005886;2019-12-31;2019;MILES;15742;0;176127;0;191869;1013031;0;0;187310;0;1200341;1392210;574228;2358570;0;79141;232257;140706;3384902;0;0;0;0;0;0;3384902;2212943;47833;0;-4253468;0;0;-1992692;1392210;
4806;811005886;2019-12-31;2018;MILES;823;0;111839;0;112662;1015329;0;0;261993;0;1277322;1389984;4474;1537754;30000;41450;550734;63500;2227912;0;0;0;0;0;0;2227912;2212943;47833;0;-3098704;0;0;-837928;1389984;
4807;800200493;2019-12-31;2019;MILES;3668700;2455207;9409619;4318432;19851958;764655;0;0;1067938;0;1832593;21684551;0;3133301;0;0;1159552;774891;5067744;10111887;0;2963859;0;0;13075746;18143490;1852000;0;1079758;609303;0;0;3541061;21684551;
4808;800200493;2019-12-31;2018;MILES;1551345;1997637;11000529;1400041;15949552;686035;0;0;0;0;686035;16635587;0;14714016;0;0;0;401004;15115020;0;0;0;0;0;0;15115020;1852000;0;1079758;-1411191;0;0;1520567;16635587;
4809;890804199;2019-12-31;2019;MILES;10065263;8864502;45215393;38985645;103130803;25503260;0;0;6999216;0;32502476;135633279;24123751;74392391;0;2839826;0;5714983;107070951;278798;0;0;0;300687;579485;107650436;15084703;12022910;7542351;-6667121;0;0;27982843;135633279;
4810;890804199;2019-12-31;2018;MILES;7688891;13127792;34814034;41549241;97179958;26968101;0;0;19416;0;26987517;124167475;37109672;62893723;0;2331898;0;4453657;106788950;508792;0;0;0;105609;614401;107403351;15084703;12022910;7542351;-17885840;0;0;16764124;124167475;
4811;900226684;2019-12-31;2019;MILES;422282;7502088;9162798;39600724;56687892;5043628;1516099;0;28027595;1516099;36103421;92791313;69390277;13550338;0;1170360;49495;0;84160470;0;0;0;0;0;0;84160470;240000;0;9890219;-1499376;0;0;8630843;92791313;
4812;900226684;2019-12-31;2018;MILES;4343534;5746206;11786502;54022312;75898554;4087513;1314844;0;20485618;1314844;27202819;103101373;84973058;18698203;0;1567836;357295;0;105596392;0;0;0;0;0;0;105596392;240000;0;58799;-2793818;0;0;-2495019;103101373;
4813;900408200;2019-12-31;2019;MILES;53984;213080;1330706;0;1597770;11979;6716;500000;4427928;6716;4953339;6551109;1635604;948664;0;112301;53568;1734;2751871;0;0;1406831;0;0;1406831;4158702;600000;0;212842;1579565;0;0;2392407;6551109;
4814;900408200;2019-12-31;2018;MILES;94148;321870;1632554;0;2048572;11979;6716;500000;8427928;6716;8953339;11001911;4690550;2484715;0;102415;26504;6869;7311053;0;0;1406831;0;0;1406831;8717884;600000;0;212842;1471185;0;0;2284027;11001911;
4815;900361697;2019-12-31;2019;MILES;1066736;10245439;68930393;24392125;104634693;246227747;0;0;5201461;0;251429208;356063901;96941;46502357;0;1888923;10678777;0;59166998;0;184813508;0;0;0;184813508;243980506;583671;0;0;44445532;0;67054192;112083395;356063901;
4816;900361697;2019-12-31;2018;MILES;1324559;4534553;33569216;30410966;69839294;252717371;0;0;5077442;0;257794813;327634107;4654353;43620398;0;1794585;884439;0;50953775;0;190339603;0;0;0;190339603;241293378;583671;0;0;37337447;0;48419611;86340729;327634107;
4817;800179674;2019-12-31;2019;MILES;3372;10328;63671;0;77371;1345317;0;0;0;0;1345317;1422688;0;95300;0;0;24431;0;119731;0;0;0;0;0;0;119731;260000;0;194725;-34201;0;882433;1302957;1422688;
4818;800179674;2019-12-31;2018;MILES;4783;14886;60299;0;79968;1307895;0;0;2864;0;1310759;1390727;0;34847;0;0;10690;0;45537;0;0;47238;0;0;47238;92775;200000;0;190019;26405;0;881528;1297952;1390727;
4819;900215394;2019-12-31;2019;MILES;895829;2035609;3660936;2257412;8849786;40886862;0;0;1368279;0;42255141;51104927;52431;3961573;0;0;2105898;0;6119902;6242592;8312988;19561;0;354445;14929586;21049488;5000000;0;1574236;7650576;0;15830627;30055439;51104927;
4820;900215394;2019-12-31;2018;MILES;977058;1501346;3271049;1593140;7342593;39683559;0;0;662151;0;40345710;47688303;183371;1440587;0;0;1865033;0;3488991;7505312;9845206;791525;0;288618;18430661;21919652;5000000;0;1311184;3626840;0;15830627;25768651;47688303;
4821;830136200;2019-12-31;2019;MILES;49454;0;4424717;500751;4974922;1551114;0;0;1706628;0;3257742;8232664;224546;2339140;0;0;1141654;0;3705340;2470011;0;0;0;218646;2688657;6393997;1406552;518705;113488;-200078;0;0;1838667;8232664;
4822;830136200;2019-12-31;2018;MILES;193573;0;3067253;276935;3537761;1499980;0;0;0;0;1499980;5037741;117171;1913473;0;0;585646;0;2616290;1288883;0;0;0;0;1288883;3905173;1125241;0;66742;-59415;0;0;1132568;5037741;
4823;800103052;2019-12-31;2019;MILES;101451938;133267854;789457737;4378206;1028555735;25344904;42689;0;30723406;42689;56153688;1084709423;0;76276474;417276;29384547;2230426;302986350;411295073;0;605112570;0;0;12095796;617208366;1028503439;10805376;0;5402689;21781674;0;18216245;56205984;1084709423;
4824;800103052;2019-12-31;2018;MILES;68348469;37704581;301310278;4815025;412178353;17618284;71060;0;23431569;71060;41191973;453370326;0;87118712;304811;22128348;4478524;261261524;375291919;0;0;0;0;11636570;11636570;386928489;10805376;0;5402689;37643667;0;12590105;66441837;453370326;
4825;800121199;2019-12-31;2019;MILES;1568774;0;14598233;38097608;54264615;12197256;0;0;200940;0;12398196;66662811;12188925;34328675;0;0;1370577;567681;48455858;0;0;582169;0;0;582169;49038027;1000000;0;612016;16012768;0;0;17624784;66662811;
4826;800121199;2019-12-31;2018;MILES;1885459;0;14549897;31186392;47621748;4349285;0;0;219990;0;4569275;52191023;8828325;24711302;0;0;1890438;461495;35891560;0;0;582168;0;0;582168;36473728;1000000;0;612016;14105279;0;0;15717295;52191023;
4827;800199498;2019-12-31;2019;MILES;187012;221390;890088;869137;2167627;1402362;0;0;510793;0;1913155;4080782;63968;824431;0;0;186035;0;1074434;864609;0;71489;0;18221;954319;2028753;1202680;0;151848;351561;0;345940;2052029;4080782;
4828;800199498;2019-12-31;2018;MILES;168002;745899;754961;938472;2607334;980635;0;0;273906;0;1254541;3861875;74792;1022436;0;0;317429;0;1414657;329348;0;73655;0;29770;432773;1847430;1202680;0;132261;333564;0;345940;2014445;3861875;
4829;900808498;2019-12-31;2019;MILES;1091648;617273;55190;0;1764111;11778;0;0;0;0;11778;1775889;0;1131103;0;10087;147101;0;1288291;0;0;0;0;0;0;1288291;30000;0;45263;-7719502;0;8131837;487598;1775889;
4830;900808498;2019-12-31;2018;MILES;3276195;408800;1835381;65724940;71245316;0;0;0;4459220;0;4459220;75704536;0;82099434;0;11834;42930;0;82154198;0;0;0;0;0;0;82154198;30000;0;0;-8293717;0;1814055;-6449662;75704536;
4831;811017000;2019-12-31;2019;MILES;11802910;9217528;48258032;102080777;171359247;36546739;15000;2174786;29589193;15000;68340718;239699965;0;100196042;1619901;11485618;7684093;15722327;136707981;0;0;0;0;20203600;20203600;156911581;12750000;0;342857;69695527;0;0;82788384;239699965;
4832;811017000;2019-12-31;2018;MILES;9116470;2778602;43988988;82134762;138018822;42983777;0;2174786;8270619;0;53429182;191448004;0;118307858;0;11313230;3498928;14538020;147658036;0;0;0;0;0;0;147658036;12750000;0;342857;30697111;0;0;43789968;191448004;
4833;900327624;2019-12-31;2019;MILES;582648;7773255;27713619;410872;36480394;62590589;0;0;49292;0;62639881;99120275;2022703;2257258;1103082;1028045;1221218;819409;8451715;11130123;19292615;2670944;4283461;1634393;39011536;47463251;12397822;0;511440;38747762;0;0;51657024;99120275;
4834;900327624;2019-12-31;2018;MILES;71749;7513745;28549106;654951;36789551;64926218;0;0;115171;0;65041389;101830940;816789;5486495;2857511;197816;353726;0;9712337;14077225;20481515;2670944;4283461;2390558;43903703;53616040;9288721;0;511440;38414739;0;0;48214900;101830940;
4835;900831600;2019-12-31;2019;MILES;5879054;144;0;0;5879198;0;2110095;0;60998742;2110095;65218932;71098130;0;10439406;0;0;0;0;10439406;28370149;0;0;0;319670;28689819;39129225;2817;32141342;0;-175254;0;0;31968905;71098130;
4836;900831600;2019-12-31;2018;MILES;8008;144;0;0;8152;0;0;0;38944381;0;38944381;38952533;241;6839;0;0;728;0;7808;6378750;0;1097741;0;0;7476491;7484299;2817;26781610;0;4683807;0;0;31468234;38952533;
4837;800216499;2019-12-31;2019;MILES;16273272;9737000;48939315;147227526;222177113;30753361;0;0;25722515;0;56475876;278652989;67106203;101983747;8764818;1148142;11662826;2549006;193214742;13844893;0;1249198;0;17156917;32251008;225465750;10771897;25318560;800079;16296703;0;0;53187239;278652989;
4838;800216499;2019-12-31;2018;MILES;4529813;8194672;49783866;111357233;173865584;27846707;0;0;0;0;27846707;201712291;67558417;61672899;0;977486;9668590;2091109;141968501;12461707;0;1169991;0;0;13631698;155600199;10771897;25318560;800079;9221556;0;0;46112092;201712291;
4839;900670296;2019-12-31;2019;MILES;66421;37096;1133287;0;1236804;0;9925154;71717815;-5091032;9925154;86477091;87713895;126114;357669;0;0;62246;0;546029;0;711465;5469326;0;0;6180791;6726820;1000000;21001000;500000;58486075;0;0;80987075;87713895;
4840;900670296;2019-12-31;2018;MILES;223574;0;661651;0;885225;0;4992992;46536547;1639376;4992992;58161907;59047132;227835;194841;0;0;356689;0;779365;0;0;2417916;0;0;2417916;3197281;1000000;21001000;0;33848851;0;0;55849851;59047132;
4841;890900098;2019-12-31;2019;MILES;2156289;5457886;40390840;48201491;96206506;8057139;405108;0;29369137;405108;38236492;134442998;20040605;31876008;0;1416879;4374027;1662398;59369917;34749777;0;666682;0;2370540;37786999;97156916;15188230;0;30140940;-8043088;0;0;37286082;134442998;
4842;890900098;2019-12-31;2018;MILES;2315524;4209731;38746536;38437969;83709760;8418666;199114;0;4172065;199114;12988959;96698719;16983411;26553115;0;1510949;3488945;1478544;50014964;5242219;0;917069;0;2405888;8565176;58580140;15188230;0;27271548;-4341199;0;0;38118579;96698719;
4843;890909099;2019-12-31;2019;MILES;361644;89746;3122631;0;3574021;933323;0;0;1271289;0;2204612;5778633;21179;2895098;0;0;0;0;2916277;727165;0;0;0;0;727165;3643442;1000000;0;259792;690412;0;184987;2135191;5778633;
4844;890909099;2019-12-31;2018;MILES;714165;109855;3664634;0;4488654;910963;0;0;362401;0;1273364;5762018;21473;3402012;0;0;0;0;3423485;114188;0;0;0;0;114188;3537673;1000000;0;259792;737861;0;226692;2224345;5762018;
4845;900754300;2019-12-31;2019;MILES;6650262;148115;2973896;8757861;18530134;59435235;0;0;3053928;0;62489163;81019297;216253;3130720;0;0;393095;0;3740068;634956;0;755760;0;0;1390716;5130784;29345120;89452683;0;-42909290;0;0;75888513;81019297;
4846;900754300;2019-12-31;2018;MILES;3075017;124535;444872;201483;3845907;38039391;0;0;1843293;0;39882684;43728591;6259;1945848;0;0;139301;0;2091408;0;0;0;0;0;0;2091408;19778700;45982870;0;-24124387;0;0;41637183;43728591;
4847;830062000;2019-12-31;2019;MILES;7188601;5965379;16918461;0;30072441;206720;559483;0;-279323;559483;1046363;31118804;231113;2015037;0;0;0;30693;2276843;0;1623914;0;0;346666;1970580;4247423;5497874;55379315;10177869;-44183677;0;0;26871381;31118804;
4848;830062000;2019-12-31;2018;MILES;9221590;7477399;16848768;0;33547757;212621;93541;0;2925;93541;402628;33950385;0;15708062;0;0;3332;212;15711606;102864;2330087;0;0;339666;2772617;18484223;5497874;55379315;10177869;-55588896;0;0;15466162;33950385;
4849;900249297;2019-12-31;2019;MILES;74225;28212599;14999190;0;43286014;3984639;82177;0;9655039;82177;13804032;57090046;11286623;4104557;0;9694433;0;8122802;33208415;7302131;0;0;0;0;7302131;40510546;1500000;0;12270180;2809320;0;0;16579500;57090046;
4850;900249297;2019-12-31;2018;MILES;12742823;13062028;2099994;0;27904845;2820345;159429;0;795031;159429;3934234;31839079;1002436;3041804;0;7545160;0;6296790;17886190;194799;0;0;0;0;194799;18080989;1500000;0;8600429;3657661;0;0;13758090;31839079;
4851;901039796;2019-12-31;2019;MILES;1106132;51686;221890;2958497;4338205;0;0;0;0;0;0;4338205;1250000;318275;0;0;7099;2448390;4023764;0;199824;0;0;0;199824;4223588;50000;0;0;64617;0;0;114617;4338205;
4852;901039796;2019-12-31;2018;MILES;2910518;96430;37331;3643830;6688109;0;0;0;0;0;0;6688109;0;194349;0;3340;29339;0;227028;0;504500;0;0;5852009;6356509;6583537;50000;0;0;54572;0;0;104572;6688109;
4853;813000898;2019-12-31;2019;MILES;68527;251094;1288515;559076;2167212;22723763;26472854;9649686;-20027845;26472854;65291312;67458524;37175;653678;0;149134;42690;315747;1198424;44342017;17193395;1835438;0;337799;63708649;64907073;6000000;0;602296;-22430901;0;18380056;2551451;67458524;
4854;813000898;2019-12-31;2018;MILES;858255;185922;1381334;635899;3061410;22275867;26638907;9649686;-20208275;26638907;64995092;68056502;0;555963;0;101242;47440;154979;859624;44450428;17199957;1784417;0;881504;64316306;65175930;6000000;0;602296;-21490733;0;17769009;2880572;68056502;
4855;800004599;2019-12-31;2019;MILES;340487;3923150;8129363;9395815;21788815;22364191;0;0;44152;0;22408343;44197158;4037702;8942723;0;509733;310023;1307003;15107184;4648611;1708;1560872;0;0;6211191;21318375;1033000;0;198017;7882191;0;13765575;22878783;44197158;
4856;800004599;2019-12-31;2018;MILES;531076;3867354;8507842;11522894;24429166;19441589;0;1293876;50361;0;20785826;45214992;4415698;10678053;0;438926;252772;1080368;16865817;3532733;0;1596455;0;0;5129188;21995005;1033000;0;198017;8223396;0;13765574;23219987;45214992;
4857;900658497;2019-12-31;2019;MILES;17799031;17902192;55952549;39457909;131111681;13946460;3608108;0;-517526;3608108;20645150;151756831;2958247;38374369;0;3413972;1645834;23702;46416124;74570241;0;0;0;0;74570241;120986365;5000000;26681960;0;-5022898;0;4111404;30770466;151756831;
4858;900658497;2019-12-31;2018;MILES;18260067;14546433;35783283;31580374;100170157;3849740;2750222;0;507176;2750222;9857360;110027517;1149416;22593668;0;3375678;2675361;133;29794256;51620236;0;0;0;0;51620236;81414492;5000000;26681960;0;-6394537;0;3325602;28613025;110027517;
4859;901164399;2019-12-31;2019;MILES;2619052;5026652;157817;57589469;65392990;0;0;0;920785;0;920785;66313775;1648994;2741739;0;25762;162379;0;4578874;0;25577357;0;0;0;25577357;30156231;562000;0;0;-2877386;0;38472930;36157544;66313775;
4860;901164399;2019-12-31;2018;MILES;2908123;21054;0;58620834;61550011;0;0;0;316655;0;316655;61866666;1000000;4974541;0;45910;11018;0;6031469;0;22371213;0;0;0;22371213;28402682;562000;0;0;-879266;0;33781250;33463984;61866666;
4861;900597097;2019-12-31;2019;MILES;4780288;3117589;10232075;7666297;25796249;187327;0;0;0;0;187327;25983576;33958;15600944;75744;100072;0;23597;15834315;143102;0;0;0;0;143102;15977417;8563000;0;151589;1245516;0;46054;10006159;25983576;
4862;900597097;2019-12-31;2018;MILES;2001456;3042458;11242316;15856592;32142822;17174;0;0;943031;0;960205;33103027;0;22518311;0;106616;317836;50451;22993214;0;0;0;0;0;0;22993214;8563000;0;102150;1444663;0;0;10109813;33103027;
4863;805028697;2019-12-31;2019;MILES;951839;856685;2374807;7440887;11624218;859322;0;0;89837;0;949159;12573377;1554727;6866990;0;0;0;0;8421717;0;0;0;0;0;0;8421717;141510;0;3627817;382333;0;0;4151660;12573377;
4864;805028697;2019-12-31;2018;MILES;725217;674313;2901632;8189360;12490522;951246;0;0;61744;0;1012990;13503512;0;7344477;0;0;2028495;0;9372972;0;0;0;0;0;0;9372972;141510;0;3627817;361213;0;0;4130540;13503512;
4865;890911899;2019-12-31;2019;MILES;700372;3836563;4254106;4778081;13569122;16691120;0;0;77973123;0;94664243;108233365;1200000;4135204;0;0;22501;428962;5786667;598963;0;9225549;0;402961;10227473;16014140;216000;169920;79650575;12182730;0;0;92219225;108233365;
4866;890911899;2019-12-31;2018;MILES;519262;3273292;3593988;5662664;13049206;16476710;0;0;66275148;0;82751858;95801064;2300000;3037678;0;0;19667;386220;5743565;0;0;8232319;0;367040;8599359;14342924;216000;169920;67171597;13900623;0;0;81458140;95801064;
4867;860533798;2019-12-31;2019;MILES;26877;210308;2031641;796272;3065098;1960882;1221732;0;-1159147;1221732;3245199;6310297;524634;1450462;5781;0;128449;213366;2322692;2706884;0;0;0;0;2706884;5029576;950000;400000;427730;-497009;0;0;1280721;6310297;
4868;860533798;2019-12-31;2018;MILES;103111;299630;2138248;860257;3401246;1957702;1221732;0;-1159748;1221732;3241418;6642664;668456;1650625;872;0;142148;207968;2670069;2938695;0;0;0;0;2938695;5608764;950000;400000;427730;-743830;0;0;1033900;6642664;
4869;900319696;2019-12-31;2019;MILES;3711468;12995977;17789309;0;34496754;64469376;0;0;21728242;0;86197618;120694372;5474683;11413031;0;0;0;4062;16891776;37851031;48572775;17509711;0;0;103933517;120825293;116460;949266;0;-1196647;0;0;-130921;120694372;
4870;900319696;2019-12-31;2018;MILES;2216810;10814085;13036439;0;26067334;22488589;0;0;1607839;0;24096428;50163762;4776261;7965302;0;0;714856;122113;13578532;35295869;0;0;0;0;35295869;48874401;116460;949266;0;223635;0;0;1289361;50163762;
4871;890907797;2019-12-31;2019;MILES;262921;9636041;9513350;4568165;23980477;34523455;0;0;8658168;0;43181623;67162100;7721449;14130250;0;735663;2124141;1502790;26214293;8597842;0;2697242;0;0;11295084;37509377;2750000;0;3533128;23369595;0;0;29652723;67162100;
4872;890907797;2019-12-31;2018;MILES;145986;7060232;8067521;3397266;18671005;32163014;0;0;6618603;0;38781617;57452622;6787850;9131320;0;648914;2198629;1750859;20517572;8093245;0;3113879;0;0;11207124;31724696;2750000;0;3012746;19965180;0;0;25727926;57452622;
4873;811032699;2019-12-31;2019;MILES;767755;374814;14137097;3077175;18356841;18880630;1150000;0;-1131770;1150000;20048860;38405701;14680795;4326167;0;46527;903965;854747;20812201;0;0;0;0;4698057;4698057;25510258;1000000;0;507512;9596787;0;1791144;12895443;38405701;
4874;811032699;2019-12-31;2018;MILES;429340;416297;12185800;4498577;17530014;18962157;1150000;0;-971075;1150000;20291082;37821096;15451100;7822261;0;53525;222087;524257;24073230;0;0;0;0;3460203;3460203;27533433;1000000;0;507512;6989007;0;1791144;10287663;37821096;
4875;811032797;2019-12-31;2019;MILES;685533;559483;11226420;2091697;14563133;4982806;0;0;372092;0;5354898;19918031;0;622591;0;0;110607;507563;1240761;0;0;1362275;0;0;1362275;2603036;450000;5868656;0;10996339;0;0;17314995;19918031;
4876;811032797;2019-12-31;2018;MILES;1169247;897415;9528114;2528456;14123232;5953969;0;0;777731;0;6731700;20854932;0;1048748;0;0;307180;611397;1967325;0;0;1648208;0;0;1648208;3615533;450000;5868656;0;10920743;0;0;17239399;20854932;
4877;800215496;2019-12-31;2019;MILES;417492;380910;1063398;2661891;4523691;30396881;466141;0;-416885;466141;30912278;35435969;7118569;4158175;0;219629;429136;340819;12266328;2423111;2943067;416524;0;0;5782702;18049030;3274000;0;67584;-1675249;0;15720604;17386939;35435969;
4878;800215496;2019-12-31;2018;MILES;1203256;738509;848653;2868287;5658705;10528702;359196;0;-318129;359196;10928965;16587670;2395546;5368889;0;171049;920305;217990;9073779;661984;4808366;321974;0;0;5792324;14866103;3274000;0;67584;-1620017;0;0;1721567;16587670;
4879;900925798;2019-12-31;2019;MILES;11178104;3283872;268578;0;14730554;0;0;0;0;0;0;14730554;0;2519586;0;0;3184;0;2522770;0;0;0;0;0;0;2522770;20401085;0;0;-8193301;0;0;12207784;14730554;
4880;900925798;2019-12-31;2018;MILES;3642904;11477146;984500;0;16104550;0;0;0;0;0;0;16104550;0;3550375;0;48613;1061;0;3600049;0;0;0;0;0;0;3600049;16938000;0;0;-4433499;0;0;12504501;16104550;
4881;900896197;2019-12-31;2019;MILES;1738841;4910589;21128509;16152530;43930469;2493547;0;0;1327587;0;3821134;47751603;20654479;17002983;42136;296674;1693501;0;39689773;0;0;106060;0;0;106060;39795833;1367931;11411384;0;-4823545;0;0;7955770;47751603;
4882;900896197;2019-12-31;2018;MILES;1796504;5246678;16316555;17619222;40978959;2003297;0;0;192632;0;2195929;43174888;22135811;16116838;15486;180783;489906;0;38938824;0;0;0;0;0;0;38938824;1367931;11411384;0;-8543251;0;0;4236064;43174888;
4883;860001899;2019-12-31;2019;MILES;2168858;0;69487589;75368499;147024946;199298586;10567577;0;55718630;10567577;276152370;423177316;7861504;83697267;0;1647367;1091548;4838305;99135991;74984311;36085891;0;0;0;111070202;210206193;30565294;330794940;50000;-189910732;0;41471621;212971123;423177316;
4884;860001899;2019-12-31;2018;MILES;1523633;0;48166889;82789513;132480035;201520751;36433517;0;29776057;36433517;304163842;436643877;6827021;71628241;0;1490782;2339046;5944098;88229188;82292397;40864971;0;0;0;123157368;211386556;30565294;330794940;50000;-177624534;0;41471621;225257321;436643877;
4885;900911000;2019-12-31;2019;MILES;911096;2279623;23872517;20610839;47674075;970880;0;0;2448553;0;3419433;51093508;28645808;10983257;0;604754;0;3714683;43948502;890250;0;0;0;0;890250;44838752;380000;0;0;5495795;0;378961;6254756;51093508;
4886;900911000;2019-12-31;2018;MILES;472151;5092433;22295065;16114876;43974525;1232566;0;0;2765991;0;3998557;47973082;26343499;9493217;0;551314;2138855;2736265;41263150;1301059;0;0;0;0;1301059;42564209;380000;0;0;4649912;0;378961;5408873;47973082;
4887;900896300;2019-12-31;2019;MILES;7514875;5357156;26729576;10124499;49726106;65605851;0;0;18075120;0;83680971;133407077;10597363;44956739;359081;673430;8103102;0;64689715;26259153;6672259;4111973;0;0;37043385;101733100;44000000;11815147;1600383;-25741553;0;0;31673977;133407077;
4888;900896300;2019-12-31;2018;MILES;4209270;4152378;20099460;9297367;37758475;64763225;0;0;18857535;0;83620760;121379235;7625321;40029418;120920;597226;4478356;0;52851241;29409910;7242756;3744621;0;0;40397287;93248528;40000000;0;1600383;-13469676;0;0;28130707;121379235;
4889;860005396;2019-12-31;2019;MILES;31560879;2725130;35962555;12473744;82722308;2986450;0;0;7009893;0;9996343;92718651;25856097;26508442;396335;4840211;0;3773460;61374545;2365682;0;0;0;2670338;5036020;66410565;6168190;87261195;691772;-67845294;0;32223;26308086;92718651;
4890;860005396;2019-12-31;2018;MILES;28018612;531744;22614077;6502346;57666779;287063;0;0;6610703;0;6897766;64564545;10315304;16213202;304811;3018470;0;1629050;31480837;410576;0;0;0;2699231;3109807;34590644;6168190;87261195;1190959;-64646443;0;0;29973901;64564545;
4891;900084999;2019-12-31;2019;MILES;445818;1212445;3895486;2867370;8421119;5495546;0;0;2068923;0;7564469;15985588;2167231;1970641;49559;184016;822646;50134;5244227;4797091;0;2002938;0;0;6800029;12044256;1981668;7376801;135315;-5552452;0;0;3941332;15985588;
4892;900084999;2019-12-31;2018;MILES;1407087;1367566;3160003;2718631;8653287;2850629;0;0;1931952;0;4782581;13435868;425842;2630704;93520;170949;1041693;51838;4414546;3526111;0;1843446;0;0;5369557;9784103;1981668;7376801;135315;-5842019;0;0;3651765;13435868;
4893;800167200;2019-12-31;2019;MILES;1703826;3858517;28143869;11440630;45146842;34518994;0;0;598329;0;35117323;80264165;19139113;9676191;0;761669;1911870;0;31488843;7236517;0;143153;0;0;7379670;38868513;1440000;0;833274;39122378;0;0;41395652;80264165;
4894;800167200;2019-12-31;2018;MILES;1120071;3051959;28183821;13689690;46045541;34084255;0;0;3540655;0;37624910;83670451;19660047;10753728;0;823561;1571942;0;32809278;9946445;0;742747;0;0;10689192;43498470;1440000;0;833274;37898707;0;0;40171981;83670451;
4895;900978853;2019-12-31;2019;MILES;282307;965205;10797262;19522653;31567427;0;0;0;0;0;0;31567427;11666049;4087872;1110071;60367;116946;14407646;31448951;0;0;0;0;0;0;31448951;200000;0;0;-81524;0;0;118476;31567427;
4896;900978853;2019-12-31;2018;MILES;1196036;1623940;6716489;4125456;13661921;0;0;0;1271;0;1271;13663192;0;966640;1829517;24796;20238;10618708;13459899;0;0;0;0;0;0;13459899;200000;0;0;3293;0;0;203293;13663192;
4897;891702598;2019-12-31;2019;MILES;53922;1540342;9871341;0;11465605;175815;245397;0;3180039;245397;3846648;15312253;0;3349494;301600;692977;37696;18485;4400252;0;0;110910;0;340417;451327;4851579;1308350;0;654175;8498149;0;0;10460674;15312253;
4898;891702598;2019-12-31;2018;MILES;33233;818210;8315712;0;9167155;182323;217079;0;3132212;217079;3748693;12915848;0;2671402;0;45000;115101;15687;2847190;0;0;110910;0;60715;171625;3018815;1308350;0;654175;7934508;0;0;9897033;12915848;
4899;890105500;2019-12-31;2019;MILES;11747;390793;706086;412915;1521541;41922347;3469338;0;18480426;3469338;67341449;68862990;4474358;2591012;0;924614;211640;59999;8261623;12632407;43177;8762655;0;0;21438239;29699862;600000;0;-19303;-2843983;0;41426414;39163128;68862990;
4900;890105500;2019-12-31;2018;MILES;12594;351224;612277;254805;1230900;42322497;3468043;0;17291377;3468043;66549960;67780860;2834957;2445956;0;889290;150683;350000;6670886;11140388;16029;9221000;0;0;20377417;27048303;600000;0;0;-1773893;0;41906450;40732557;67780860;
4901;900477898;2019-12-31;2019;MILES;642105;257498;861005;136518;1897126;16842282;0;0;0;0;16842282;18739408;0;2610258;1595716;0;0;0;4205974;0;0;0;0;5979801;5979801;10185775;10000;0;0;-67861813;0;76405446;8553633;18739408;
4902;900477898;2019-12-31;2018;MILES;358257;94676;18460;127944;599337;18265304;0;0;0;0;18265304;18864641;0;2588827;658701;0;564879;0;3812407;0;0;0;0;7366946;7366946;11179353;10000;0;0;-66894298;0;74569586;7685288;18864641;
4903;830511597;2019-12-31;2019;MILES;3116153;1108306;5147017;0;9371476;1188138;0;0;2668612;0;3856750;13228226;184661;375716;1222727;773448;1159379;127433;3843364;0;0;0;0;1471854;1471854;5315218;976147;0;317631;1178512;0;5440718;7913008;13228226;
4904;830511597;2019-12-31;2018;MILES;2784168;68246;4979729;0;7832143;1112267;0;0;1062046;0;2174313;10006456;0;1024132;615835;478631;1285702;37050;3441350;0;0;0;0;0;0;3441350;976147;0;317631;-169390;0;5440718;6565106;10006456;
4905;860070698;2019-12-31;2019;MILES;7244360;7455352;25952086;18805337;59457135;10661777;143334561;0;-115229284;143334561;182101615;241558750;1901147;15595684;1191339;844515;4948439;767;24481891;3889277;0;1797239;0;0;5686516;30168407;4859928;2631680;186659081;17239654;0;0;211390343;241558750;
4906;860070698;2019-12-31;2018;MILES;5393042;4435199;28799078;26987543;65614862;6744152;151317241;0;-127157709;151317241;182220925;247835787;1419352;36570605;1670918;1154319;3712780;26007;44553981;0;0;1508702;0;0;1508702;46062683;4859928;2631680;170077842;24203654;0;0;201773104;247835787;
4907;805026800;2019-12-31;2019;MILES;68873;0;2448076;849625;3366574;874843;0;0;27344;0;902187;4268761;0;621762;0;53208;5787;0;680757;1217817;0;81653;0;0;1299470;1980227;150000;0;150853;1987681;0;0;2288534;4268761;
4908;805026800;2019-12-31;2018;MILES;113171;0;3997526;1113223;5223920;897641;0;0;27344;0;924985;6148905;13891;1670159;0;89711;240810;0;2014571;1836208;0;81653;0;0;1917861;3932432;150000;0;150853;1915620;0;0;2216473;6148905;
4909;900156499;2019-12-31;2019;MILES;13822525;46208;16104625;22066712;52040070;2312687;918783;0;4275476;918783;8425729;60465799;0;14902999;0;658739;3956000;387834;19905572;0;7429;0;0;8306476;8313905;28219477;321933;25091869;881103;5951417;0;0;32246322;60465799;
4910;900156499;2019-12-31;2018;MILES;12923029;145128;13111227;25516680;51696064;910479;1091701;0;461837;1091701;3555718;55251782;0;8529292;0;591213;636014;1072270;10828789;0;0;0;0;7919495;7919495;18748284;321933;25091869;881103;10208593;0;0;36503498;55251782;
4911;901137699;2019-12-31;2019;MILES;17275325;7343188;1336364;70589907;96544784;39896189;0;0;53895958;0;93792147;190336931;13643783;117406661;0;0;5360064;0;136410508;42250540;934980;0;0;0;43185520;179596028;7628310;0;0;3112593;0;0;10740903;190336931;
4912;901137699;2019-12-31;2018;MILES;5961727;2085707;3201222;25911975;37160631;10938147;0;0;13536892;0;24475039;61635670;3123258;46188529;0;0;178901;0;49490688;9656028;0;0;0;0;9656028;59146716;7628310;0;0;-5139356;0;0;2488954;61635670;
4913;900430438;2019-12-31;2019;MILES;57;0;146065;0;146122;0;0;0;0;0;0;146122;0;323037;0;0;2036;1274804;1599877;0;0;0;0;0;0;1599877;52107;0;0;-1595062;0;89200;-1453755;146122;
4914;900430438;2019-12-31;2018;MILES;57;0;146065;0;146122;0;0;0;0;0;0;146122;0;323037;0;0;2036;1274804;1599877;0;0;0;0;0;0;1599877;52107;0;0;-1595062;0;89200;-1453755;146122;
4915;890800999;2019-12-31;2019;MILES;1832924;2884404;4111529;3553244;12382101;4587469;4206382;0;-3768637;4206382;9231596;21613697;848184;5905892;0;0;0;0;6754076;5140844;0;1080076;0;0;6220920;12974996;3827992;0;1012685;3798024;0;0;8638701;21613697;
4916;890800999;2019-12-31;2018;MILES;334039;2819742;3577255;3665465;10396501;4726303;5281559;0;-5281559;5281559;10007862;20404363;3021693;2234058;0;0;21453;2177662;7454866;3238616;0;1166826;0;0;4405442;11860308;3727992;0;1342210;3473853;0;0;8544055;20404363;
4917;860041899;2019-12-31;2019;MILES;111558;0;3476100;2229433;5817091;8523878;0;0;9901702;0;18425580;24242671;4640853;2585674;0;266073;132745;0;7625345;0;0;572207;0;0;572207;8197552;1200000;0;1409088;13436031;0;0;16045119;24242671;
4918;860041899;2019-12-31;2018;MILES;86725;0;3927802;2206866;6221393;8878412;0;8188102;94414;0;17160928;23382321;3176531;1893969;0;180263;239019;23869;5513651;221335;0;318180;0;0;539515;6053166;1200000;0;1409088;14720067;0;0;17329155;23382321;
4919;900076998;2019-12-31;2019;MILES;314642;5441955;104423455;0;110180052;28733;0;0;285443;0;314176;110494228;0;7346380;0;2593593;6316942;0;16256915;0;0;0;0;201128;201128;16458043;81994;0;41325;93912209;0;657;94036185;110494228;
4920;900076998;2019-12-31;2018;MILES;500423;4503648;70012700;0;75016771;55172;0;0;21419;0;76591;75093362;0;5444414;0;1897810;3692203;0;11034427;0;0;0;1029198;0;1029198;12063625;81994;0;41325;62905761;0;657;63029737;75093362;
4921;900989399;2019-12-31;2019;MILES;20954642;16957079;5797595;0;43709316;186738771;31201253;0;350097743;31201253;599239020;642948336;10288589;6751849;3937102;1033248;3738693;12913146;38662627;518794533;200541389;0;0;18573152;737909074;776571701;100000;11900000;0;-145623365;0;0;-133623365;642948336;
4922;900989399;2019-12-31;2018;MILES;4561783;627914;14110294;0;19299991;84738832;23682314;0;-23682314;23682314;108421146;127721137;879806;12314116;0;514185;2086854;5745472;21540433;25375061;110035250;0;0;10679803;146090114;167630547;100000;11900000;0;-51909410;0;0;-39909410;127721137;
4923;900429498;2019-12-31;2019;MILES;500;116652;1857207;48128;2022487;19929360;5628969;0;-5539036;5628969;25648262;27670749;336348;659969;0;110352;575486;0;1682155;61221;7380714;19567;0;0;7461502;9143657;14800000;8200452;0;-4473360;0;0;18527092;27670749;
4924;900429498;2019-12-31;2018;MILES;6354;159651;1765206;647901;2579112;20549096;4804714;0;-4803733;4804714;25354791;27933903;441198;1024645;82351;0;165103;0;1713297;0;7687959;21723;0;0;7709682;9422979;14800000;8200452;0;-4489528;0;0;18510924;27933903;
4925;900283099;2019-12-31;2019;MILES;621;1895;11198;0;13714;12871;36;0;-36;36;12907;26621;660;186;0;0;0;231;1077;0;482;635;0;0;1117;2194;16950;0;4619;545;0;2313;24427;26621;
4926;900283099;2019-12-31;2018;MILES;528;3942;5255;11006;20731;12838;198;0;1929;198;15163;35894;6094;2920;0;241;0;2078;11333;0;623;516;0;0;1139;12472;16950;0;1231;2971;0;2270;23422;35894;
4927;800026696;2019-12-31;2019;MILES;10421734;89665;17304866;0;27816265;3154138;991399;0;-944908;991399;4192028;32008293;0;701675;0;0;262100;23100219;24063994;0;4507283;0;0;0;4507283;28571277;2485190;0;300132;489972;0;161722;3437016;32008293;
4928;800026696;2019-12-31;2018;MILES;10463907;3670;17555837;0;28023414;3201118;471450;0;-418742;471450;3725276;31748690;10079;454597;0;0;494702;25290308;26249686;0;2247943;0;0;0;2247943;28497629;2345190;0;259550;484599;0;161722;3251061;31748690;
4929;900853300;2019-12-31;2019;MILES;651055;0;50620;602597;1304272;179043;0;0;0;0;179043;1483315;0;742717;0;0;0;0;742717;0;0;0;0;0;0;742717;200000;0;28197;512401;0;0;740598;1483315;
4930;900853300;2019-12-31;2018;MILES;286521;0;48982;790001;1125504;201876;0;0;0;0;201876;1327380;0;828346;0;10577;2489;4000;845412;0;0;0;0;0;0;845412;200000;0;19234;262734;0;0;481968;1327380;
4931;900574298;2019-12-31;2019;MILES;1689;5832;449437;0;456958;0;0;0;0;0;0;456958;0;228029;0;596;75100;0;303725;0;0;0;0;0;0;303725;10000;0;0;133297;0;9936;153233;456958;
4932;900574298;2019-12-31;2018;MILES;3337;0;0;0;3337;0;0;0;0;0;0;3337;0;0;0;0;0;0;0;0;0;0;0;0;0;0;3337;0;0;0;0;-3337;0;3337;ERR Patrimonio
4933;830140775;2019-12-31;2019;MILES;8755156;235080;20094468;0;29084704;6315490;0;0;844990;0;7160480;36245184;0;11807258;0;0;544037;476687;12827982;0;0;0;0;0;0;12827982;328590;2128615;164295;20521804;0;273898;23417202;36245184;
4934;830140775;2019-12-31;2018;MILES;4230919;1522001;25038411;0;30791331;5680489;0;0;2620402;0;8300891;39092222;0;18097186;0;0;560220;753037;19410443;0;0;0;0;0;0;19410443;328590;2128615;164295;16788138;0;272141;19681779;39092222;
4935;860055583;2019-12-31;2019;MILES;136467;4426837;16136636;6959433;27659373;10242229;6828556;0;-4286697;6828556;19612644;47272017;4643730;18717164;0;992519;173705;754164;25281282;3657510;2902215;628590;0;0;7188315;32469597;5473809;0;8627018;-2521314;0;3222907;14802420;47272017;
4936;860055583;2019-12-31;2018;MILES;257337;3210941;22284384;5029522;30782184;10950789;0;0;1831882;0;12782671;43564855;6824678;11031227;0;437295;812960;1176458;20282618;2644548;5819756;479474;0;0;8943778;29226396;5473809;0;7967968;-2148489;0;3045171;14338459;43564855;
4937;900146783;2019-12-31;2019;MILES;0;0;240365;0;240365;0;0;0;0;0;0;240365;0;458472;0;0;0;0;458472;0;0;0;0;0;0;458472;1500;0;750;-220357;0;0;-218107;240365;
4938;900146783;2019-12-31;2018;MILES;0;0;240365;0;240365;0;0;0;0;0;0;240365;0;458472;0;0;0;0;458472;0;0;0;0;0;0;458472;1500;0;750;-220357;0;0;-218107;240365;
4939;900134499;2019-12-31;2019;MILES;52420;0;112217;852550;1017187;115535;156080;43946094;3030653;156080;47404442;48421629;2116050;1403804;0;2042;1431748;0;4953644;0;6138442;2987542;0;2395046;11521030;16474674;317760;4402072;223182;26741581;0;262360;31946955;48421629;
4940;900134499;2019-12-31;2018;MILES;189509;374927;286746;7717819;8569001;51340737;1820236;2454146;4994446;1820236;62429801;70998802;7195679;1553558;0;23734;568690;0;9341661;0;8756165;3823602;0;8385201;20964968;30306629;317760;4402072;223182;35670986;0;78173;40692173;70998802;
4941;800125859;2019-12-31;2019;MILES;1547125;2542003;1274091;285797;5649016;732112;0;0;3762856;0;4494968;10143984;57178;1113610;0;501818;293592;175462;2141660;0;0;1372395;0;29438;1401833;3543493;400000;0;45000;5905273;0;250218;6600491;10143984;
4942;800125859;2019-12-31;2018;MILES;796455;2402848;1563653;270731;5033687;782946;0;0;3651299;0;4434245;9467932;96783;1034227;0;435545;148356;51017;1765928;0;0;1419466;0;29438;1448904;3214832;400000;0;45000;5557882;0;250218;6253100;9467932;
4943;900671882;2019-12-31;2019;MILES;9899063;3785358;24853242;13468242;52005905;8941984;0;0;10995816;0;19937800;71943705;1080468;40516088;0;0;1468153;0;43064709;6025808;0;312115;0;700000;7037923;50102632;3651551;22068678;0;-3879156;0;0;21841073;71943705;
4944;900671882;2019-12-31;2018;MILES;2615153;1469957;10103586;8445399;22634095;6641674;0;0;10402322;0;17043996;39678091;731790;16894541;0;0;279903;0;17906234;4886512;0;217026;0;700000;5803538;23709772;3001000;16213716;0;-3246397;0;0;15968319;39678091;
4945;900919867;2019-12-31;2019;MILES;742412;0;69141;2931122;3742675;252045;0;0;0;0;252045;3994720;0;460759;0;10806;23968;0;495533;0;0;0;0;3433282;3433282;3928815;30000;0;0;35905;0;0;65905;3994720;
4946;900919867;2019-12-31;2018;MILES;557403;0;0;3835541;4392944;57612;0;0;0;0;57612;4450556;0;34036;0;10878;1694;0;46608;0;0;0;0;4386704;4386704;4433312;30000;0;0;-12756;0;0;17244;4450556;
4947;830083572;2019-12-31;2019;MILES;983;279602;498783;0;779368;713506;0;0;605401;0;1318907;2098275;0;50926;0;120707;97862;0;269495;169039;0;0;0;273026;442065;711560;300000;0;128553;958162;0;0;1386715;2098275;
4948;830083572;2019-12-31;2018;MILES;209947;148327;478757;0;837031;728155;0;0;605401;0;1333556;2170587;0;17263;0;104186;40404;0;161853;49672;11468;0;0;491010;552150;714003;130000;0;128553;1198031;0;0;1456584;2170587;
4949;860023525;2019-12-31;2019;MILES;2402116;3205369;7881891;3947425;17436801;16825363;25544;0;1720223;25544;18596674;36033475;54223;8458298;0;614885;0;786984;9914390;1784277;0;1958437;0;171772;3914486;13828876;16000000;0;848019;2419772;0;2936808;22204599;36033475;
4950;860023525;2019-12-31;2018;MILES;3294460;2606389;5153909;3670084;14724842;16542382;32190;0;-32190;32190;16574572;31299414;0;5785737;0;548235;0;643169;6977141;0;0;2010414;0;152879;2163293;9140434;16000000;0;848019;2411977;0;2898984;22158980;31299414;
4951;804016642;2019-12-31;2019;MILES;1595012;6985189;10973838;27039693;46593732;15500181;0;0;986501;0;16486682;63080414;10007865;23289637;46112;0;1474396;356292;35174302;3014395;0;369329;0;0;3383724;38558026;1310000;9768619;0;9986146;0;3457623;24522388;63080414;
4952;804016642;2019-12-31;2018;MILES;1219744;1377683;10736714;18995183;32329324;14555426;0;0;1033951;0;15589377;47918701;13118092;8162080;32298;0;1213306;278296;22804072;3496486;0;343865;0;0;3840351;26644423;1310000;9768619;0;6992675;0;3202984;21274278;47918701;
4953;900539662;2019-12-31;2019;MILES;6863990;785238;7650947;4779356;20079531;1716160;2042134;2634249;-2042134;2042134;6392543;26472074;2476946;1018137;0;386895;110167;5735;3997880;1736936;0;0;0;1260199;2997135;6995015;1200000;0;1599680;15119381;0;1557998;19477059;26472074;
4954;900539662;2019-12-31;2018;MILES;6210447;784107;7466528;3542037;18003119;1514964;1336278;2695750;-1336278;1336278;5546992;23550111;3702026;687722;0;306480;100780;10868;4807876;1643175;0;0;0;1400960;3044135;7852011;1200000;0;1599680;11432670;0;1465750;15698100;23550111;
4955;901294144;2019-12-31;2019;MILES;356;0;3500;0;3856;3151;0;0;0;0;3151;7007;0;1500;0;0;0;0;1500;0;0;0;0;0;0;1500;5000;0;0;507;0;0;5507;7007;
4956;901294144;2019-12-31;2018;MILES;0;0;0;0;0;3151;0;0;-3151;0;0;0;0;0;0;0;0;0;0;0;0;0;0;0;0;0;0;0;0;0;0;0;0;0;
4957;900490337;2019-12-31;2019;MILES;162676;12311695;59559;160871;12694801;0;0;0;4003039;0;4003039;16697840;9284900;1647966;0;0;54071;233594;11220531;0;0;0;0;4003039;4003039;15223570;200000;0;0;1274270;0;0;1474270;16697840;
4958;900490337;2019-12-31;2018;MILES;17586;5066676;4295;291641;5380198;0;0;0;4003039;0;4003039;9383237;1000000;2067833;0;0;66981;816763;3951577;0;0;0;0;4003831;4003831;7955408;200000;0;0;1227829;0;0;1427829;9383237;
4959;900646156;2019-12-31;2019;MILES;6791829;14264924;26072785;0;47129538;0;0;0;0;0;0;47129538;0;20411133;0;0;918276;9002272;30331681;0;13700564;0;0;0;13700564;44032245;17320;725848;0;2354125;0;0;3097293;47129538;
4960;900646156;2019-12-31;2018;MILES;14722627;5148105;53542532;0;73413264;0;0;0;0;0;0;73413264;0;51850249;0;0;48547;3887780;55786576;0;17125505;0;189790;0;17315295;73101871;13890;386278;0;-88775;0;0;311393;73413264;
4961;860450450;2019-12-31;2019;MILES;12068433;1880190;9062133;12338186;35348942;4504320;0;0;1245836;0;5750156;41099098;7983;7058785;0;340248;3281605;21605;10710226;582231;0;287726;0;428456;1298413;12008639;1013220;3966000;506610;22990838;0;613791;29090459;41099098;
4962;860450450;2019-12-31;2018;MILES;7552497;2382612;8637480;9779626;28352215;4347116;0;0;1053084;0;5400200;33752415;4442;4955870;0;336422;3193700;112803;8603237;689521;0;287726;0;369806;1347053;9950290;1013220;3966000;506610;17702504;0;613791;23802125;33752415;
4963;890905022;2019-12-31;2019;MILES;8686303;10192043;67913416;59156013;145947775;11441284;0;0;6164229;0;17605513;163553288;1715928;28994202;0;1183329;1006916;24281523;57181898;25546966;0;2116574;0;31884144;59547684;116729582;101000;2698937;19822086;17445509;0;6756174;46823706;163553288;
4964;890905022;2019-12-31;2018;MILES;6918469;4175935;40820909;27476398;79391711;20378437;0;0;5399654;0;25778091;105169802;23159437;28336243;0;971782;883084;11842047;65192593;0;0;946092;0;82780;1028872;66221465;101000;2698937;27143989;2248237;0;6756174;38948337;105169802;
4965;830109772;2019-12-31;2019;MILES;50130;191562;769012;0;1010704;50359;0;755568;535740;0;1341667;2352371;0;0;0;0;1512;0;1512;0;0;78161;0;1220096;1298257;1299769;51000;0;149826;26300;0;825476;1052602;2352371;
4966;830109772;2019-12-31;2018;MILES;33738;111562;781136;0;926436;72671;0;768152;614735;0;1455558;2381994;41137;0;0;9360;9222;0;59719;0;0;78161;0;1195216;1273377;1333096;51000;0;149826;22596;0;825476;1048898;2381994;
4967;900685896;2019-12-31;2019;MILES;9629618;74638;13686504;0;23390760;0;0;0;0;0;0;23390760;0;6262586;0;0;124116;0;6386702;0;0;0;0;0;0;6386702;80000;16265000;0;659058;0;0;17004058;23390760;
4968;900685896;2019-12-31;2018;MILES;9031421;72787;18795422;0;27899630;37076;0;0;0;0;37076;27936706;0;11061381;0;0;164713;0;11226094;0;0;0;0;0;0;11226094;80000;16265000;0;365612;0;0;16710612;27936706;
4969;860075203;2019-12-31;2019;MILES;15947;63744;367506;601032;1048229;11430662;852738;0;-610260;852738;12525878;13574107;0;233781;0;0;105649;0;339430;0;0;1388840;0;0;1388840;1728270;1264000;151805;225756;533028;0;9671248;11845837;13574107;
4970;860075203;2019-12-31;2018;MILES;13657;76286;1080873;0;1170816;11469092;1111589;0;-760094;1111589;12932176;14102992;0;824150;0;0;90212;0;914362;0;0;1400380;0;0;1400380;2314742;1264000;151805;225756;485060;0;9661629;11788250;14102992;
4971;900328449;2019-12-31;2019;MILES;71662;2969504;94693;0;3135859;4959192;0;0;1880;0;4961072;8096931;1826371;1031885;0;0;27813;91289;2977358;705028;0;889781;0;0;1594809;4572167;500000;0;685429;2339335;0;0;3524764;8096931;
4972;900328449;2019-12-31;2018;MILES;44014;1833941;70903;0;1948858;4887487;0;0;594185;0;5481672;7430530;1196542;250332;0;0;19114;955581;2421569;774301;0;828532;0;0;1602833;4024402;500000;0;475743;2430385;0;0;3406128;7430530;
4973;830119397;2019-12-31;2019;MILES;3859593;145704;1428548;0;5433845;0;0;3628047;11871968;0;15500015;20933860;0;7305376;0;18455;60208;1580339;8964378;0;0;831615;0;0;831615;9795993;2154215;0;1628193;6281088;0;1074371;11137867;20933860;
4974;830119397;2019-12-31;2018;MILES;1734897;165952;1399573;0;3300422;0;0;3703100;11871968;0;15575068;18875490;0;7310786;0;18455;61495;136023;7526759;0;0;831614;0;0;831614;8358373;2154215;0;1628193;5660338;0;1074371;10517117;18875490;
4975;900128868;2019-12-31;2019;MILES;765509;521259;0;0;1286768;0;62827754;0;-51300960;62827754;74354548;75641316;1715060;91411;0;0;726211;0;2532682;31521392;8656690;23979467;0;0;64157549;66690231;15050000;2050118;3142377;-11291410;0;0;8951085;75641316;
4976;900128868;2019-12-31;2018;MILES;1296316;377491;0;0;1673807;0;137692894;0;-122592764;137692894;152793024;154466831;2275832;100778;0;0;84134;0;2460744;35679216;8656690;45438655;0;0;89774561;92235305;15050000;2050118;3142377;41989031;0;0;62231526;154466831;
4977;901042849;2019-12-31;2019;MILES;5986872;18608321;629567;21805426;47030186;237175248;0;0;61197590;0;298372838;345403024;94041568;5919210;0;882451;511879;0;101355108;207042576;101953095;0;0;0;308995671;410350779;100100;10362283;0;-75410138;0;0;-64947755;345403024;
4978;901042849;2019-12-31;2018;MILES;1216328;23399014;934128;25281439;50830909;22492920;0;0;61467309;0;83960229;134791138;75408702;5982143;0;788179;225421;0;82404445;0;97216300;0;0;0;97216300;179620745;100000;0;0;-44929607;0;0;-44829607;134791138;
4979;900526959;2019-12-31;2019;MILES;4811112;5332203;57558181;790394;68491890;1373247;395971;0;3453178;395971;5618367;74110257;0;71163447;0;460117;333874;2067693;74025131;0;0;0;0;2076026;2076026;76101157;10000;0;5000;-6509329;0;4503429;-1990900;74110257;
4980;900526959;2019-12-31;2018;MILES;12021302;6148066;45266562;1872302;65308232;8920809;0;0;2020972;0;10941781;76250013;0;73080374;0;412666;1250100;1823005;76566145;0;0;0;0;1833360;1833360;78399505;10000;0;5000;-6667921;0;4503429;-2149492;76250013;
4981;830065421;2019-12-31;2019;MILES;20764;2097;141773;0;164634;0;0;0;66568584;0;66568584;66733218;0;82500;0;0;1627;0;84127;0;6561605;5555936;0;0;12117541;12201668;450010;0;450010;15929651;0;37701879;54531550;66733218;
4982;830065421;2019-12-31;2018;MILES;19992;4050;173015;0;197057;0;0;0;56599477;0;56599477;56796534;0;109153;0;0;4344;0;113497;0;6561605;2266132;0;0;8827737;8941234;450010;0;450010;15932704;0;31022576;47855300;56796534;
4983;802001223;2019-12-31;2019;MILES;2877176;0;21946294;1608944;26432414;62295275;0;11354187;995540;0;74645002;101077416;5904491;3042819;0;391400;1008022;1392301;11739033;22903852;955357;5199198;0;0;29058407;40797440;2000000;0;4181195;41884328;0;12214453;60279976;101077416;
4984;802001223;2019-12-31;2018;MILES;1902304;0;20637822;1072825;23612951;57010653;0;11982195;383441;0;69376289;92989240;8125348;5798920;0;424738;1799575;1157900;17306481;18517591;1979636;4268271;0;0;24765498;42071979;2000000;0;4181195;36473411;0;8262655;50917261;92989240;
4985;811035110;2019-12-31;2019;MILES;133403;114032;559966;78332;885733;1231860;0;0;964163;0;2196023;3081756;133404;482376;0;215056;62627;0;893463;512845;0;0;0;0;512845;1406308;470000;688424;0;517024;0;0;1675448;3081756;
4986;811035110;2019-12-31;2018;MILES;0;424986;711829;97849;1234664;1002138;0;0;362285;0;1364423;2599087;144237;594655;0;265739;85651;0;1090282;592188;0;0;0;0;592188;1682470;470000;16300;0;430317;0;0;916617;2599087;
4987;900753316;2019-12-31;2019;MILES;122089;6757131;1419029;8637799;16936048;2662736;2093959;0;3747919;2093959;10598573;27534621;8705546;1155843;0;65957;206306;0;10133652;7122720;0;0;0;3517089;10639809;20773461;2869252;0;2331186;277399;0;1283323;6761160;27534621;
4988;900753316;2019-12-31;2018;MILES;269000;1902226;2308929;9226575;13706730;2413241;1416379;0;5151273;1416379;10397272;24104002;4724000;815115;0;54972;113365;0;5707452;8213662;0;0;0;3999127;12212789;17920241;2569252;0;1424132;907054;0;1283323;6183761;24104002;
4989;900325299;2019-12-31;2019;MILES;802280;81273;11071;0;894624;13109374;0;0;0;0;13109374;14003998;0;824;0;0;161525;0;162349;0;0;0;0;0;0;162349;1015900;2542115;84767;10198867;0;0;13841649;14003998;
4990;900325299;2019-12-31;2018;MILES;135946;81332;40219;0;257497;13463845;0;0;3267;0;13467112;13724609;0;1214;0;0;166391;0;167605;0;0;0;0;0;0;167605;1015900;2542115;84767;9914222;0;0;13557004;13724609;
4991;900030538;2019-12-31;2019;MILES;21638285;16929536;138300130;40464031;217331982;3146715;0;0;7409652;0;10556367;227888349;0;172367188;1770219;6495372;15053955;12567176;208253910;0;0;0;0;3842393;3842393;212096303;18344271;0;-14540431;11988206;0;0;15792046;227888349;
4992;900030538;2019-12-31;2018;MILES;21225833;6385776;130396386;25567553;183575548;3675090;0;0;4971962;0;8647052;192222600;0;187595761;2227704;3801457;4375255;7747682;205747859;0;0;0;0;3647300;3647300;209395159;18344271;0;-14355788;-21161042;0;0;-17172559;192222600;
4993;811037682;2019-12-31;2019;MILES;1305703;3972659;2937618;18566223;26782203;1364919;997934;0;14700275;997934;18061062;44843265;567586;4728304;0;0;398718;914228;6608836;10866293;9125067;0;26246;0;20017606;26626442;610172;8604444;305086;8697121;0;0;18216823;44843265;
4994;811037682;2019-12-31;2018;MILES;1847796;2197705;1630866;14275302;19951669;1776305;1676320;0;1170084;1676320;6299029;26250698;101016;4858772;0;0;865204;903014;6728006;0;3293481;0;0;0;3293481;10021487;610172;8604444;305086;6709509;0;0;16229211;26250698;
4995;830065063;2019-12-31;2019;MILES;30883004;54759835;262151123;99446596;447240558;25612325;0;0;12776412;0;38388737;485629295;140575559;251360788;30020499;3580511;0;29793183;455330540;17026100;0;0;0;935901;17962001;473292541;20077940;0;294000;-8035186;0;0;12336754;485629295;
4996;830065063;2019-12-31;2018;MILES;56859899;49890730;255353380;101363780;463467789;2602954;0;0;12178675;0;14781629;478249418;164155387;243532672;15311719;3159190;0;25100780;451259748;0;0;0;0;661336;661336;451921084;20077940;0;0;6250394;0;0;26328334;478249418;
4997;860079896;2019-12-31;2019;MILES;940;14819;6602502;0;6618261;200743;0;0;530406;0;731149;7349410;0;65457;0;177422;68452;4080890;4392221;0;0;133977;0;132281;266258;4658479;73721;0;422572;2194638;0;0;2690931;7349410;
4998;860079896;2019-12-31;2018;MILES;2685;2015;7680806;0;7685506;209906;0;0;530406;0;740312;8425818;0;313905;0;90255;93563;5279254;5776977;0;0;132273;0;122781;255054;6032031;73721;0;37609;2282457;0;0;2393787;8425818;
4999;901236361;2019-12-31;2019;MILES;4321731;0;9319;0;4331050;38118;0;0;19524018;0;19562136;23893186;0;14135;0;32758;495706;1023;543622;0;10546197;0;0;8046442;18592639;19136261;5100000;0;0;-343075;0;0;4756925;23893186;
5000;901236361;2019-12-31;2018;MILES;5099258;12;0;0;5099270;0;0;0;0;0;0;5099270;0;237;0;170;12;38355;38774;0;0;0;0;0;0;38774;5100000;0;0;-39504;0;0;5060496;5099270;
5001;800134853;2019-12-31;2019;MILES;12654242;3222360;109786964;37259511;162923077;182088143;121777;0;2053471;121777;184385168;347308245;0;53454867;0;790058;7996472;0;62241397;0;0;21914951;0;0;21914951;84156348;14615416;108659187;2763411;137113883;0;0;263151897;347308245;
5002;800134853;2019-12-31;2018;MILES;6683005;1250080;121267948;29562601;158763634;42494486;219122;0;478789;219122;43411519;202175153;0;43532263;0;725827;5914565;0;50172655;0;0;2125984;0;0;2125984;52298639;2542140;0;1271070;146063304;0;0;149876514;202175153;
5003;900189254;2019-12-31;2019;MILES;17546;307777;1264020;5123446;6712789;4943034;0;0;654569;0;5597603;12310392;0;4434900;0;99254;590131;1284142;6408427;0;0;419655;0;3621632;4041287;10449714;980514;0;0;449292;0;430872;1860678;12310392;
5004;900189254;2019-12-31;2018;MILES;22039;314721;1167198;6082075;7586033;5229172;0;0;249158;0;5478330;13064363;344209;5330531;0;114236;200063;321704;6310743;0;0;418784;0;3851424;4270208;10580951;980514;0;0;1072026;0;430872;2483412;13064363;
5005;860404848;2019-12-31;2019;MILES;111431;3284612;3281996;8161103;14839142;22826676;0;0;0;0;22826676;37665818;2099104;4394976;0;386183;156300;59316;7095879;15478689;778590;704397;0;0;16961676;24057555;3074080;0;1793369;-177609;0;8918423;13608263;37665818;
5006;860404848;2019-12-31;2018;MILES;96177;2277124;6866220;9012150;18251671;14182453;0;0;0;0;14182453;32434124;3785251;4650841;0;396169;251055;90;9083406;8161385;874792;624052;0;0;9660229;18743635;3074080;0;1793369;625070;0;8197970;13690489;32434124;
5007;860031885;2019-12-31;2019;MILES;561593;1041364;5117188;13999230;20719375;23379526;0;0;11072960;0;34452486;55171861;63326;6738716;0;0;1388881;1292381;9483304;29525679;958374;9682439;296222;2717661;43180375;52663679;11331263;5876403;217625;-14917109;0;0;2508182;55171861;
5008;860031885;2019-12-31;2018;MILES;839122;934821;4540680;13591284;19905907;24610655;0;0;8287879;0;32898534;52804441;68260;6995971;0;0;1328291;1202237;9594759;22748139;780782;9117253;1453000;389436;34488610;44083369;11331263;5876403;217625;-8704219;0;0;8721072;52804441;
5009;900073254;2019-12-31;2019;MILES;4882221;0;16972531;3120861;24975613;9474353;550744;643520;-188250;550744;11031111;36006724;4102696;1687395;0;2777504;436627;0;9004222;12415780;0;0;0;0;12415780;21420002;1950000;0;591897;9068167;0;2976658;14586722;36006724;
5010;900073254;2019-12-31;2018;MILES;2580405;0;12852684;3120009;18553098;9204862;0;5701278;168278;0;15074418;33627516;1614769;2176968;0;2924444;334058;0;7050239;9367820;0;0;0;0;9367820;16418059;1950000;0;423374;7553226;0;7282857;17209457;33627516;
5011;830052583;2019-12-31;2019;MILES;71150;66657;2632829;138454;2909090;94435;15006224;48881594;-14970984;15006224;64017493;66926583;0;5177052;0;0;570590;0;5747642;20775498;6247478;3156494;0;1474920;31654390;37402032;386411;0;387889;-3382933;0;32133184;29524551;66926583;
5012;830052583;2019-12-31;2018;MILES;334634;133313;2303779;138454;2910180;104503;14741231;48881594;-13966899;14741231;64501660;67411840;0;4644544;0;0;622637;0;5267181;21528251;6174319;4686091;0;1406104;33794765;39061946;386411;0;387889;-4557590;0;32133184;28349894;67411840;
5013;830070142;2019-12-31;2019;MILES;3175247;0;7242348;1239047;11656642;4165032;0;1280000;463554;0;5908586;17565228;2891327;1807982;0;38502;205847;0;4943658;191883;2617691;0;0;407482;3217056;8160714;750000;0;514991;8139523;0;0;9404514;17565228;
5014;830070142;2019-12-31;2018;MILES;3588298;0;6962635;935727;11486660;3777660;0;1280000;491220;0;5548880;17035540;2163819;356439;0;29120;228221;0;2777599;5418976;430897;0;0;1335103;7184976;9962575;750000;0;514991;5807974;0;0;7072965;17035540;
5015;900195760;2019-12-31;2019;MILES;94223;0;391961;39530;525714;7541;571086;0;-570085;571086;579628;1105342;0;149690;0;19495;16522;0;185707;0;511425;0;0;190880;702305;888012;150000;0;0;67330;0;0;217330;1105342;
5016;900195760;2019-12-31;2018;MILES;19895;0;517502;63938;601335;10284;571086;0;-571086;571086;581370;1182705;0;36466;0;18175;28036;11735;94412;0;637115;0;0;263836;900951;995363;150000;0;0;37342;0;0;187342;1182705;
5017;860001552;2019-12-31;2019;MILES;168251;1033092;4082018;11391752;16675113;16281049;0;0;963805;0;17244854;33919967;8652288;2329062;123893;254986;533639;169944;12063812;1721544;0;2308828;0;0;4030372;16094184;2393730;3169400;276812;1827416;0;10158425;17825783;33919967;
5018;860001552;2019-12-31;2018;MILES;147828;1365821;4217056;12530111;18260816;14292875;0;0;1151545;0;15444420;33705236;10186823;3191180;74185;236282;462563;93969;14245002;1245206;0;2179787;0;0;3424993;17669995;2393730;3169400;269817;1826729;0;8375565;16035241;33705236;
5019;860079889;2019-12-31;2019;MILES;666850;0;645643;125959;1438452;39867294;2041;0;-2041;2041;39869335;41307787;0;2129897;0;0;0;0;2129897;8546169;0;0;0;0;8546169;10676066;2400000;0;1638953;16715404;0;9877364;30631721;41307787;
5020;860079889;2019-12-31;2018;MILES;632812;0;393733;125959;1152504;39604481;0;0;0;0;39604481;40756985;0;1772392;0;0;0;0;1772392;9701521;0;0;0;0;9701521;11473913;2400000;0;1638953;15366755;0;9877364;29283072;40756985;
5021;900173460;2019-12-31;2019;MILES;4414;620153;1903727;14140786;16669080;4226866;0;0;379180;0;4606046;21275126;0;1241915;0;231398;181530;2355251;4010094;0;13003026;203552;0;0;13206578;17216672;3799099;20591372;312430;-23492696;0;2848249;4058454;21275126;
5022;900173460;2019-12-31;2018;MILES;130808;586255;1785581;13714590;16217234;1710636;0;0;142684;0;1853320;18070554;0;1181972;0;219968;105892;1846888;3354720;0;12587303;203552;0;0;12790855;16145575;3799099;20591372;312430;-23109942;0;332020;1924979;18070554;
5023;800172544;2019-12-31;2019;MILES;812437;3149237;9397476;14210057;27569207;17788457;318744;0;955933;318744;19381878;46951085;8778547;4627953;0;3360702;1251166;1666233;19684601;14816920;0;989705;0;0;15806625;35491226;5000000;0;557660;5902199;0;0;11459859;46951085;
5024;800172544;2019-12-31;2018;MILES;373154;1368309;5190915;8215952;15148330;11289792;735676;0;511042;735676;13272186;28420516;2319265;2834704;0;1027618;765127;954856;7901570;7682583;0;542197;0;0;8224780;16126350;1380000;0;557660;10356506;0;0;12294166;28420516;
5025;900386037;2019-12-31;2019;MILES;1220;0;189620;0;190840;3996148;0;0;0;0;3996148;4186988;0;19430;0;0;0;0;19430;0;136666;0;0;0;136666;156096;215000;478750;0;-866916;0;4204058;4030892;4186988;
5026;900386037;2019-12-31;2018;MILES;2182;0;209514;0;211696;3993000;0;0;0;0;3993000;4204696;0;69741;0;0;0;0;69741;0;0;0;0;0;0;69741;215000;478750;0;-762853;0;4204058;4134955;4204696;
5027;890900097;2019-12-31;2019;MILES;1869570;3063108;12994362;10029878;27956918;11939642;590;0;205917;590;12146739;40103657;36129;6869687;0;207394;967251;100000;8180461;12764307;0;0;0;302469;13066776;21247237;285968;978943;456769;3982919;0;13151821;18856420;40103657;
5028;890900097;2019-12-31;2018;MILES;739536;1500722;13890056;10403964;26534278;11536838;817;0;250754;817;11789226;38323504;8370;5029827;0;204772;927480;52500;6222949;13045305;0;0;0;300706;13346011;19568960;285968;978943;456769;3881043;0;13151821;18754544;38323504;
5029;900843898;2019-12-31;2019;MILES;60669400;17568204;78115482;160466;156513552;11142306;0;0;169451;0;11311757;167825309;0;82952474;4648399;9420173;2638862;12085767;111745675;0;8510824;19822;0;52281867;60812513;172558188;1800105;555469875;0;-562002859;0;0;-4732879;167825309;
5030;900843898;2019-12-31;2018;MILES;38023066;6606813;25607055;51154;70288088;980779;0;0;252651;0;1233430;71521518;0;17208249;16431928;4361700;1866513;0;39868390;0;0;0;0;11161;11161;39879551;1799939;286036036;0;-256194008;0;0;31641967;71521518;
5031;900304940;2019-12-31;2019;MILES;2716188;5718471;6403132;1396257;16234048;326843601;46329378;8369253;-8128106;46329378;419743504;435977552;3223613;24497560;203928;6375956;12831536;117948299;165080892;38082802;9072289;14269906;0;65750717;127175714;292256606;2150000;0;900000;20757076;0;119913870;143720946;435977552;
5032;900304940;2019-12-31;2018;MILES;2783528;1267620;9110234;1694889;14856271;222552943;91999262;7694699;-66562804;91999262;347683362;362539633;8302218;35532294;35838;7489397;5732461;101765228;158857436;0;12067993;7274242;0;84268472;103610707;262468143;2150000;0;900000;28766196;0;68255294;100071490;362539633;
5033;800251370;2019-12-31;2019;MILES;23245;67121;353172;74900;518438;1422539;0;77000;0;0;1499539;2017977;0;1088152;0;0;0;0;1088152;0;0;41668;0;0;41668;1129820;155000;0;30895;571022;0;131240;888157;2017977;
5034;800251370;2019-12-31;2018;MILES;18555;86948;366896;80888;553287;1424409;0;77000;0;0;1501409;2054696;0;1243142;0;0;0;0;1243142;0;0;31320;0;0;31320;1274462;155000;0;30895;463099;0;131240;780234;2054696;
5035;830117106;2019-12-31;2019;MILES;384176;2108432;14544434;77792;17114834;0;0;0;0;0;0;17114834;0;111746;0;0;0;0;111746;6303443;7186711;0;2896091;1265611;17651856;17763602;18195810;0;653844;-19498422;0;0;-648768;17114834;
5036;830117106;2019-12-31;2018;MILES;123809;2194687;18155862;77792;20552150;0;0;0;0;0;0;20552150;3404858;6671458;400000;213050;2414348;599988;13703702;2895683;3313791;0;0;0;6209474;19913176;18195810;0;653844;-18210680;0;0;638974;20552150;
5037;800010932;2019-12-31;2019;MILES;832;61453;0;0;62285;176420;0;0;0;0;176420;238705;0;68405;0;0;0;0;68405;0;0;0;0;0;0;68405;50000;0;0;-413;0;120713;170300;238705;
5038;800010932;2019-12-31;2018;MILES;0;61368;15670;0;77038;176420;0;0;0;0;176420;253458;0;115670;0;0;0;0;115670;0;0;0;0;0;0;115670;50000;0;0;0;0;87788;137788;253458;
5039;900204854;2019-12-31;2019;MILES;1229148;270000;46515779;44874354;92889281;443400;0;2900000;0;0;3343400;96232681;0;0;0;0;1743939;0;1743939;0;0;0;0;1605909;1605909;3349848;10000;0;1479979;91392854;0;0;92882833;96232681;
5040;900204854;2019-12-31;2018;MILES;1068823;270000;29504094;30676717;61519634;443400;0;2900000;0;0;3343400;64863034;0;0;0;0;3830312;0;3830312;0;0;0;0;1284727;1284727;5115039;10000;0;1479979;58258016;0;0;59747995;64863034;
5041;900480982;2019-12-31;2019;MILES;0;279544;121946;0;401490;124570;0;0;381796;0;506366;907856;73097;158053;0;0;386;0;231536;16962089;13872713;0;0;47690;30882492;31114028;20000;0;0;-30226172;0;0;-30206172;907856;
5042;900480982;2019-12-31;2018;MILES;616916;540487;240191;0;1397594;190768;0;0;381796;0;572564;1970158;129689;213814;0;0;1093689;0;1437192;16977569;12282063;0;0;47690;29307322;30744514;20000;0;0;-28794356;0;0;-28774356;1970158;
5043;830507415;2019-12-31;2019;MILES;414645;0;829732;678686;1923063;86006;0;0;320000;0;406006;2329069;123195;566678;0;10469;56944;0;757286;0;0;0;0;160885;160885;918171;20000;0;3931;1064618;0;322349;1410898;2329069;
5044;830507415;2019-12-31;2018;MILES;388694;0;738651;540964;1668309;68056;0;0;320000;0;388056;2056365;158626;514051;0;12752;58329;0;743758;0;0;0;0;0;0;743758;20000;0;3931;966327;0;322349;1312607;2056365;
5045;890929922;2019-12-31;2019;MILES;77085;450320;5866628;2740670;9134703;0;0;0;437333;0;437333;9572036;0;1238347;0;24680;99520;4268250;5630797;0;0;0;0;0;0;5630797;460000;240000;263078;2553841;0;424320;3941239;9572036;
5046;890929922;2019-12-31;2018;MILES;28107;0;4647950;4051931;8727988;0;0;0;16574;0;16574;8744562;0;810965;0;52427;46493;3877582;4787467;0;0;0;0;0;0;4787467;460000;240000;263078;2569697;0;424320;3957095;8744562;
5047;800246078;2019-12-31;2019;MILES;45359;238318;2357966;7059468;9701111;410798;99717;33103369;2382853;99717;36096454;45797565;6666431;1190125;0;0;721986;0;8578542;12103602;10444948;3059024;0;0;25607574;34186116;200000;360000;184106;3411492;0;7455851;11611449;45797565;
5048;800246078;2019-12-31;2018;MILES;129873;437839;953369;0;1521081;370829;3875593;30784237;-1832596;3875593;37073656;38594737;1569253;1633651;0;0;333516;0;3536420;10753676;13470112;2783674;0;0;27007462;30543882;200000;360000;184106;0;0;7306749;8050855;38594737;
5049;804005698;2019-12-31;2019;MILES;157850;6606483;155044;0;6919377;37375511;777000;0;-777000;777000;38152511;45071888;0;97851;13763;16491;185350;0;313455;0;414969;2767157;0;0;3182126;3495581;8712699;27129521;0;-3559920;0;9294007;41576307;45071888;
5050;804005698;2019-12-31;2018;MILES;133876;7226813;340121;0;7700810;35132915;777000;0;-777000;777000;35909915;43610725;0;7219;13763;20557;347987;0;389526;0;459672;2629416;0;0;3089088;3478614;8712699;27129521;0;-5004116;0;9294007;40132111;43610725;
5051;900749961;2019-12-31;2019;MILES;11647;0;11055;0;22702;6741000;0;0;0;0;6741000;6763702;0;64566;0;0;3965;0;68531;0;0;609330;0;0;609330;677861;1183;6786666;0;-702008;0;0;6085841;6763702;
5052;900749961;2019-12-31;2018;MILES;0;0;11055;0;11055;6741000;0;0;0;0;6741000;6752055;0;0;0;0;6281;0;6281;0;0;609330;0;0;609330;615611;1183;6786666;0;-651405;0;0;6136444;6752055;
5053;860001584;2019-12-31;2019;MILES;4493571;5447746;9268263;49549614;68759194;136483629;0;9196922;251176;0;145931727;214690921;0;30334225;0;0;4112686;1467275;35914186;17769358;0;22718226;0;0;40487584;76401770;2042360;35650357;1040000;42712573;0;56843861;138289151;214690921;
5054;860001584;2019-12-31;2018;MILES;10786191;5451800;5053867;53932487;75224345;118947483;0;10009670;223890;0;129181043;204405388;0;32504714;0;0;4831344;993488;38329546;25508399;0;26317250;0;0;51825649;90155195;2042360;35650357;1040000;38684561;0;36832915;114250193;204405388;
5055;900227842;2019-12-31;2019;MILES;115616;2160664;11806837;2267704;16350821;11985485;1809302;0;109272294;1809302;124876383;141227204;0;2135386;0;302701;545290;3505868;6489245;0;0;0;0;59818808;59818808;66308053;9221627;24814376;768902;-69793146;0;109907392;74919151;141227204;
5056;900227842;2019-12-31;2018;MILES;67502;2943794;12774528;2420729;18206553;11985485;1809302;0;109272294;1809302;124876383;143082936;0;2356449;0;446725;818366;4029669;7651209;0;0;0;0;59882336;59882336;67533545;9221627;24814376;768902;-69162906;0;109907392;75549391;143082936;
5057;900740329;2019-12-31;2019;MILES;1213543;5945660;1565668;0;8724871;146045394;0;0;4720001;0;150765395;159490266;0;1958225;0;92259;69793;0;2120277;0;97785245;1658672;0;4632598;104076515;106196792;6654591;43473011;0;-7517478;0;10683350;53293474;159490266;
5058;900740329;2019-12-31;2018;MILES;357680;7845432;42009;0;8245121;145759374;0;0;5900000;0;151659374;159904495;0;3209899;0;135316;214390;0;3559605;0;102691289;1710505;0;7584733;111986527;115546132;4884676;30381233;0;-1590896;0;10683350;44358363;159904495;
5059;890204988;2019-12-31;2019;MILES;4584;4068886;475766;108592;4657828;76915;1635927;0;-1635927;1635927;1712842;6370670;0;4929;0;12397;10080;0;27406;0;1953766;0;0;0;1953766;1981172;252000;0;1596367;2541131;0;0;4389498;6370670;
5060;890204988;2019-12-31;2018;MILES;14108;4894754;1213756;108592;6231210;96800;26152;0;-26152;26152;122952;6354162;0;3188;0;14412;10401;0;28001;0;2039511;0;0;0;2039511;2067512;252000;0;1596367;2438283;0;0;4286650;6354162;
5061;900733092;2019-12-31;2019;MILES;16751;0;42869;0;59620;545279;0;0;354570;0;899849;959469;8759;243351;0;6815;73681;0;332606;49634;400000;0;0;0;449634;782240;100000;0;0;77229;0;0;177229;959469;
5062;900733092;2019-12-31;2018;MILES;79983;0;2404839;2257147;4741969;510061;0;0;462523;0;972584;5714553;521493;559848;0;13202;22346;0;1116889;58393;4386236;0;0;0;4444629;5561518;100000;0;0;53035;0;0;153035;5714553;
5063;900223935;2019-12-31;2019;MILES;5174483;2061175;5390791;16222458;28848907;1694969;0;0;456683;0;2151652;31000559;0;8982333;0;0;670036;211773;9864142;0;0;252367;0;0;252367;10116509;10179387;17863988;134011;-7293336;0;0;20884050;31000559;
5064;900223935;2019-12-31;2018;MILES;3824202;1522513;4961187;12644263;22952165;1795235;0;0;474304;0;2269539;25221704;0;14953314;0;0;306057;193126;15452497;0;0;94231;0;0;94231;15546728;9081546;7983414;134011;-7523995;0;0;9674976;25221704;
5065;830080727;2019-12-31;2019;MILES;161003;5175201;2751499;1487000;9574703;394287;138140;0;99845;138140;770412;10345115;0;397050;0;28887;38214;1840882;2305033;4604621;0;0;0;0;4604621;6909654;2000000;0;527919;907542;0;0;3435461;10345115;
5066;830080727;2019-12-31;2018;MILES;138899;1535076;5523936;1966335;9164246;468088;0;0;237985;0;706073;9870319;0;191445;0;61908;277246;93828;624427;5903373;0;0;0;0;5903373;6527800;2000000;0;490579;851940;0;0;3342519;9870319;
5067;900346542;2019-12-31;2019;MILES;93977;458080;262499;3458630;4273186;1250627;0;0;0;0;1250627;5523813;243158;590537;0;45084;64485;0;943264;284284;0;0;0;2993450;3277734;4220998;1300000;0;18026;-15211;0;0;1302815;5523813;
5068;900346542;2019-12-31;2018;MILES;381326;237862;778287;2264471;3661946;1338866;0;0;0;0;1338866;5000812;136990;595098;0;0;58880;0;790968;0;0;0;0;2870226;2870226;3661194;1300000;0;3172;36446;0;0;1339618;5000812;
5069;900309576;2019-12-31;2019;MILES;7441606;11442635;26947643;3401128;49233012;39872194;0;308520;36418;0;40217132;89450144;4624205;7036838;0;1753671;10685832;0;24100546;18865788;0;0;0;6841388;25707176;49807722;8783640;1850;2335994;14780538;0;13740400;39642422;89450144;
5070;900309576;2019-12-31;2018;MILES;7011415;1918007;20157727;710605;29797754;21823611;0;384765;788280;0;22996656;52794410;1238995;4071721;0;1440236;4505067;0;11256019;3251605;0;0;0;3935808;7187413;18443432;8783640;1850;1909964;9915124;0;13740400;34350978;52794410;
5071;900403259;2019-12-31;2019;MILES;0;90385;113522;0;203907;24893706;0;0;129366;0;25023072;25226979;190363;316944;0;0;1375104;1585760;3468171;4307612;0;318953;0;0;4626565;8094736;100000;0;4100;-686030;0;17714173;17132243;25226979;
5072;900403259;2019-12-31;2018;MILES;0;90384;13522;0;103906;8312027;0;0;129366;0;8441393;8545299;172542;906922;0;0;1358316;0;2437780;6513855;0;318953;0;0;6832808;9270588;100000;0;4100;-1709015;0;879626;-725289;8545299;
5073;830049056;2019-12-31;2019;MILES;832;0;4743698;0;4744530;28358388;0;0;667116;0;29025504;33770034;1434912;328713;0;259729;6381040;0;8404394;2054152;0;6968030;0;0;9022182;17426576;4300000;0;130847;-11107836;0;23020447;16343458;33770034;
5074;830049056;2019-12-31;2018;MILES;21506;0;6390601;77561;6489668;29425609;0;0;792197;0;30217806;36707474;1287776;2702708;0;304512;5098147;37448;9430591;1763665;0;7892345;0;0;9656010;19086601;4300000;0;130847;-9830421;0;23020447;17620873;36707474;
5075;900395628;2019-12-31;2019;MILES;85214;0;1232784;846658;2164656;2501;0;0;0;0;2501;2167157;0;580801;0;21618;54805;185860;843084;0;0;0;0;433673;433673;1276757;200000;0;800;606891;0;82709;890400;2167157;
5076;900395628;2019-12-31;2018;MILES;49910;0;776550;503384;1329844;9507;0;0;0;0;9507;1339351;50993;402974;0;20318;70823;0;545108;118983;0;0;0;0;118983;664091;80000;0;800;511751;0;82709;675260;1339351;
5077;900796781;2019-12-31;2019;MILES;48073;0;8524;173531;230128;4501537;1900293;2194415;170009;1900293;10666547;10896675;0;211738;0;42668;69329;0;323735;0;9561572;0;0;724700;10286272;10610007;200000;0;31501;55167;0;0;286668;10896675;
5078;900796781;2019-12-31;2018;MILES;90435;0;28810;95391;214636;4501537;232500;2310289;1845009;232500;9121835;9336471;0;148039;0;42681;102831;0;293551;0;7946148;0;0;748914;8695062;8988613;200000;0;8055;139803;0;0;347858;9336471;
5079;900713585;2019-12-31;2019;MILES;197701;51995;199257;1157243;1606196;166008;0;0;0;0;166008;1772204;0;78112;7595;5048;0;0;90755;98498;0;0;88976;0;187474;278229;2100000;0;0;-606025;0;0;1493975;1772204;
5080;900713585;2019-12-31;2018;MILES;692500;37528;3637;819350;1553015;81361;0;0;0;0;81361;1634376;0;491;12056;6194;0;0;18741;0;0;0;16259;0;16259;35000;2100000;0;0;-500624;0;0;1599376;1634376;
5081;900815680;2019-12-31;2019;MILES;30275929;253799;15211945;0;45741673;2160156;97759618;0;49594931;97759618;247274323;293015996;0;19898614;0;192511;8473175;293450;28857750;326114;0;0;0;0;326114;29183864;21097427;212553652;0;11013244;0;19167809;263832132;293015996;
5082;900815680;2019-12-31;2018;MILES;9027218;372248;19045874;2022;28447362;1534741;96923618;0;36185263;96923618;231567240;260014602;0;32505982;0;101574;412277;0;33019833;0;0;0;0;0;0;33019833;21097427;212553652;0;-6656310;0;0;226994769;260014602;
5083;811023960;2019-12-31;2019;MILES;438919;10000;223949;1549745;2222613;200052;0;0;557;0;200609;2423222;0;100408;0;0;93342;0;193750;0;835294;0;0;0;835294;1029044;10000;0;5000;1359786;0;19392;1394178;2423222;
5084;811023960;2019-12-31;2018;MILES;247217;214483;206413;1116941;1785054;196374;0;0;557;0;196931;1981985;0;19392;0;0;84126;0;103518;0;673801;0;0;0;673801;777319;10000;0;5000;1170274;0;19392;1204666;1981985;
5085;860024414;2019-12-31;2019;MILES;81947943;21130449;706523;0;103784915;883650;0;205432;47310620;0;48399702;152184617;0;63417517;458423;528697;0;461159;64865796;0;0;603997;0;0;603997;65469793;154075186;0;0;-67360362;0;0;86714824;152184617;
5086;860024414;2019-12-31;2018;MILES;52216926;46706547;2136017;0;101059490;787250;0;308148;229806000;0;230901398;331960888;0;176542446;982401;908191;0;2231300;180664338;0;60670474;4124;0;0;60674598;241338936;154075186;0;0;-63453234;0;0;90621952;331960888;
5087;830500612;2019-12-31;2019;MILES;215935;3000;7537253;38697124;46453312;0;0;0;383768;0;383768;46837080;0;4331783;0;2770870;203630;0;7306283;12669641;0;0;0;20728242;33397883;40704166;3000000;0;252557;1258635;0;1621722;6132914;46837080;
5088;830500612;2019-12-31;2018;MILES;56412;3000;7216133;37613299;44888844;0;0;0;389944;0;389944;45278788;0;4168211;0;2785081;172471;0;7125763;12764057;0;0;0;19420836;32184893;39310656;3000000;0;252557;1093853;0;1621722;5968132;45278788;
5089;901023179;2019-12-31;2019;MILES;5;931;39829;0;40765;167292;0;0;0;0;167292;208057;0;58123;0;15333;1877;17784;93117;0;440362;0;0;0;440362;533479;230000;0;0;-560911;0;5489;-325422;208057;
5090;901023179;2019-12-31;2018;MILES;0;345;23066;4000;27411;234115;0;0;0;0;234115;261526;173;74773;0;17000;2557;9162;103665;0;417724;0;0;0;417724;521389;230000;0;0;-495352;0;5489;-259863;261526;
5091;900824878;2019-12-31;2019;MILES;131191;899771;745440;213115;1989517;5264;1176773;0;-1176773;1176773;1182037;3171554;0;703437;0;0;0;588272;1291709;0;0;0;0;0;0;1291709;100000;0;0;1779845;0;0;1879845;3171554;
5092;900824878;2019-12-31;2018;MILES;39541;1856487;2147991;3704367;7748386;7360;288041;0;-276358;288041;307084;8055470;4747434;375166;0;0;0;2832870;7955470;0;0;0;0;0;0;7955470;100000;0;0;0;0;0;100000;8055470;
5093;901321213;2019-12-31;2019;MILES;200041;11761;0;0;211802;0;9768469;0;-9768469;9768469;9768469;9980271;0;0;0;0;14336;0;14336;0;9780559;0;0;0;9780559;9794895;200000;0;0;-14624;0;0;185376;9980271;
5094;901321213;2019-12-31;2018;MILES;0;0;0;0;0;0;0;0;0;0;0;0;0;0;0;0;0;0;0;0;0;0;0;0;0;0;0;0;0;0;0;0;0;0;
5095;814000064;2019-12-31;2019;MILES;5126798;10029220;2172615;0;17328633;18562275;0;0;740805;0;19303080;36631713;0;4617636;0;0;3374249;0;7991885;1965742;0;0;0;6114830;8080572;16072457;6000000;0;650000;6330466;0;7578790;20559256;36631713;
5096;814000064;2019-12-31;2018;MILES;1689241;8188247;4359800;0;14237288;18244601;0;0;831343;0;19075944;33313232;0;3723153;0;0;5196881;0;8920034;2167992;0;0;0;3306232;5474224;14394258;1300000;0;650000;9390184;0;7578790;18918974;33313232;
