5097;900490623;2019-12-31;2019;MILES;1577849;16128469;3238165;0;20944483;154281;0;0;72210160;0;72364441;93308924;0;32528;19549;278147;77465;0;407689;0;0;0;0;0;0;407689;3710392;73337828;11402861;2586710;0;1863444;92901235;93308924;
5098;900490623;2019-12-31;2018;MILES;378301;567561;1435546;0;2381408;38880;0;0;10200550;0;10239430;12620838;0;179309;0;327507;47413;0;554229;0;0;0;0;0;0;554229;500000;0;11068881;333979;0;163749;12066609;12620838;
5099;900220408;2019-12-31;2019;MILES;10812182;27236;712247;0;11551665;0;52747;0;1364317671;52747;1364423165;1375974830;6164;3668;0;0;0;0;9832;0;442402;0;0;0;442402;452234;1515799;13186673;828093477;448635464;0;84091183;1375522596;1375974830;
5100;900220408;2019-12-31;2018;MILES;11779211;0;753897;0;12533108;0;43342;0;1193525833;43342;1193612517;1206145625;579313;579780;0;0;52754;0;1211847;0;455301;0;0;0;455301;1667148;1515799;13186673;640453156;473860892;0;75461957;1204478477;1206145625;
5101;800244105;2019-12-31;2019;MILES;632751;7927355;1017594;8239159;17816859;43752318;1029805;8915480;134207623;1029805;188935031;206751890;9362380;3026875;0;561946;180484;3075668;16207353;25884316;13435094;3543354;0;0;42862764;59070117;95815680;12484469;668984;-63887144;0;102599784;147681773;206751890;
5102;800244105;2019-12-31;2018;MILES;253616;6818393;680158;8198505;15950672;40148296;1025714;5149294;126738739;1025714;174087757;190038429;11994653;3141504;0;554464;165770;207929;16064320;24661858;11659472;3482542;0;0;39803872;55868192;95814680;11504380;668984;-61011651;0;87193844;134170237;190038429;
5103;890911431;2019-12-31;2019;MILES;58684269;162289962;124476017;43917734;389367982;26836490;27189846;7006638;48524221;27189846;136747041;526115023;8113078;68744309;10290924;6623802;3609277;118289179;215670569;107815245;0;4688960;0;0;112504205;328174774;51619000;0;107055943;39265306;0;0;197940249;526115023;
5104;890911431;2019-12-31;2018;MILES;31938018;160839746;139743888;56098734;388620386;27567630;27856753;9609011;51195543;27856753;144085690;532706076;30256340;59789975;6310020;6741288;2427137;150679321;256204081;90288908;0;5039636;0;0;95328544;351532625;51619000;0;91343495;38210956;0;0;181173451;532706076;
5105;890922586;2019-12-31;2019;MILES;3428927;531572;33238088;20592010;57790597;812136;0;0;1720110;0;2532246;60322843;8364552;19552803;0;674125;1307614;0;29899094;2370166;0;30137;0;0;2400303;32299397;1000000;14115000;10548731;2359715;0;0;28023446;60322843;
5106;890922586;2019-12-31;2018;MILES;2615111;914621;32077489;23169621;58776842;612976;0;0;613270;0;1226246;60003088;9272776;22433599;0;594931;357781;0;32659087;1965037;0;39436;0;0;2004473;34663560;1000000;14115000;8649091;1575437;0;0;25339528;60003088;
5107;890401608;2019-12-31;2019;MILES;1972416;3975111;2473217;3033327;11454071;59162720;1101731;4414265;-22973;1101731;65757474;77211545;836526;2186234;0;881931;547838;973201;5425730;3353822;0;7678009;0;0;11031831;16457561;32002;2501259;14912788;24589463;0;18718472;60753984;77211545;
5108;890401608;2019-12-31;2018;MILES;263117;4892529;4909235;3352989;13417870;56828165;353506;2118752;780613;353506;60434542;73852412;1279767;4098545;0;571308;1260867;1379984;8590471;0;0;7427635;0;0;7427635;16018106;32002;2501259;17911806;21820722;0;15568517;57834306;73852412;
5109;900308801;2019-12-31;2019;MILES;232410;0;50650;3245878;3528938;4011829;17961321;76679877;60551101;17961321;177165449;180694387;6939596;1627305;0;91287;412700;18732961;27803849;5879654;0;22121975;0;0;28001629;55805478;2775000;75579195;6458148;40076566;0;0;124888909;180694387;
5110;900308801;2019-12-31;2018;MILES;380470;0;236463;2848618;3465551;4101838;14524693;77363324;64182922;14524693;174697470;178163021;4605310;1173221;0;98425;348093;18579915;24804964;6153239;0;22121975;0;0;28275214;53080178;2775000;75579195;6458148;40270500;0;0;125082843;178163021;
5111;900111607;2019-12-31;2019;MILES;2117;3166;0;0;5283;0;0;0;336082478;0;336082478;336087761;0;301898;0;0;16;0;301914;0;0;0;0;0;0;301914;4960796;348814736;102661214;-120650899;0;0;335785847;336087761;
5112;900111607;2019-12-31;2018;MILES;22567;0;0;0;22567;0;0;0;244098896;0;244098896;244121463;0;257133;0;0;3067;0;260200;0;0;0;0;0;0;260200;4960796;348814736;-1160382;-108753887;0;0;243861263;244121463;
5113;891401705;2019-12-31;2019;MILES;2375265;16804952;35202213;20513032;74895462;389243722;5070245;0;6972690;5070245;406356902;481252364;15839137;32744771;0;1629006;91218;6884730;57188862;171595894;0;37075945;0;4333088;213004927;270193789;1977037;106;84587998;124493434;0;0;211058575;481252364;
5114;891401705;2019-12-31;2018;MILES;516600;19606670;37694519;18288430;76106219;389573215;5337221;0;4107219;5337221;404354876;480461095;20064825;26827854;0;1647282;40629;5421547;54002137;194977520;0;36728400;0;191518;231897438;285899575;1977037;106;83301811;109282566;0;0;194561520;480461095;
5115;900867653;2019-12-31;2019;MILES;9107745;7737489;54444;0;16899678;169177209;0;0;13786799;0;182964008;199863686;499306;7038609;0;231433;3368;80136;7852852;97371768;0;0;0;0;97371768;105224620;4281127;75641424;0;-4780860;0;19497375;94639066;199863686;
5116;900867653;2019-12-31;2018;MILES;6309584;5556963;1527;0;11868074;117903188;0;0;263274;0;118166462;130034536;219995;1577174;256000;168360;1330;0;2222859;33300606;5349;0;0;0;33305955;35528814;4281127;75641424;0;-3775181;0;18358352;94505722;130034536;
5117;830035904;2019-12-31;2019;MILES;7088888;18935152;77597611;0;103621651;8881270;0;0;3627569;0;12508839;116130490;0;70290055;11198618;788218;1265314;3722668;87264873;0;0;911009;0;0;911009;88175882;5000000;36323960;0;-13369352;0;0;27954608;116130490;
5118;830035904;2019-12-31;2018;MILES;2343248;10283887;118797383;0;131424518;8815888;0;0;5293045;0;14108933;145533451;0;65967565;12716551;556124;4830577;3987843;88058660;0;0;684466;0;0;684466;88743126;5000000;36323960;0;15466365;0;0;56790325;145533451;
5119;890925215;2019-12-31;2019;MILES;1272845;5813893;134973342;71425073;213485153;123562170;5230796;6865813;42731112;5230796;183620687;397105840;64610211;65861400;0;0;5244260;1397310;137113181;60308751;0;15815739;0;1303459;77427949;214541130;7400000;253000;121803718;39325051;0;13782941;182564710;397105840;
5120;890925215;2019-12-31;2018;MILES;952367;0;136431558;68968777;206352702;123877788;6413453;5752269;26665067;6413453;169122030;375474732;75880398;53200863;0;0;5560074;1564155;136205490;63293027;0;14103520;0;718539;78115086;214320576;7360000;253000;87844816;59301387;0;6394953;161154156;375474732;
5121;890904815;2019-12-31;2019;MILES;18247913;86796687;79227812;38385827;222658239;10302006;32193885;65735066;-5821765;32193885;134603077;357261316;9971079;64357896;12623584;2349866;3562853;495497;93360775;158509976;69903576;18017105;908366;18412644;265751667;359112442;3669774;29067690;6968771;-41557361;0;0;-1851126;357261316;
5122;890904815;2019-12-31;2018;MILES;12778466;89987475;60542320;37856072;201164333;11260507;45192104;49291751;-26211772;45192104;124724694;325889027;2302283;60174204;10861206;2439361;4294148;4322063;84393265;151157667;58297361;13133029;908365;18036866;241533288;325926553;3669774;29067690;6968771;-39743761;0;0;-37526;325889027;
5123;900017459;2019-12-31;2019;MILES;45273741;466645;21028863;0;66769249;0;0;0;1206638989;0;1206638989;1273408238;13477;55578907;0;0;0;0;55592384;0;0;0;0;0;0;55592384;36081593;256669345;661622368;263442548;0;0;1217815854;1273408238;
5124;900017459;2019-12-31;2018;MILES;11255377;404970;75400502;0;87060849;0;0;0;1109947692;0;1109947692;1197008541;619762;90178903;0;0;0;0;90798665;0;0;0;0;0;0;90798665;36081593;256669345;661622368;151836570;0;0;1106209876;1197008541;
5125;900531210;2019-12-31;2019;MILES;1373617931;1210318127;953244153;387920146;3925100357;8708122420;0;0;5139470358;0;13847592778;17772693135;1341664;902584002;10009466;0;327474759;62638600;1304048491;10205530;4904031;0;36296397;825135073;876541031;2180589522;1981542342;7986672095;1652469412;2926612402;0;1044807362;15592103613;17772693135;
5126;900531210;2019-12-31;2018;MILES;1123831502;1311851458;794005525;339638190;3569326675;8608124632;0;0;4487410950;0;13095535582;16664862257;0;693572045;1489901;0;389955758;0;1085017704;12703732;12197530;60606394;0;606439275;691946931;1776964635;1981542342;7986672095;1666277598;2208598225;0;1044807362;14887897622;16664862257;
5127;830068119;2019-12-31;2019;MILES;2524534;7508460;69224601;33223557;112481152;65389163;0;6162074;31774133;0;103325370;215806522;32352072;39293319;0;2552598;0;1017868;75215857;48153693;4502386;0;0;0;52656079;127871936;31300000;33571521;20330578;2732487;0;0;87934586;215806522;
5128;830068119;2019-12-31;2018;MILES;1878254;16649643;78072899;34403853;131004649;67813906;0;0;32371953;0;100185859;231190508;36527042;55539652;839781;2387819;0;2371643;97665937;50043551;0;0;0;0;50043551;147709488;31300000;33571521;43305349;-24695850;0;0;83481020;231190508;
5129;800099903;2019-12-31;2019;MILES;3810105;4318354;114919859;32031199;155079517;27572210;124697016;0;-96414338;124697016;180551904;335631421;44832008;81267196;0;3408548;2110671;0;131618423;156574692;0;0;0;8159993;164734685;296353108;9519968;11735711;91515612;-73492978;0;0;39278313;335631421;
5130;800099903;2019-12-31;2018;MILES;8654205;7501451;140462546;35398282;192016484;32459649;123924866;73361;-99059385;123924866;181323357;373339841;19872200;121710694;0;3649476;2594643;0;147827013;167132957;148304;0;0;7898296;175179557;323006570;9519968;11735711;92574829;-63497237;0;0;50333271;373339841;
5131;890800718;2019-12-31;2019;MILES;2956300;19929437;132484482;119934227;275304446;189715846;32803;2118349;204813298;32803;396713099;672017545;38009538;92550399;0;8943559;5553675;0;145057171;71997865;481145;19674797;0;5233789;97387596;242444767;4556474;4354;160955453;264056497;0;0;429572778;672017545;
5132;890800718;2019-12-31;2018;MILES;5711506;25698448;119381850;119725526;270517330;159782893;133407;2398300;253887935;133407;416335942;686853272;125580535;102953016;0;7899825;3941167;0;240374543;38560000;222518;20017503;0;6674380;65474401;305848944;4556474;4354;106481601;269961899;0;0;381004328;686853272;
5133;890908901;2019-12-31;2019;MILES;967541;6144677;16621320;4847516;28581054;148627952;0;0;151833116;0;300461068;329042122;9166573;12415551;5;0;0;4317027;25899156;14454736;130762787;10022769;0;12025980;167266272;193165428;5312360;4923404;24865181;100775749;0;0;135876694;329042122;
5134;890908901;2019-12-31;2018;MILES;1482641;4682197;15738294;7752572;29655704;137858903;0;0;99735234;0;237594137;267249841;7039815;13463388;0;0;0;5445927;25949130;8570806;89653058;9849366;0;0;108073230;134022360;5312360;4923404;22156846;100834871;0;0;133227481;267249841;
5135;860009808;2019-12-31;2019;MILES;29670977;4044208;77173443;24877092;135765720;472565315;0;0;113038528;0;585603843;721369563;79539720;132526217;2806496;8877605;34490873;0;258240911;6101145;0;87535500;0;25816709;119453354;377694265;217343296;55243;41032247;85244512;0;0;343675298;721369563;
5136;860009808;2019-12-31;2018;MILES;39187201;5866572;76215665;25292144;146561582;471083668;0;0;111285280;0;582368948;728930530;11673536;105895955;297476;9300809;29071231;0;156239007;152162320;0;91674593;0;25197533;269034446;425273453;217343296;55243;40783993;45474545;0;0;303657077;728930530;
5137;860000006;2019-12-31;2019;MILES;71937729;2747478;213386209;70475620;358547036;98608913;567454;684964;263382754;567454;363811539;722358575;37149694;282566180;8944847;4960986;20465184;0;354086891;112470347;0;10855596;0;845036;124170979;478257870;31781905;16008857;72382548;32882789;0;91044606;244100705;722358575;
5138;860000006;2019-12-31;2018;MILES;57237562;3716636;161447596;66310118;288711912;96639636;566679;561279;250840924;566679;349175197;637887109;37203321;228210210;5695796;4080809;15222366;0;290412502;112730692;0;13435084;0;788745;126954521;417367023;31781905;24127852;40637582;32928141;0;91044606;220520086;637887109;
5139;900612501;2019-12-31;2019;MILES;9328178;526395;84217272;88356153;182427998;33389403;0;0;8124705;0;41514108;223942106;53367378;42595397;0;0;9846000;4501611;110310386;21766579;0;1329510;0;2818634;25914723;136225109;3653920;60816505;673136;22573436;0;0;87716997;223942106;
5140;900612501;2019-12-31;2018;MILES;12433085;6800352;96156584;78680533;194070554;22671073;0;0;9194948;0;31866021;225936575;21669254;64751553;0;0;15805914;3970635;106197356;28529157;0;1049225;0;2342725;31921107;138118463;3653920;60816505;662913;22684774;0;0;87818112;225936575;
5141;830113608;2019-12-31;2019;MILES;6717234;3208543;17448647;1939131;29313555;435280456;9998145;758021925;154260756;9998145;1367559427;1396872982;313487758;455995037;606670;39750;738711;13709675;784577601;0;0;64033547;0;0;64033547;848611148;491317;164877171;353214578;29678768;0;0;548261834;1396872982;
5142;830113608;2019-12-31;2018;MILES;3121804;718306703;25390013;17944214;764762734;28443863;9816280;130886332;191592717;9816280;370555472;1135318206;22318930;422686542;40717;40130;437762;216098;445740179;0;0;59533224;0;0;59533224;505273403;491317;164877171;364904477;99771838;0;0;630044803;1135318206;
5143;800148160;2019-12-31;2019;MILES;2650;19103;7387;0;29140;0;0;0;6178231947;0;6178231947;6178261087;0;1666711954;0;0;4766816;0;1671478770;0;0;0;0;0;0;1671478770;1450;2973998;-1537910023;6041716892;0;0;4506782317;6178261087;
5144;800148160;2019-12-31;2018;MILES;233365;19103;7387;0;259855;0;0;0;5448126813;0;5448126813;5448386668;0;1625319893;0;0;189807;0;1625509700;0;0;0;0;0;0;1625509700;1450;2973998;-2088207887;5908109407;0;0;3822876968;5448386668;
5145;900104079;2019-12-31;2019;MILES;100468091;1882076;198552045;0;300902212;0;219809995;0;4138543603;219809995;4578163593;4879065805;0;0;0;0;187778;0;187778;0;0;0;0;0;0;187778;15437;332359008;-249819265;4796322847;0;0;4878878027;4879065805;
5146;900104079;2019-12-31;2018;MILES;20943243;0;193977115;0;214920358;0;218026352;0;3625045640;218026352;4061098344;4276018702;0;0;0;0;4973547;0;4973547;0;0;0;0;0;0;4973547;15437;332359008;-735100531;4673771241;0;0;4271045155;4276018702;
5147;900104081;2019-12-31;2019;MILES;75788838;1152534;263705904;0;340647276;0;31000000;0;2593342882;31000000;2655342882;2995990158;0;0;0;0;135753;0;135753;0;0;0;0;0;0;135753;7455;102457690;-155061127;3048450387;0;0;2995854405;2995990158;
5148;900104081;2019-12-31;2018;MILES;18339253;0;254919965;0;273259218;0;31000000;0;2284445329;31000000;2346445329;2619704547;0;0;0;0;2783978;0;2783978;0;0;0;0;0;0;2783978;7455;102457690;-457520651;2971976075;0;0;2616920569;2619704547;
5149;901142543;2019-12-31;2019;MILES;10012625;0;118060240;0;128072865;0;9000000;0;99811750;9000000;117811750;245884615;0;0;0;0;290342;0;290342;0;0;0;0;0;0;290342;367433;20777248;89695121;134754471;0;0;245594273;245884615;
5150;901142543;2019-12-31;2018;MILES;3432660;0;117922332;0;121354992;0;9000000;0;65033221;9000000;83033221;204388213;0;0;0;0;718012;0;718012;0;0;0;0;0;0;718012;367433;20777248;54267626;128257894;0;0;203670201;204388213;
5151;800001204;2019-12-31;2019;MILES;93667;2824956;26527533;0;29446156;4921330;10753873;0;33186121;10753873;59615197;89061353;4646355;15841;0;0;123823;6725;4792744;13666185;0;0;0;41918704;55584889;60377633;1894014;1751330;955120;24083256;0;0;28683720;89061353;
5152;800001204;2019-12-31;2018;MILES;134442;3076625;28472261;0;31683328;5007287;8226640;0;35046688;8226640;56507255;88190583;4314845;3158803;0;0;71744;12275;7557667;13510131;0;0;0;37294022;50804153;58361820;1894014;1751330;955120;25228299;0;0;29828763;88190583;
5153;890300005;2019-12-31;2019;MILES;188715;18636166;22218960;6050341;47094182;146286049;16585548;245598036;173144190;16585548;598199371;645293553;19281084;106043470;0;5135583;3527951;2324383;136312471;277552436;11237308;31611461;0;30505266;350906471;487218942;6882538;10315350;62360753;78515970;0;0;158074611;645293553;
5154;890300005;2019-12-31;2018;MILES;522689;19201912;19460492;6050341;45235434;154078902;45884724;231096985;49414784;45884724;526360119;571595553;35330720;45579940;0;4980138;4996021;2930744;93817563;173084308;93358892;31453065;0;28864660;326760925;420578488;6882538;10315350;50965824;82853353;0;0;151017065;571595553;
5155;900191693;2019-12-31;2019;MILES;1811022;691932;1095521;0;3598475;0;0;55114582;3576850;0;58691432;62289907;11216679;2454663;0;0;104710;0;13776052;31557255;0;0;0;0;31557255;45333307;11053522;22121906;0;-16218828;0;0;16956600;62289907;
5156;900191693;2019-12-31;2018;MILES;1371508;538705;1105225;0;3015438;0;0;57951649;10104953;0;68056602;71072040;9408695;1252886;0;0;254047;1152;10916780;39139114;0;0;0;0;39139114;50055894;10563522;18981986;0;-8529362;0;0;21016146;71072040;
5157;860004902;2019-12-31;2019;MILES;6005807;881468;66141432;55763;73084470;114292;63;0;16357865;63;16472283;89556753;0;70432583;0;404695;207425;737038;71781741;0;0;0;0;2847037;2847037;74628778;2312000;0;8078340;4537635;0;0;14927975;89556753;
5158;860004902;2019-12-31;2018;MILES;5459422;527856;35616608;54375;41658261;138329;63;0;13044863;63;13183318;54841579;0;39339849;0;369991;237768;0;39947608;0;0;0;0;0;0;39947608;2312000;0;5414910;7167061;0;0;14893971;54841579;
5159;830113601;2019-12-31;2019;MILES;175696968;2889900;461625919;0;640212787;0;937386078;0;4383554405;937386078;6258326561;6898539348;1736419;2700000;0;0;492711;0;4929130;314901900;0;0;0;0;314901900;319831030;1597918;35197037;407171641;6134741722;0;0;6578708318;6898539348;
5160;830113601;2019-12-31;2018;MILES;19655543;0;427845586;0;447501129;0;928859796;0;3797038663;928859796;5654758255;6102259384;1927896;2500000;0;0;8204192;0;12632088;349891000;0;0;0;0;349891000;362523088;1597918;35197037;-277374257;5980315598;0;0;5739736296;6102259384;
5161;830113603;2019-12-31;2019;MILES;138026141;1252457;858969388;0;998247986;0;1244321446;0;1094525706;1244321446;3583168598;4581416584;1130392;420272709;0;0;308388;0;421711489;214400000;0;0;0;0;214400000;636111489;920836;178273198;1792090034;1974021027;0;0;3945305095;4581416584;
5162;830113603;2019-12-31;2018;MILES;38623275;0;902513197;0;941136472;0;1232345839;0;759775615;1232345839;3224467293;4165603765;1200887;470231018;0;0;8628590;0;480060495;226000000;0;0;0;0;226000000;706060495;920836;178273198;1474437188;1805912048;0;0;3459543270;4165603765;
5163;830113604;2019-12-31;2019;MILES;8609740;73716;3750896;0;12434352;0;30000000;0;103859787;30000000;163859787;176294139;0;0;0;0;16049;0;16049;0;0;0;0;0;0;16049;21434;131002;54834904;121290750;0;0;176278090;176294139;
5164;830113604;2019-12-31;2018;MILES;2148187;0;2843058;0;4991245;0;30000000;0;70452278;30000000;130452278;135443523;0;0;0;0;619949;0;619949;0;0;0;0;0;0;619949;21434;131002;24017999;110653139;0;0;134823574;135443523;
5165;860401123;2019-12-31;2019;MILES;43;165;182563;0;182771;0;0;0;293520;0;293520;476291;0;0;0;0;21;0;21;0;0;0;0;0;0;21;115000;0;711515;-350245;0;0;476270;476291;
5166;860401123;2019-12-31;2018;MILES;42;0;212091;0;212133;0;0;0;293519;0;293519;505652;0;0;0;0;7038;0;7038;0;0;0;0;0;0;7038;115000;0;711515;-327901;0;0;498614;505652;
5167;800148159;2019-12-31;2019;MILES;8598;409;0;0;9007;0;0;0;5226685492;0;5226685492;5226694499;0;1531167107;0;0;2652732;0;1533819839;0;0;0;0;0;0;1533819839;1558;5779376;-1413510483;5100604209;0;0;3692874660;5226694499;
5168;800148159;2019-12-31;2018;MILES;557992;410;0;0;558402;0;0;0;4615553029;0;4615553029;4616111431;0;1507719935;0;0;173623;0;1507893558;0;0;0;0;0;0;1507893558;1558;5779376;-1891776102;4994213041;0;0;3108217873;4616111431;
5169;800148163;2019-12-31;2019;MILES;708560;21953;249466;0;979979;0;0;0;5673088047;0;5673088047;5674068026;0;1564363524;0;0;3618996;0;1567982520;0;0;0;0;0;0;1567982520;1649;1578243;-1603833841;5708339455;0;0;4106085506;5674068026;
5170;800148163;2019-12-31;2018;MILES;579480;0;199801;0;779281;0;0;0;5005127818;0;5005127818;5005907099;0;1533322464;0;0;232238;0;1533554702;0;0;0;0;0;0;1533554702;1649;1578243;-2114151419;5584923924;0;0;3472352397;5005907099;
5171;900257179;2019-12-31;2019;MILES;55026262;894089;347557566;0;403477917;0;0;0;1166075635;0;1166075635;1569553552;0;0;0;0;149232;0;149232;0;0;0;0;0;0;149232;746270163;0;-64699648;887833805;0;0;1569404320;1569553552;
5172;900257179;2019-12-31;2018;MILES;204732;0;328634892;0;328839624;0;0;0;1044667650;0;1044667650;1373507274;0;0;0;0;2184794;0;2184794;0;0;0;0;0;0;2184794;746270163;0;-233971731;859024048;0;0;1371322480;1373507274;
5173;900104080;2019-12-31;2019;MILES;84312532;1320739;137913888;0;223547159;0;191009230;0;3106052163;191009230;3488070623;3711617782;0;998;0;0;151554;0;152552;0;0;0;0;0;0;152552;5939;73789306;-159297986;3796967971;0;0;3711465230;3711617782;
5174;900104080;2019-12-31;2018;MILES;19822765;0;133638788;0;153461553;0;189450019;0;2718584271;189450019;3097484309;3250945862;0;998;0;0;3506302;0;3507300;0;0;0;0;0;0;3507300;5939;73789306;-530491799;3704135116;0;0;3247438562;3250945862;
5175;800027082;2019-12-31;2019;MILES;3076831;28737;932834;0;4038402;0;0;0;6556681;0;6556681;10595083;0;5814;0;0;1623;0;7437;0;0;0;0;0;0;7437;100144;0;12040319;-1552817;0;0;10587646;10595083;
5176;800027082;2019-12-31;2018;MILES;3248731;0;793512;0;4042243;0;0;0;7505375;0;7505375;11547618;0;5814;0;0;93383;0;99197;0;0;0;0;0;0;99197;100144;0;13002249;-1653972;0;0;11448421;11547618;
5177;860402513;2019-12-31;2019;MILES;124069;931327;7998013;0;9053409;0;0;0;22106309;0;22106309;31159718;0;1058;0;0;16777;0;17835;0;0;0;0;1181846;1181846;1199681;300000;3766;5022453;24633818;0;0;29960037;31159718;
5178;860402513;2019-12-31;2018;MILES;170609;996819;6325907;0;7493335;0;0;0;24382862;0;24382862;31876197;0;4951;0;0;56756;0;61707;0;0;0;0;812943;812943;874650;300000;3766;3576121;27121660;0;0;31001547;31876197;
5179;890201210;2019-12-31;2019;MILES;30011341;15870771;36388224;7410222;89680558;222438647;2758237;7542910;53479538;2758237;288977569;378658127;0;39842350;11721658;18538941;1490701;0;71593650;0;0;0;0;196293997;196293997;267887647;83191455;4364081;40612128;-26432177;0;9034993;110770480;378658127;
5180;890201210;2019-12-31;2018;MILES;15724878;19406902;39213962;7264525;81610267;234892761;2594561;6886440;64769008;2594561;311737331;393347598;0;45234039;16135729;17786725;1698385;0;80854878;0;0;0;0;199599104;199599104;280453982;83191455;4364081;39577724;-20091450;0;5851806;112893616;393347598;
5181;830111922;2019-12-31;2019;MILES;48430;32024;1195243;0;1275697;6355;0;0;31727952;0;31734307;33010004;0;920873;0;0;43336;1;964210;0;346213;0;0;0;346213;1310423;10000;0;17821202;13868379;0;0;31699581;33010004;
5182;830111922;2019-12-31;2018;MILES;304730;15767;1959900;0;2280397;7243;0;0;27148607;0;27155850;29436247;0;496624;0;0;55326;555;552505;0;1782669;0;0;0;1782669;2335174;10000;0;15632509;11458564;0;0;27101073;29436247;
5183;860003831;2019-12-31;2019;MILES;10244393;12246082;46616112;15399178;84505765;152103757;0;41580522;65131127;0;258815406;343321171;19119571;49269368;0;11414981;10136127;5088;89945135;56008448;0;19589439;0;5139296;80737183;170682318;3539525;11750;60222292;31516194;0;77349092;172638853;343321171;
5184;860003831;2019-12-31;2018;MILES;15227159;9297508;36965031;14698075;76187773;150912164;0;36486732;55418759;0;242817655;319005428;38857014;32097064;0;10130555;9595829;0;90680462;21191237;0;20203964;0;5137796;46532997;137213459;3539525;11750;66342237;35056628;0;76841829;181791969;319005428;
5185;860533413;2019-12-31;2019;MILES;6485559;10397780;25707356;13270346;55861041;103992210;3952429;0;421782955;3952429;533680023;589541064;16066990;73052699;2966720;9342974;10428487;42369765;154227635;43056645;0;103640637;0;259897071;406594353;560821988;500000;0;-505500;28724576;0;0;28719076;589541064;
5186;860533413;2019-12-31;2018;MILES;9118515;7668378;38782472;13428132;68997497;104605227;48266;0;24747515;48266;129449274;198446771;16421950;65955367;3227425;7916944;10647904;0;104169590;49861311;0;18255313;0;4968440;73085064;177254654;500000;0;-52619;20744736;0;0;21192117;198446771;
5187;900328834;2019-12-31;2019;MILES;1164103;2062284;2042884;5582425;10851696;24301991;389;0;54580087;389;78882856;89734552;2024762;7189910;425872;1037394;2399459;5579992;18657389;4205502;0;15096561;0;34288640;53590703;72248092;15009100;401564;0;2075796;0;0;17486460;89734552;
5188;900328834;2019-12-31;2018;MILES;1444623;1274994;1761619;4452722;8933958;22443123;0;0;4222229;0;26665352;35599310;2192585;21895342;272951;892662;1448835;0;26702375;4266549;0;3943098;0;26644;8236291;34938666;387100;401564;0;-128020;0;0;660644;35599310;
5189;900226833;2019-12-31;2019;MILES;167027;396710;6975537;528799;8068073;4976027;0;0;9057677;0;14033704;22101777;100867;820258;2;195314;703303;0;1819744;358622;0;241305;0;39855;639782;2459526;4041624;4001547;121980;11477100;0;0;19642251;22101777;
5190;900226833;2019-12-31;2018;MILES;269798;258442;5044943;589394;6162577;4845883;0;0;8717946;0;13563829;19726406;124980;633082;1266;207480;514265;0;1481073;95118;0;182441;0;23538;301097;1782170;4041624;4001547;-19792;9920857;0;0;17944236;19726406;
5191;891304849;2019-12-31;2019;MILES;420737;3650955;26549402;31293341;61914435;10505233;7363876;0;21901017;7363876;47134002;109048437;22429325;22569728;257133;1267479;1022155;2748921;50294741;15293203;13336210;777091;0;0;29406504;79701245;8929606;0;4896718;834990;0;14685878;29347192;109048437;
5192;891304849;2019-12-31;2018;MILES;398390;2952157;24834694;30507816;58693057;18028224;0;0;23336023;0;41364247;100057304;17863816;23637450;1079300;1269792;1360393;3573673;48784424;15209862;10045781;675758;0;607999;26539400;75323824;8929482;0;2752436;3072841;0;9978721;24733480;100057304;
5193;817002510;2019-12-31;2019;MILES;2772749;5362880;45698663;7435161;61269453;32044420;402855;0;6310018;402855;39160148;100429601;0;28754495;0;378756;4100366;215575;33449192;0;0;1797757;0;6675787;8473544;41922736;5783876;25304414;11167241;16251334;0;0;58506865;100429601;
5194;817002510;2019-12-31;2018;MILES;1286977;3382533;60722064;9555208;74946782;31778246;350498;0;-350498;350498;32128744;107075526;0;11816408;0;349231;12519215;0;24684854;0;0;1629312;0;0;1629312;26314166;5783876;25304414;11130491;38542579;0;0;80761360;107075526;
5195;900191557;2019-12-31;2019;MILES;1700372;23330;1749267;0;3472969;0;0;2750600;195829216;0;198579816;202052785;0;1574575;0;0;0;0;1574575;0;0;552804;0;0;552804;2127379;763006;60261020;30016024;38741424;0;70143932;199925406;202052785;
5196;900191557;2019-12-31;2018;MILES;2111196;0;1674006;0;3785202;0;0;2750600;203078517;0;205829117;209614319;0;1473339;0;0;6876;0;1480215;0;0;548796;0;0;548796;2029011;763006;60261020;33538067;42157145;0;70866070;207585308;209614319;
5197;830037774;2019-12-31;2019;MILES;45323;0;288493737;21494484;310033544;232058801;0;0;201003478;0;433062279;743095823;0;22087;0;0;25415360;0;25437447;0;0;58189255;0;0;58189255;83626702;13020;0;17622544;356391487;0;285442070;659469121;743095823;
5198;830037774;2019-12-31;2018;MILES;26957;0;207571482;11527092;219125531;256904526;0;0;188166052;0;445070578;664196109;0;57083;0;0;36347926;0;36405009;0;0;65088033;0;0;65088033;101493042;13020;0;21461581;282889991;0;258338475;562703067;664196109;
5199;860001022;2019-12-31;2019;MILES;18103073;11727303;108876550;18443558;157150484;319521623;0;0;77058705;0;396580328;553730812;163250579;45181032;871659;10676498;10422974;31693704;262096446;0;0;1916135;0;14681054;16597189;278693635;117193174;0;26184529;15530488;0;116128986;275037177;553730812;
5200;860001022;2019-12-31;2018;MILES;27868114;10352571;91135144;22023813;151379642;314970637;0;0;79170492;0;394141129;545520771;22677317;60732974;852313;12473838;9189045;19434616;125360103;114296172;0;0;0;16552564;130848736;256208839;117193174;0;26992111;145126647;0;0;289311932;545520771;
5201;890925108;2019-12-31;2019;MILES;732240;1453618;104946759;26237224;133369841;180725576;622973;0;67077020;622973;249048542;382418383;3902738;57185234;0;2421483;1209612;8142126;72861193;18495869;0;10858686;0;2115429;31469984;104331177;11426976;1656341;195356109;69647780;0;0;278087206;382418383;
5202;890925108;2019-12-31;2018;MILES;1434229;1319424;100725096;22254442;125733191;152565357;759674;0;61567361;759674;215652066;341385257;9918378;33955869;0;2198663;6131378;6239044;58443332;35996720;0;11659463;0;1765077;49421260;107864592;11426976;1656341;163766046;56671302;0;0;233520665;341385257;
5203;830512304;2019-12-31;2019;MILES;6525458;168329;25868895;8577058;41139740;7949091;14026059;0;-14015375;14026059;21985834;63125574;570874;31859234;0;542259;322691;45686;33340744;9948758;9694556;0;186409;26554;19856277;53197021;3000000;0;493898;6434655;0;0;9928553;63125574;
5204;830512304;2019-12-31;2018;MILES;923369;87286;20055815;2815453;23881923;7857112;11949162;0;-11759500;11949162;19995936;43877859;485354;12411325;0;524506;1424459;158151;15003795;10003133;9788764;0;304165;256589;20352651;35356446;3000000;0;493898;5027515;0;0;8521413;43877859;
5205;860013704;2019-12-31;2019;MILES;7799085;17440497;30686307;14196824;70122713;173822917;11638272;0;-3980627;11638272;193118834;263241547;361856;18918496;65000;3618196;3765078;1307819;28036445;2920956;0;13978275;0;4294570;21193801;49230246;58117673;0;121700452;34193176;0;0;214011301;263241547;
5206;860013704;2019-12-31;2018;MILES;42726676;3630515;25123368;10731780;82212339;176243254;13116954;0;-10119252;13116954;192357910;274570249;349788;30012825;333118;4279045;3039932;0;38014708;2827198;14991535;13018164;0;873740;31710637;69725345;58117673;0;104964914;41762317;0;0;204844904;274570249;
5207;890930534;2019-12-31;2019;MILES;3239693;29031242;18323112;7619322;58213369;45910467;18110120;4101355;40379200;18110120;126611262;184824631;15512300;15876800;0;2437024;4216166;1339406;39381696;44054935;26943932;6605124;0;0;77603991;116985687;1600000;22582312;6734454;11194717;0;25727461;67838944;184824631;
5208;890930534;2019-12-31;2018;MILES;3232147;6588661;20218723;8836217;38875748;69706463;2869802;5318888;45324940;2869802;126089895;164965643;15751616;16745514;0;2580822;3175465;563232;38816649;27725438;26751709;6451897;0;0;60929044;99745693;1600000;22582312;7808131;7931206;0;25298301;65219950;164965643;
5209;800244309;2019-12-31;2019;MILES;13038098;4851083;12311166;0;30200347;2070332;12080016;0;-4625643;12080016;21604721;51805068;0;29594500;0;1376847;1694429;1181465;33847241;3682570;9308742;0;0;500147;13491459;47338700;1197980;0;816964;2451424;0;0;4466368;51805068;
5210;800244309;2019-12-31;2018;MILES;4692216;3978766;23300596;0;31971578;1057859;25691975;0;-22775065;25691975;29666744;61638322;57699;27605800;0;1116019;1556474;533916;30869908;4026360;7852102;0;0;15035177;26913639;57783547;1197980;0;816964;1839831;0;0;3854775;61638322;
5211;890906388;2019-12-31;2019;MILES;2365371;59981625;28767089;2358523;93472608;56966500;0;10460019;20597102;0;88023621;181496229;3434269;6345658;0;917544;419192;2223095;13339758;53752465;0;23923748;0;8387101;86063314;99403072;3926650;0;7239364;43118609;0;27808534;82093157;181496229;
5212;890906388;2019-12-31;2018;MILES;17195145;55358402;29719778;2625903;104899228;62746931;0;5376446;24485977;0;92609354;197508582;2718393;9627364;0;1404240;1625310;1466309;16841616;59325869;0;31217177;0;7179408;97722454;114564070;3926650;0;10769422;38813562;0;29434878;82944512;197508582;
5213;860522602;2019-12-31;2019;MILES;49673;21500;6590057;804238;7465468;34915;0;11959094;16248969;0;28242978;35708446;0;20519;0;45649;68748;10654;145570;0;10657847;13791;0;0;10671638;10817208;5290000;0;2108509;17492729;0;0;24891238;35708446;
5214;860522602;2019-12-31;2018;MILES;1260095;34130;5548181;1691090;8533496;42776;0;11671001;16202538;0;27916315;36449811;0;922429;0;52408;81984;9463;1066284;0;10973472;103982;0;0;11077454;12143738;5290000;0;2049992;16966081;0;0;24306073;36449811;
5215;860031606;2019-12-31;2019;MILES;7676953;10989173;196631977;274124151;489422254;297642031;154183;15102983;43101968;154183;356155348;845577602;0;455790915;0;4039936;9864955;0;469695806;0;96906358;30450529;0;10603205;137960092;607655898;4600000;34049632;43598333;36482927;0;119190812;237921704;845577602;
5216;860031606;2019-12-31;2018;MILES;4197731;9565873;142162819;223001770;378928193;232764701;26030511;11304768;-19211632;26030511;276918859;655847052;0;452115667;0;4284027;6201110;0;462600804;0;27666588;16864419;0;13387982;57918989;520519793;4600000;35493553;59142237;-10358229;0;46449698;135327259;655847052;
5217;811011779;2019-12-31;2019;MILES;25434958;4988012;154025515;28312189;212760674;861062189;6321887;0;426785751;6321887;1300491714;1513252388;882044289;61275608;211343;9356860;13830266;19272183;985990549;244280708;0;30655541;0;738284;275674533;1261665082;71267954;50308627;64050281;65960444;0;0;251587306;1513252388;
5218;811011779;2019-12-31;2018;MILES;16123307;48156647;113903394;17001258;195184606;968215922;0;0;123615271;0;1091831193;1287015799;860127688;73273688;204000;8259794;8627120;21054550;971546840;25547816;0;22450092;0;1914962;49912870;1021459710;71267954;50308627;72083226;71896282;0;0;265556089;1287015799;
5219;900090506;2019-12-31;2019;MILES;260770;872407;446242;0;1579419;0;0;0;29380172;0;29380172;30959591;0;0;0;0;0;0;0;0;0;0;0;0;0;0;11173847;192515955;13570149;-186300360;0;0;30959591;30959591;
5220;900090506;2019-12-31;2018;MILES;454376;944497;13020679;0;14419552;0;0;0;21686582;0;21686582;36106134;0;1826;0;0;0;0;1826;0;0;0;0;0;0;1826;11173847;192515955;17535103;-185120597;0;0;36104308;36106134;
5221;890300466;2019-12-31;2019;MILES;108929447;20570914;383192697;210444596;723137654;391319000;6268051;73637715;983443312;6268051;1460936129;2184073783;60131258;251984745;6714574;1312503;0;18808030;338951110;345245833;30035361;39179194;0;20078747;434539135;773490245;22203255;131393446;816982145;282045588;0;157959104;1410583538;2184073783;
5222;890300466;2019-12-31;2018;MILES;60607845;25403822;292659486;221277036;599948189;362965242;5978182;73457552;937657104;5978182;1386036262;1985984451;131300746;261052519;6471882;1390901;0;17836257;418052305;219269684;46890817;50766286;0;20073083;336999870;755052175;22203255;131393446;614826721;310398366;0;152110488;1230932276;1985984451;
5223;860036081;2019-12-31;2019;MILES;3747509;11693063;22315495;0;37756067;5409457;0;0;26606345;0;32015802;69771869;0;28016728;0;0;464900;630372;29112000;0;0;0;0;0;0;29112000;44972452;162000828;5327848;-171641259;0;0;40659869;69771869;
5224;860036081;2019-12-31;2018;MILES;2748313;11814049;98140745;3859747;116562854;23488065;0;0;28244175;0;51732240;168295094;0;122977209;0;0;934871;2394839;126306919;0;0;0;0;0;0;126306919;68275738;63326142;6203345;-95817050;0;0;41988175;168295094;
5225;901131258;2019-12-31;2019;MILES;0;26;892347;0;892373;0;0;0;111148639;0;111148639;112041012;0;0;0;0;552496;0;552496;0;14333419;0;0;0;14333419;14885915;50000;857248;15000;3178130;0;93054719;97155097;112041012;
5226;901131258;2019-12-31;2018;MILES;10037;0;890959;0;900996;0;0;0;96815220;0;96815220;97716216;0;0;0;0;441082;0;441082;0;0;0;0;0;0;441082;50000;857248;15000;3298167;0;93054719;97275134;97716216;
5227;802021888;2019-12-31;2019;MILES;3579744;126197348;0;0;129777092;52168877;0;0;165653930;0;217822807;347599899;11593049;55464012;0;0;0;10821433;77878494;0;0;5699776;0;155018664;160718440;238596934;2274944;24075992;50995009;14657020;0;17000000;109002965;347599899;
5228;802021888;2019-12-31;2018;MILES;13437136;146663272;0;0;160100408;53679869;0;0;149343888;0;203023757;363124165;30752802;41788934;0;0;0;20836468;93378204;0;0;3312780;0;158379870;161692650;255070854;2274944;24075992;38242610;26459765;0;17000000;108053311;363124165;
5229;830106920;2019-12-31;2019;MILES;4575435;0;107778767;21953162;134307364;15830776;0;0;7755646;0;23586422;157893786;41970065;29686414;0;655852;0;273782;72586113;15231125;0;0;0;0;15231125;87817238;66952600;0;2053505;988183;0;82260;70076548;157893786;
5230;830106920;2019-12-31;2018;MILES;1544500;0;136827096;23259896;161631492;16266143;0;0;3226976;0;19493119;181124611;65034286;26767868;0;694461;0;1575983;94072598;17963649;0;0;0;0;17963649;112036247;61043400;0;1396816;6565888;0;82260;69088364;181124611;
5231;891300513;2019-12-31;2019;MILES;1592791;28576613;28503218;7336657;66009279;428770188;224574;0;9302626;224574;438521962;504531241;24634387;42716556;712598;4318175;2928185;67376;75377277;129457115;156332;33656676;0;5426928;168697051;244074328;24930324;0;36467647;-41482561;0;240541503;260456913;504531241;
5232;891300513;2019-12-31;2018;MILES;2292387;25299237;26772432;9811706;64175762;408795203;267918;32941869;27361596;267918;469634504;533810266;59229610;38911615;657933;4535823;2200335;158948;105694264;69860695;2032319;34730366;0;5058048;111681428;217375692;27699977;0;45767485;-49792561;0;292759673;316434574;533810266;
5233;830122774;2019-12-31;2019;MILES;6630;259500;57461179;27655347;85382656;715807;0;10203901;4299014;0;15218722;100601378;8967863;54657405;0;0;1365878;257201;65248347;9529891;0;0;0;8007427;17537318;82785665;4066633;7762056;2247361;1148753;0;2590910;17815713;100601378;
5234;830122774;2019-12-31;2018;MILES;65646;1803164;16379275;13478666;31726751;10882198;0;0;4539015;0;15421213;47147964;9059825;8377425;0;0;876609;221130;18534989;9331565;0;0;0;1617487;10949052;29484041;4066633;7762056;2234590;1009734;0;2590910;17663923;47147964;
5235;860075208;2019-12-31;2019;MILES;7565202;1270765;9563539;19060888;37460394;8097181;0;0;13538617;0;21635798;59096192;2890145;12934403;129600;321263;1741900;583816;18601127;5965522;0;416626;0;0;6382148;24983275;3272400;37592;24401450;4418925;0;1982550;34112917;59096192;
5236;860075208;2019-12-31;2018;MILES;7100064;1593533;9965770;20062348;38721715;8334143;0;0;5152451;0;13486594;52208309;0;15680646;117516;331527;1216555;1554712;18900956;0;0;613361;0;0;613361;19514317;3272400;37592;24170228;3231222;0;1982550;32693992;52208309;
5237;900525906;2019-12-31;2019;MILES;3054591;46518;5200886;57989;8359984;5663329;0;0;138673;0;5802002;14161986;2327477;5416516;0;0;0;0;7743993;3935000;0;0;0;0;3935000;11678993;100000;0;1320824;1062169;0;0;2482993;14161986;
5238;900525906;2019-12-31;2018;MILES;1410336;321894;3220009;75339;5027578;5067705;0;0;276361;0;5344066;10371644;1769031;3801813;0;0;0;0;5570844;3380000;0;0;0;0;3380000;8950844;100000;0;1319707;1093;0;0;1420800;10371644;
5239;800204226;2019-12-31;2019;MILES;2609006;18800427;13757687;1800669;36967789;33549351;0;0;10926199;0;44475550;81443339;21024206;4837106;0;1244988;1558;799153;27907011;5673926;0;2542348;0;0;8216274;36123285;10000000;0;13864803;21455251;0;0;45320054;81443339;
5240;800204226;2019-12-31;2018;MILES;4886271;16876147;10204241;1424684;33391343;34382386;0;0;5467429;0;39849815;73241158;15662986;5574971;0;1030643;1653829;496074;24418503;0;0;2853649;0;0;2853649;27272152;10000000;0;17525738;18443268;0;0;45969006;73241158;
5241;830136799;2019-12-31;2019;MILES;42934588;2125482;99062929;125552590;269675589;172615022;9049038;12050600;411290491;9049038;614054189;883729778;183823447;95800186;0;2218522;34178443;905349;316925947;143816757;9098748;14174818;0;1176949;168267272;485193219;15919491;246685925;7965071;127966072;0;0;398536559;883729778;
5242;830136799;2019-12-31;2018;MILES;56755196;320733;92393369;97294834;246764132;168215350;9572515;12050600;263480166;9572515;462891146;709655278;53055623;102337765;0;2395548;42876696;0;200665632;207706888;9972619;12696550;0;193241;230569298;431234930;11860583;203689995;6037478;56832292;0;0;278420348;709655278;
5243;811036030;2019-12-31;2019;MILES;17497378;10465295;102770598;177768581;308501852;441547831;37439138;8796919;963411120;37439138;1488634146;1797135998;6667915;197721540;663285;14126749;20225690;0;239405179;302561464;7064777;67413474;0;17721163;394760878;634166057;24844;168379192;889973938;104591967;0;0;1162969941;1797135998;
5244;811036030;2019-12-31;2018;MILES;10650681;6615309;53915950;150741927;221923867;444676883;30350047;9072312;938699828;30350047;1453149117;1675072984;10052861;219951239;996230;12144423;28078048;452843;271675644;141615000;510497;60876142;0;15135543;218137182;489812826;24844;168379192;871037271;145818851;0;0;1185260158;1675072984;
5245;860053716;2019-12-31;2019;MILES;6812721;4286116;3390918;2346339;16836094;3026216;847180;34553;5154124;847180;9909253;26745347;0;554392;0;0;951200;320777;1826369;0;10128164;449288;0;97488;10674940;12501309;1000000;0;2094472;6874776;0;4274790;14244038;26745347;
5246;860053716;2019-12-31;2018;MILES;4114856;3565552;2733764;4210676;14624848;2815188;760589;31621;5136623;760589;9504610;24129458;0;518955;0;0;76832;232233;828020;0;10679153;456567;0;69067;11204787;12032807;1000000;0;2094472;4841087;0;4161092;12096651;24129458;
5247;890800127;2019-12-31;2019;MILES;30160;0;7012231;0;7042391;1011777;0;2303715;10906;0;3326398;10368789;0;25059;0;21676;116494;0;163229;0;0;434494;0;86335;520829;684058;759998;149649;742487;8032597;0;0;9684731;10368789;
5248;890800127;2019-12-31;2018;MILES;23912;0;7188716;0;7212628;1011777;0;226512;10906;0;1249195;8461823;0;23247;0;21128;81758;0;126133;0;0;105862;0;89075;194937;321070;759998;149649;745637;6485469;0;0;8140753;8461823;
5249;800180808;2019-12-31;2019;MILES;10306926;17003237;43621188;6270175;77201526;42474401;207629;0;17883384;207629;60773043;137974569;6180946;19444812;0;5184808;9406026;135384;40351976;15479642;20495273;7380908;0;0;43355823;83707799;36407567;40288383;20658132;-43087312;0;0;54266770;137974569;
5250;800180808;2019-12-31;2018;MILES;8163605;12394212;45732747;3841291;70131855;44170057;0;0;22710466;0;66880523;137012378;7360216;21140338;17009;3684801;6536431;324449;39063244;21462899;19974022;8349709;0;0;49786630;88849874;35321924;39146626;21049667;-47355713;0;0;48162504;137012378;
5251;860008448;2019-12-31;2019;MILES;196479;12070595;76203250;39308660;127778984;145914763;389350;34490061;440892712;389350;622076236;749855220;3348253;75784711;312464;7974633;11015007;6366400;104801468;303214429;0;82105271;0;38343890;423663590;528465058;22705000;130368750;31002969;37313443;0;0;221390162;749855220;
5252;860008448;2019-12-31;2018;MILES;245741;7784904;95167140;30065776;133263561;150863219;373231;33275588;340296588;373231;525181857;658445418;19465745;62547744;390828;7237667;9912068;209223;99763275;318776429;703840;50171132;0;4051041;373702442;473465717;22705000;130368750;63309385;-31403434;0;0;184979701;658445418;
5253;860017055;2019-12-31;2019;MILES;1822275;3570392;17025420;48024013;70442100;114243744;433881;0;111387619;433881;226499125;296941225;100615673;37930599;0;3332726;3509738;933863;146322599;16051065;0;18235754;0;3477531;37764350;184086949;6853433;0;86916449;19084394;0;0;112854276;296941225;
5254;860017055;2019-12-31;2018;MILES;2566084;2940861;28766249;38262510;72535704;110929813;461874;0;107026565;461874;218880126;291415830;8800972;39846828;66890;2351757;3082620;147077;54296144;115959000;0;17364414;0;1849799;135173213;189469357;6853433;0;80107801;14985239;0;0;101946473;291415830;
5255;890903310;2019-12-31;2019;MILES;5853003;1493418;87737571;51168170;146252162;111649253;1988436;9645862;98239117;1988436;223511104;369763266;2617530;72188388;2201550;1799383;492725;650324;79949900;73925524;0;0;0;637166;74562690;154512590;221600;950000;177222036;36857040;0;0;215250676;369763266;
5256;890903310;2019-12-31;2018;MILES;3309058;1038684;82756026;57584009;144687777;97940379;2033279;9733474;102259010;2033279;213999421;358687198;9665488;67142191;1710210;1923315;403964;41071;80886239;66550753;0;0;0;631486;67182239;148068478;221600;950000;130685224;78761896;0;0;210618720;358687198;
5257;890917295;2019-12-31;2019;MILES;8833735;161117;46131880;41345555;96472287;56354295;0;5062351;66546771;0;127963417;224435704;23837006;22992056;305850;2076902;2770306;124154;52106274;0;5247897;8377870;0;0;13625767;65732041;50146;3526965;19310399;96308531;0;39507622;158703663;224435704;
5258;890917295;2019-12-31;2018;MILES;4704863;153195;46653992;39596004;91108054;57083266;898467;5020498;63791007;898467;127691705;218799759;32030644;26960872;184429;1713742;1669267;126800;62685754;0;391513;8147724;0;0;8539237;71224991;50146;3526965;19310399;86557305;0;38129953;147574768;218799759;
5259;901140928;2019-12-31;2019;MILES;9291;8906;3781100;0;3799297;0;0;0;32264889;0;32264889;36064186;0;3787954;0;0;2905;0;3790859;0;0;0;0;0;0;3790859;1455054;14575412;32045058;-15802197;0;0;32273327;36064186;
5260;901140928;2019-12-31;2018;MILES;226;0;4570375;0;4570601;0;0;0;42850647;0;42850647;47421248;0;4559999;0;0;3495;0;4563494;0;0;0;0;0;0;4563494;1455054;14575412;32045058;-5217770;0;0;42857754;47421248;
5261;800133063;2019-12-31;2019;MILES;205369;0;25951400;1586195;27742964;60494100;5467437;0;4006821;5467437;75435795;103178759;6684690;50006114;40000;1694530;46976;5575739;64048049;3593870;31979907;742553;0;1060438;37376768;101424817;47674558;0;-2199897;-57599455;0;13878736;1753942;103178759;
5262;800133063;2019-12-31;2018;MILES;263683;0;19725045;1782010;21770738;63863954;5414585;0;2254856;5414585;76947980;98718718;6716181;55587717;40000;1548263;46976;183467;64122604;4038868;29486161;1807437;0;966099;36298565;100421169;42618173;0;-2957778;-57235619;0;15872773;-1702451;98718718;
5263;890304130;2019-12-31;2019;MILES;10538246;123482581;239257409;163253780;536532016;232225103;2592541;34238447;1362339017;2592541;1633987649;2170519665;85671332;274664348;170000;13855181;30721454;15287739;420370054;717620543;151084;48143456;0;78990594;844905677;1265275731;47381329;2771453;784486852;70604300;0;0;905243934;2170519665;
5264;890304130;2019-12-31;2018;MILES;7588489;124663367;157540470;145512099;435304425;240252778;3314459;33413037;1296220563;3314459;1576515296;2011819721;207569686;243858052;672270;12509688;49283238;2558497;516451431;489547028;151084;23772631;0;12989183;526459926;1042911357;47381329;2771453;821346576;97409006;0;0;968908364;2011819721;
5265;811035741;2019-12-31;2019;MILES;315082;9561160;35674081;10331792;55882115;173319815;2136660;19689023;82744122;2136660;280026280;335908395;416834;12922888;135000;9233303;5799983;560;28508568;39361000;0;33685856;0;25924631;98971487;127480055;249609;0;200458794;7719937;0;0;208428340;335908395;
5266;811035741;2019-12-31;2018;MILES;181454;8013342;35932508;9646337;53773641;182807947;2522217;20249564;66685892;2522217;274787837;328561478;15687775;11643987;135000;8637330;5872089;50;41976231;39361000;0;29789409;0;15177763;84328172;126304403;249609;0;181851876;20155590;0;0;202257075;328561478;
5267;890301960;2019-12-31;2019;MILES;6204772;20074437;145918952;107360283;279558444;486617346;12056667;400000;85435728;12056667;596566408;876124852;80650881;169031618;0;11492958;4277977;2995956;268449390;160051992;2692006;25143285;0;22748417;210635700;479085090;5966303;101397440;93825660;195850359;0;0;397039762;876124852;
5268;890301960;2019-12-31;2018;MILES;4372015;11647190;133991716;94013089;244024010;476115014;17596070;400000;77025695;17596070;588732849;832756859;30369944;140349491;0;14893097;5359145;0;190971677;192325139;12069704;21631170;0;3777957;229803970;420775647;5966303;101397440;84541283;220076186;0;0;411981212;832756859;
5269;890322007;2019-12-31;2019;MILES;20458411;2408026;96906140;40346618;160119195;254761903;0;766983;45610326;0;301139212;461258407;6636137;95638251;1409276;1898988;1231711;0;106814363;157803399;0;28215157;0;0;186018556;292832919;7730357;0;24354717;54072130;0;82268284;168425488;461258407;
5270;890322007;2019-12-31;2018;MILES;3280237;2442382;90687100;36712329;133122048;231383448;0;613420;54838405;0;286835273;419957321;28793084;48042944;1997223;1686496;3993173;0;84512920;145664584;0;26433384;0;0;172097968;256610888;7730357;0;14973835;65787186;0;74855055;163346433;419957321;
5271;860075684;2019-12-31;2019;MILES;2024876;7476276;6814761;42855598;59171511;38276613;0;0;5338737;0;43615350;102786861;35033828;5603762;0;0;2803216;0;43440806;0;0;0;0;0;0;43440806;5062500;0;2215947;45125172;0;6942436;59346055;102786861;
5272;860075684;2019-12-31;2018;MILES;1350432;8665637;8856957;41056365;59929391;38165091;0;0;4802746;0;42967837;102897228;36432716;5780079;0;0;4872768;0;47085563;0;0;0;0;0;0;47085563;5062500;0;2215947;41590782;0;6942436;55811665;102897228;
5273;900113435;2019-12-31;2019;MILES;8847300;3522013;34941613;72298;47383224;1017355;20425172;0;-6745467;20425172;35122232;82505456;2676141;16102262;0;4749539;4434295;0;27962237;2909536;2888548;757908;0;120000;6675992;34638229;2748228;5964526;317690;38836783;0;0;47867227;82505456;
5274;900113435;2019-12-31;2018;MILES;5677828;7081891;28689899;17498;41467116;806108;19881359;0;-8228233;19881359;32340593;73807709;2391905;21006761;0;3124825;7260720;173433;33957644;6293087;0;724336;0;120000;7137423;41095067;1248228;4386;1693409;29766619;0;0;32712642;73807709;
5275;900675108;2019-12-31;2019;MILES;173348;4762;0;0;178110;0;0;0;144769200;0;144769200;144947310;0;21588;0;0;1282;0;22870;0;0;0;0;0;0;22870;36816000;73631000;3880387;30451312;0;145741;144924440;144947310;
5276;900675108;2019-12-31;2018;MILES;259396;0;0;0;259396;0;0;0;141403132;0;141403132;141662528;0;50202;0;0;7841;0;58043;0;0;0;0;0;0;58043;36816000;73631000;2501324;28615590;0;40571;141604485;141662528;
5277;860072134;2019-12-31;2019;MILES;122338360;35462181;220655046;48046709;426502296;697014404;2107003;0;1522437311;2107003;2223665721;2650168017;44845151;410088712;84783889;0;31524972;0;571242724;97649946;0;0;0;416727625;514377571;1085620295;26733355;0;1183532673;690669069;0;-336387375;1564547722;2650168017;
5278;860072134;2019-12-31;2018;MILES;80299217;19616234;178800261;55694434;334410146;744038847;3390993;0;1251237085;3390993;2002057918;2336468064;35648337;319954398;42993300;0;70744920;0;469340955;103414845;0;0;0;314124993;417539838;886880793;26733355;0;1170184290;486136418;0;-233466792;1449587271;2336468064;
5279;860004828;2019-12-31;2019;MILES;40769268;13790227;116239838;158836813;329636146;348522257;0;2751243;34320023;0;385593523;715229669;137622931;166940133;2988350;5337237;9739724;3939539;326567914;21430277;0;24049697;0;3855896;49335870;375903784;31001000;67066390;67070639;174187856;0;0;339325885;715229669;
5280;860004828;2019-12-31;2018;MILES;20656096;68359632;101982641;164152129;355150498;296358661;0;2751243;10920149;0;310030053;665180551;250480427;61575025;2556012;4545802;4140385;1990252;325287903;0;0;24753315;0;3783973;28537288;353825191;31001000;67066390;75242919;138045051;0;0;311355360;665180551;
5281;890901271;2019-12-31;2019;MILES;36656072;43049986;139324947;239605277;458636282;324244778;0;2610651;413458596;0;740314025;1198950307;244444948;192551780;9383509;7989450;18697700;3181389;476248776;3951987;0;36763383;0;2653777;43369147;519617923;40001000;91114367;312239136;235977881;0;0;679332384;1198950307;
5282;890901271;2019-12-31;2018;MILES;28545350;66727010;151557741;224266130;471096231;338479970;0;1760475;366921797;0;707162242;1178258473;453601560;92634535;8434654;5945240;7035712;2750678;570402379;699784;0;32278733;0;3754061;36732578;607134957;40001000;91114367;248952516;191055633;0;0;571123516;1178258473;
5283;890939355;2019-12-31;2019;MILES;20579;833999;10302094;352001;11508673;0;3500000;0;-1127737;3500000;5872263;17380936;0;70444;463647;0;0;1344817;1878908;0;0;0;0;0;0;1878908;16999217;0;1801683;-3298872;0;0;15502028;17380936;
5284;890939355;2019-12-31;2018;MILES;76727;904091;16339781;352001;17672600;0;0;0;1023710;0;1023710;18696310;0;136085;463647;0;0;203686;803418;0;190019;0;0;0;190019;993437;16999217;0;1801683;-1098027;0;0;17702873;18696310;
5285;900402331;2019-12-31;2019;MILES;8234;30248;1264214;0;1302696;13589900;0;0;178387714;0;191977614;193280310;707164;360911;0;8646;80169;4868;1161758;0;0;1448225;0;4469309;5917534;7079292;41695710;0;17167020;111517816;0;15820472;186201018;193280310;
5286;900402331;2019-12-31;2018;MILES;178499;22289;325751;0;526539;13279552;0;0;146079548;0;159359100;159885639;865489;50066;0;10314;75714;0;1001583;208227;0;989628;0;5635804;6833659;7835242;45395710;0;17218245;73561625;0;15874817;152050397;159885639;
5287;900675423;2019-12-31;2019;MILES;71853214;188269;19462074;0;91503557;0;0;0;1229188594;0;1229188594;1320692151;0;6495895;0;0;274073;0;6769968;0;0;401458;0;10000000;10401458;17171426;1000000;493100015;647956684;161464026;0;0;1303520725;1320692151;
5288;900675423;2019-12-31;2018;MILES;63343617;184822;12724004;0;76252443;0;0;0;1092040419;0;1092040419;1168292862;0;6289580;0;0;253621;0;6543201;0;0;957243;0;10000000;10957243;17500444;1000000;493100015;533521759;123170644;0;0;1150792418;1168292862;
5289;900388600;2019-12-31;2019;MILES;45260762;18221662;207426783;93499365;364408572;131167246;0;0;48511001;0;179678247;544086819;1201028;142009973;1063124;3823259;5038489;0;153135873;0;2932024;14327137;0;3996835;21255996;174391869;11005000;143527888;101752295;113409767;0;0;369694950;544086819;
5290;900388600;2019-12-31;2018;MILES;83067637;12273174;120406046;75657323;291404180;93966270;0;0;37939573;0;131905843;423310023;8762604;66361198;5374400;4046168;999515;0;85543885;0;0;5711896;0;3452430;9164326;94708211;11005000;143527888;100943750;73125174;0;0;328601812;423310023;
5291;890903532;2019-12-31;2019;MILES;6517219;22884475;97187930;175453307;302042931;286902560;4229637;28077947;717077678;4229637;1040517459;1342560390;48262418;156714073;0;9795175;3337735;3604696;221714097;485599647;0;40899787;0;8241893;534741327;756455424;22103;138031921;422363754;25687188;0;0;586104966;1342560390;
5292;890903532;2019-12-31;2018;MILES;6643612;14137872;108217389;164791189;293790062;287318602;3904829;28374789;709760766;3904829;1033263815;1327053877;170804285;83133223;0;7765400;1973396;1977366;265653670;432823822;0;48166208;0;7798182;488788212;754441882;22103;138031921;419505787;15052184;0;0;572611995;1327053877;
5293;800210501;2019-12-31;2019;MILES;692743;0;2155345;0;2848088;77699477;22848814;102322912;26415506;22848814;252135523;254983611;808670;5192768;0;0;0;0;6001438;946530;6252705;18391025;0;0;25590260;31591698;8220000;0;45869404;169302509;0;0;223391913;254983611;
5294;800210501;2019-12-31;2018;MILES;1668238;0;945373;0;2613611;79777627;27975678;96306871;19213163;27975678;251249017;253862628;494668;5013391;0;0;0;0;5508059;1340909;5215229;19452971;0;0;26009109;31517168;8220000;0;45286406;168839054;0;0;222345460;253862628;
5295;860006333;2019-12-31;2019;MILES;10160865;25621846;165014677;264338863;465136251;611713184;2729898;17101800;99254023;2729898;733528803;1198665054;144445251;534100520;1866330;17326579;2475392;0;700214072;12746834;0;0;0;5215477;17962311;718176383;16772066;434584881;62258477;-33126753;0;0;480488671;1198665054;
5296;860006333;2019-12-31;2018;MILES;9310362;28396825;188811534;277317974;503836695;663020822;469941;17101800;89178567;469941;770241071;1274077766;8247513;625329250;2786121;14398890;3298581;0;654060355;145402961;0;0;0;4545509;149948470;804008825;16772066;434584881;62258477;-43546483;0;0;470068941;1274077766;
5297;890900943;2019-12-31;2019;MILES;128796565;40076938;690265463;1105921172;1965060138;1172284280;628376;118935336;532406951;628376;1824883319;3789943457;82897863;1201509346;21597893;6016080;34395857;51067148;1397484187;266550484;1923832;229780215;0;6272556;504527087;1902011274;247774;8987551;1204341779;674355079;0;0;1887932183;3789943457;
5298;890900943;2019-12-31;2018;MILES;123838756;34681882;609533639;1016541263;1784595540;871143521;604319;94062429;415443059;604319;1381857647;3166453187;121698677;1054906837;27262227;5034630;42148158;42834351;1293884880;15266828;1466559;138236894;0;7974117;162944398;1456829278;247774;8987551;1038802101;661586483;0;0;1709623909;3166453187;
5299;804010334;2019-12-31;2019;MILES;140163;916543;4532463;6706338;12295507;4551568;8874254;0;-2145707;8874254;20154369;32449876;2331546;1218952;0;837571;82476;64099;4534644;2155668;229441;464528;0;3234;2852871;7387515;1130556;15447681;4148040;2228106;0;2107978;25062361;32449876;
5300;804010334;2019-12-31;2018;MILES;361417;1005026;4632811;6363388;12362642;5161511;6678169;0;1233153;6678169;19751002;32113644;1718012;1373418;0;698224;93778;14568;3898000;2135663;113872;593728;0;9775;2853038;6751038;1130556;15447681;4148040;2258819;0;2377510;25362606;32113644;
5301;860049313;2019-12-31;2019;MILES;2086049;2399287;30506980;20673053;55665369;53578836;462100;0;-429140;462100;54073896;109739265;20878956;25578321;0;1053663;534107;658221;48703268;16422248;0;5830217;0;117650;22370115;71073383;22219410;10962897;10280741;-4797166;0;0;38665882;109739265;
5302;860049313;2019-12-31;2018;MILES;306871;4471873;42881771;19052608;66713123;54581430;2172060;0;-2172060;2172060;56753490;123466613;29536972;30853727;0;1114762;567036;391391;62463888;11990230;0;6088694;0;99364;18178288;80642176;22219410;10962897;10329284;-687154;0;0;42824437;123466613;
5303;890900121;2019-12-31;2019;MILES;5994035;3693767;22027277;22524336;54239415;18225879;0;0;46948065;0;65173944;119413359;1857112;19074705;43624;1365486;976515;531482;23848924;11064045;36161005;2445117;0;4784248;54454415;78303339;1946054;203359;13420163;25540444;0;0;41110020;119413359;
5304;890900121;2019-12-31;2018;MILES;4681452;2378422;23509633;22178068;52747575;19418454;0;0;41487961;0;60906415;113653990;69483;19338815;267000;1402286;650808;1040994;22769386;6996480;36161005;1214639;0;5576649;49948773;72718159;1946054;203359;14050763;24735655;0;0;40935831;113653990;
5305;815002936;2019-12-31;2019;MILES;4228223;6854568;33948158;33345743;78376692;64250225;0;0;68070466;0;132320691;210697383;0;40221760;269673;1806523;501047;2715799;45514802;0;0;18239863;0;4284907;22524770;68039572;20000000;0;57264469;65393342;0;0;142657811;210697383;
5306;815002936;2019-12-31;2018;MILES;24837783;2515310;90408929;26071567;143833589;64452184;0;0;68645928;0;133098112;276931701;0;36283044;190657;2551453;6464212;128594;45617960;0;0;20183886;0;1285916;21469802;67087762;20000000;0;125180516;64663423;0;0;209843939;276931701;
5307;900575744;2019-12-31;2019;MILES;117;25488;39591;0;65196;0;0;0;75141322;0;75141322;75206518;1241150;285055;0;0;0;894;1527099;0;0;0;0;0;0;1527099;17608088;19107573;59578609;-22614851;0;0;73679419;75206518;
5308;900575744;2019-12-31;2018;MILES;3482;0;28490;0;31972;0;0;0;69561250;0;69561250;69593222;1241150;12403;0;0;0;27095;1280648;0;0;0;0;0;0;1280648;17608088;19107573;57072237;-25475324;0;0;68312574;69593222;
5309;900193739;2019-12-31;2019;MILES;19;0;394;0;413;0;0;0;48864775;0;48864775;48865188;0;0;0;0;0;0;0;0;10423715;0;0;0;10423715;10423715;6092;46209664;165;-7774448;0;0;38441473;48865188;
5310;900193739;2019-12-31;2018;MILES;19;0;394;0;413;0;0;0;48095674;0;48095674;48096087;0;0;0;0;0;0;0;0;9062709;0;0;0;9062709;9062709;6092;46209664;165;-7182543;0;0;39033378;48096087;
5311;830081806;2019-12-31;2019;MILES;31890;87472;2091676;4187476;6398514;36114531;0;0;530970;0;36645501;43044015;1469891;3313032;0;0;99018;112676;4994617;0;5380071;3444248;0;0;8824319;13818936;1200000;1000000;585226;-3208712;0;29648565;29225079;43044015;
5312;830081806;2019-12-31;2018;MILES;48411;40818;2700900;4284619;7074748;35367051;0;0;1306286;0;36673337;43748085;2132907;2670112;0;0;66599;131471;5001089;0;4612672;4648919;0;0;9261591;14262680;1200000;1000000;585226;-1743495;0;28443674;29485405;43748085;
5313;860525060;2019-12-31;2019;MILES;16458839;67383764;77558199;66574838;227975640;3723772;0;0;25164868;0;28888640;256864280;167017913;19582856;0;816636;299107;989618;188706130;0;0;5258394;0;6403238;11661632;200367762;51710000;0;7676999;-5430282;0;2539801;56496518;256864280;
5314;860525060;2019-12-31;2018;MILES;13055238;38099487;85712377;85036812;221903914;2951794;0;0;13255162;0;16206956;238110870;164085127;11443601;0;765799;152429;0;176446956;0;0;3576172;0;0;3576172;180023128;51710000;0;19307448;-12929706;0;0;58087742;238110870;
5315;900156837;2019-12-31;2019;MILES;0;0;0;0;0;0;0;0;30914424;0;30914424;30914424;0;0;0;0;0;0;0;0;8759343;0;0;0;8759343;8759343;5064;29876744;207;-7726934;0;0;22155081;30914424;
5316;900156837;2019-12-31;2018;MILES;0;0;0;0;0;0;0;0;30117719;0;30117719;30117719;0;0;0;0;0;0;0;0;7323767;0;0;0;7323767;7323767;5064;29876744;207;-7088063;0;0;22793952;30117719;
5317;805024510;2019-12-31;2019;MILES;2850435;448137;10984966;814825;15098363;2452078;0;0;36569277;0;39021355;54119718;15412284;257856;0;0;188610;0;15858750;14237604;0;341060;0;48000;14626664;30485414;10000;0;122196;5537724;0;17964384;23634304;54119718;
5318;805024510;2019-12-31;2018;MILES;2502429;54067;9268352;1447592;13272440;1558372;0;0;28150741;0;29709113;42981553;1809051;2351350;0;0;202180;0;4362581;14661591;0;862752;0;0;15524343;19886924;10000;0;122196;4998049;0;17964384;23094629;42981553;
5319;805024511;2019-12-31;2019;MILES;1563445;1535654;12135017;2418234;17652350;14601178;0;0;70426307;0;85027485;102679835;16470611;2929280;0;0;333041;0;19732932;40524659;0;2560394;0;0;43085053;62817985;10000;0;81640;9566166;0;30204044;39861850;102679835;
5320;805024511;2019-12-31;2018;MILES;3129244;268939;18871438;4286090;26555711;16368190;0;0;50386989;0;66755179;93310890;8846544;382434;0;0;587045;0;9816023;39504871;0;3987068;0;1160000;44651939;54467962;10000;0;81640;8547244;0;30204044;38842928;93310890;
5321;890905047;2019-12-31;2019;MILES;783469;12953649;3258723;0;16995841;82047;0;0;136876112;0;136958159;153954000;332782;845942;0;6046238;1117807;0;8342769;40958519;0;0;0;0;40958519;49301288;9097500;64957729;23670300;6927183;0;0;104652712;153954000;
5322;890905047;2019-12-31;2018;MILES;1821612;6368075;1844663;0;10034350;1160578;0;0;91133976;0;92294554;102328904;363789;1066161;0;4962255;1069521;0;7461726;20795164;0;754391;0;0;21549555;29011281;9096463;36751271;12041695;15428194;0;0;73317623;102328904;
5323;800133807;2019-12-31;2019;MILES;801615;5787042;70727702;94419060;171735419;12338998;62804;0;83047600;62804;95512206;267247625;32458035;70631473;2348071;2592405;1634443;1126416;110790843;0;0;14831203;0;4574560;19405763;130196606;14000000;57059805;6188001;59803213;0;0;137051019;267247625;
5324;800133807;2019-12-31;2018;MILES;1759336;4223946;62590535;77724078;146297895;12553136;62279;0;81896769;62279;94574463;240872358;33145398;67195548;2010262;2078526;1523303;0;105953037;0;0;17123520;0;0;17123520;123076557;14000000;57059805;5730027;41005969;0;0;117795801;240872358;
5325;860028712;2019-12-31;2019;MILES;41316090;2936879;2279875;0;46532844;1341635;1102463;0;3455372;1102463;7001933;53534777;0;2213551;0;763769;0;5091924;8069244;0;9791262;0;0;7360832;17152094;25221338;1135;0;20673120;7639184;0;0;28313439;53534777;
5326;860028712;2019-12-31;2018;MILES;39182679;4215311;5538115;0;48936105;1699187;572253;0;12995973;572253;15839666;64775771;0;1408173;0;743255;0;14900946;17052374;0;9814757;0;0;16642685;26457442;43509816;1135;0;19399517;1865303;0;0;21265955;64775771;
5327;890321151;2019-12-31;2019;MILES;3902911;10524752;90667031;2626061;107720755;9751702;183799;0;129828231;183799;139947531;247668286;12985330;56418789;0;5608446;766331;0;75778896;7678113;29309069;0;0;5089647;42076829;117855725;10000000;15959489;50600382;53252690;0;0;129812561;247668286;
5328;890321151;2019-12-31;2018;MILES;6013511;7352833;109094611;1493111;123954066;7535907;182675;0;128361963;182675;136263220;260217286;4704665;50264256;0;5751192;7988721;0;68708834;10043626;38128385;0;0;5030620;53202631;121911465;10000000;15959489;37147258;75199074;0;0;138305821;260217286;
5329;900357889;2019-12-31;2019;MILES;166654;115617;774775;30263;1087309;2153235;47480;0;112092940;47480;114341135;115428444;0;248343;0;0;0;0;248343;0;2493866;446589;0;0;2940455;3188798;80516200;88001539;12740644;-69018737;0;0;112239646;115428444;
5330;900357889;2019-12-31;2018;MILES;254811;430454;16496;35152;736913;2391421;47480;0;100875451;47480;103361832;104098745;11549204;423344;0;0;0;297891;12270439;0;46208644;562211;0;0;46770855;59041294;79486200;0;12112686;-46541435;0;0;45057451;104098745;
5331;860037804;2019-12-31;2019;MILES;1178;0;0;0;1178;4722093;3955617;16095382;9414829;3955617;38143538;38144716;980840;887674;0;0;84279;0;1952793;2114625;1156531;2345332;0;0;5616488;7569281;10000;9895511;10395556;6944436;0;3329932;30575435;38144716;
5332;860037804;2019-12-31;2018;MILES;6113;0;5389;0;11502;4741654;4227464;15975250;8612751;4227464;37784583;37796085;1665163;622811;0;0;35412;0;2323386;1408272;1008054;2590633;0;0;5006959;7330345;10000;9895511;10529261;6760533;0;3270435;30465740;37796085;
5333;890930060;2019-12-31;2019;MILES;4999299;14632658;3623695;625175;23880827;113867700;30237101;500000;84230179;30237101;259072081;282952908;13280645;4644263;96201;5636834;0;0;23657943;17710202;28442593;27130120;0;976212;74259127;97917070;745624;1460957;85810130;97019127;0;0;185035838;282952908;
5334;890930060;2019-12-31;2018;MILES;2166766;11809002;5358396;730865;20065029;125764138;18640327;0;89104693;18640327;252149485;272214514;10451313;16090508;0;4917619;0;0;31459440;18035080;22502916;28720582;0;976212;70234790;101694230;745624;1460957;79488720;88824983;0;0;170520284;272214514;
5335;890904041;2019-12-31;2019;MILES;4592000;1981000;21678000;163929000;192180000;19996000;0;0;15470000;0;35466000;227646000;5817000;29788000;0;963000;2093000;500000;39161000;29288000;78828000;2212000;0;57064000;167392000;206553000;505000;4370000;637000;15581000;0;0;21093000;227646000;
5336;890904041;2019-12-31;2018;MILES;4064000;808000;11069000;55189000;71130000;6274000;0;0;9771000;0;16045000;87175000;3874000;6475000;0;762000;1629000;500000;13240000;3699000;17583000;965000;0;31176000;53423000;66663000;505000;4370000;637000;15000000;0;0;20512000;87175000;
5337;890302646;2019-12-31;2019;MILES;147451;4002065;8513791;1949180;14612487;142070642;85989;0;32591432;85989;174834052;189446539;9629298;12469941;0;426237;0;2457224;24982700;14808622;0;0;0;25242224;40050846;65033546;27789660;1650618;11079519;83842449;0;50747;124412993;189446539;
5338;890302646;2019-12-31;2018;MILES;139184;3692309;7621242;2343037;13795772;141358340;103017;0;35164627;103017;176729001;190524773;7959146;10736934;49173;177015;2739339;884476;22546083;15134005;0;0;0;23977920;39111925;61658008;27789660;1650618;11079519;88072218;0;274750;128866765;190524773;
5339;830121796;2019-12-31;2019;MILES;2248998;944948;1368034;8997776;13559756;13699418;0;2644580;4792284;0;21136282;34696038;2782991;1985418;266038;832708;3133587;3095989;12096731;14991662;0;1768396;0;0;16760058;28856789;3946185;0;8502;-3568590;0;5453152;5839249;34696038;
5340;830121796;2019-12-31;2018;MILES;783245;604953;1474280;7609820;10472298;12001680;0;2644580;4108410;0;18754670;29226968;1575215;1686177;236097;693721;1301631;2006025;7498866;14176933;0;2021527;0;0;16198460;23697326;3946185;0;8502;-3878189;0;5453144;5529642;29226968;
5341;890903541;2019-12-31;2019;MILES;434344;8584947;118238666;156061;127414018;164216739;0;0;75158336;0;239375075;366789093;4319131;102288900;304954;355221;270761;12042;107551009;13951439;73619;12109219;0;162325;26296602;133847611;1406799;37413980;18044021;42250701;0;133825981;232941482;366789093;
5342;890903541;2019-12-31;2018;MILES;28334;8246449;14137946;159972;22572701;165544946;0;0;70613587;0;236158533;258731234;2805114;2331984;0;273800;813236;307329;6531463;10566897;141500;12151185;0;753645;23613227;30144690;1406799;37413980;18044021;37668925;0;134052819;228586544;258731234;
5343;830132842;2019-12-31;2019;MILES;360760;79372;0;0;440132;232108486;0;0;12671778;0;244780264;245220396;30000;1289851;0;0;13683;0;1333534;0;0;21395567;0;0;21395567;22729101;478304;10444197;56973188;-49854806;0;204450412;222491295;245220396;
5344;830132842;2019-12-31;2018;MILES;20731;114556;0;0;135287;232155276;0;0;12873233;0;245028509;245163796;30000;11101928;0;0;0;0;11131928;0;0;21438465;0;0;21438465;32570393;454628;271193;56825499;-49365966;0;204408049;212593403;245163796;
5345;900521807;2019-12-31;2019;MILES;5259443;11353602;19965024;1306626;37884695;1799817;28600346;0;-27959204;28600346;31041305;68926000;6987564;39837741;0;2555856;0;8220101;57601262;9212387;0;0;0;0;9212387;66813649;1004;5985201;1278972;-5152826;0;0;2112351;68926000;
5346;900521807;2019-12-31;2018;MILES;4406436;9608357;17315045;1182294;32512132;1182592;27243609;0;-26638484;27243609;29031326;61543458;2093385;37223509;0;2884277;0;6189935;48391106;11151838;0;0;0;0;11151838;59542944;1004;5985201;1278972;-5264663;0;0;2000514;61543458;
5347;811020107;2019-12-31;2019;MILES;6229016;12822197;10948230;4302895;34302338;31388460;0;22210092;13196384;0;66794936;101097274;15230879;7799129;0;0;2910732;2322552;28263292;33001100;0;7034791;0;290741;40326632;68589924;1200040;5617457;1501158;12119613;0;12069082;32507350;101097274;
5348;811020107;2019-12-31;2018;MILES;3179874;19319978;11051308;2877441;36428601;19156951;0;24179668;7881871;0;51218490;87647091;13647751;8072107;0;0;2058045;2134174;25912077;23656048;0;6883179;0;266638;30805865;56717942;1200040;5617457;4934041;9118943;0;10058668;30929149;87647091;
5349;901132307;2019-12-31;2019;MILES;1792299;0;31485100;0;33277399;0;22146389;0;1478439768;22146389;1522732546;1556009945;4079199;4055839;0;0;140073;693072;8968183;645950864;0;809759;0;0;646760623;655728806;8797190;857119210;0;34364739;0;0;900281139;1556009945;
5350;901132307;2019-12-31;2018;MILES;1291649;0;388800000;0;390091649;0;0;0;309319876;0;309319876;699411525;18188;0;0;0;4292089;343050;4653327;0;0;0;0;0;0;4653327;6755290;668773710;0;19229198;0;0;694758198;699411525;
5351;860517608;2019-12-31;2019;MILES;1590163;2627005;24524906;25508611;54250685;26009112;0;5618343;2159644;0;33787099;88037784;27759478;20525153;127017;360327;2003050;240213;51015238;6668116;0;1922241;0;0;8590357;59605595;5000000;0;9340943;5290754;0;8800492;28432189;88037784;
5352;860517608;2019-12-31;2018;MILES;2714897;3026666;28094896;18919764;52756223;16597231;0;22124030;2648513;0;41369774;94125997;24559942;20252431;99721;288445;2485426;7007396;54693361;7272215;0;1388119;0;0;8660334;63353695;5000000;0;4340943;11784451;0;9646908;30772302;94125997;
5353;860002120;2019-12-31;2019;MILES;197275594;19793143;223728651;20110816;460908204;124700427;15447910;0;16616944;15447910;172213191;633121395;0;149089090;12745671;31281977;17370189;151993080;362480007;0;10249181;0;0;41094055;51343236;413823243;113780520;0;14289725;91227907;0;0;219298152;633121395;
5354;860002120;2019-12-31;2018;MILES;108130281;60325099;181458932;22390626;372304938;135005274;60249081;0;-28650724;60249081;226852712;599157650;0;212374886;45047607;10492869;37276914;88903970;394096246;0;35194667;0;0;45498119;80692786;474789032;113780520;0;-5455197;16043295;0;0;124368618;599157650;
5355;800022371;2019-12-31;2019;MILES;6465576;806625;12295169;16664070;36231440;29736397;3112785;0;2611753;3112785;38573720;74805160;15090028;10811162;230596;438749;71538;3933143;30575216;44647;0;1918551;0;0;1963198;32538414;2207940;3457602;2391184;14995387;0;19214633;42266746;74805160;
5356;800022371;2019-12-31;2018;MILES;1622646;2502533;29281734;21038428;54445341;30005435;77342;0;5356415;77342;35516534;89961875;23287628;21906121;1657282;0;0;2819497;49670528;130183;0;2164416;0;0;2294599;51965127;2207940;3457602;2391184;10494611;0;19445411;37996748;89961875;
5357;890203803;2019-12-31;2019;MILES;6995737;1884220;12238417;9087698;30206072;12400904;208042;59500;13221956;208042;26098444;56304516;2147731;11117100;0;376123;12000;0;13652954;301029;8879198;698372;0;0;9878599;23531553;3762408;338728;13444917;15226910;0;0;32772963;56304516;
5358;890203803;2019-12-31;2018;MILES;7259558;1272059;12182289;7753083;28466989;12645732;343002;61250;12120692;343002;25513678;53980667;2860514;8569656;0;428032;31253;0;11889455;0;8805242;537108;0;0;9342350;21231805;3762408;338728;13444917;15202809;0;0;32748862;53980667;
5359;900797309;2019-12-31;2019;MILES;556965;3547834;4848387;2148350;11101536;3562036;0;0;0;0;3562036;14663572;0;9785369;0;0;0;0;9785369;5686061;0;0;0;0;5686061;15471430;420025;1968967;0;-3217006;0;20156;-807858;14663572;
5360;900797309;2019-12-31;2018;MILES;822320;3333853;1952444;1681189;7789806;3113286;0;0;280931;0;3394217;11184023;0;2566583;63865;547384;1158411;0;4336243;4272194;0;0;0;115356;4387550;8723793;420025;1968967;0;71238;0;0;2460230;11184023;
5361;890940852;2019-12-31;2019;MILES;303382;285557;5685409;0;6274348;51113016;0;23726;103970000;0;155106742;161381090;0;48249;0;18410;507824;2565;577048;0;0;17324634;0;104369;17429003;18006051;36560928;0;16560928;60489468;0;29763715;143375039;161381090;
5362;890940852;2019-12-31;2018;MILES;446306;195781;7918120;0;8560207;50168797;0;27018;76380000;0;126575815;135136022;92473;660541;0;15547;135294;8056;911911;0;0;13285055;0;97780;13382835;14294746;36560928;0;0;51388491;0;32891857;120841276;135136022;
5363;900243676;2019-12-31;2019;MILES;107087;39225;0;0;146312;0;0;111780;111692012;0;111803792;111950104;0;47;0;0;1118;0;1165;0;0;9190328;0;0;9190328;9191493;115184;0;346968;102296459;0;0;102758611;111950104;
5364;900243676;2019-12-31;2018;MILES;129097;40714;0;0;169811;0;0;111780;105694997;0;105806777;105976588;0;7919;0;0;1853;0;9772;0;0;8655136;0;0;8655136;8664908;115184;0;345417;96851079;0;0;97311680;105976588;
5365;900993624;2019-12-31;2019;MILES;31795313;5691576;3838087;0;41324976;0;0;0;218443;0;218443;41543419;0;1891852;0;911710;11756653;989948;15550163;0;0;0;0;3382195;3382195;18932358;100000;0;50000;22461061;0;0;22611061;41543419;
5366;900993624;2019-12-31;2018;MILES;7629563;2711840;18936589;0;29277992;0;0;0;346312;0;346312;29624304;0;3233057;0;838361;8969848;675771;13717037;0;0;0;0;3990396;3990396;17707433;100000;0;50000;11766871;0;0;11916871;29624304;
5367;800207462;2019-12-31;2019;MILES;58501;9893714;6411913;0;16364128;11179;0;100326104;108394261;0;208731544;225095672;11021701;3483684;0;41033;295414;0;14841832;9517054;0;4637780;0;11968;14166802;29008634;67469091;104198515;657037;22664798;0;1097597;196087038;225095672;
5368;800207462;2019-12-31;2018;MILES;160740;10551489;4513451;0;15225680;5288;0;94757441;105552620;0;200315349;215541029;10316256;3419962;0;36338;711051;0;14483607;9565799;0;4059493;0;609303;14234595;28718202;63526248;96545850;657037;21331793;0;4761899;186822827;215541029;
5369;860000996;2019-12-31;2019;MILES;75457236;684326;80428719;115401664;271971945;84997123;0;27329799;2706871;0;115033793;387005738;231834110;22057550;0;1160808;2079312;0;257131780;6357636;0;6622097;0;6526740;19506473;276638253;8290000;0;27600147;25524427;0;48952911;110367485;387005738;
5370;860000996;2019-12-31;2018;MILES;54873529;551512;77166110;85703365;218294516;80111413;0;27436217;3075866;0;110623496;328918012;186385528;15077264;0;1110279;819822;0;203392893;7949324;0;7604724;0;6698735;22252783;225645676;8290000;0;21160775;26997389;0;46824172;103272336;328918012;
5371;890321924;2019-12-31;2019;MILES;528175;2018305;13349454;9877656;25773590;20294963;0;0;3101907;0;23396870;49170460;501361;11230713;0;825254;661150;0;13218478;19353346;0;862559;0;0;20215905;33434383;4215654;0;802059;1377232;0;9341132;15736077;49170460;
5372;890321924;2019-12-31;2018;MILES;510649;1536929;12193013;9090102;23330693;20372377;0;0;825316;0;21197693;44528386;2609664;6280902;0;756870;732319;0;10379755;17874364;0;922985;0;0;18797349;29177104;4215655;0;748938;1293857;0;9092832;15351282;44528386;
5373;860008355;2019-12-31;2019;MILES;599215;4306481;15188559;0;20094255;2273841;0;0;23110675;0;25384516;45478771;1486780;7188551;32915;473605;740421;13113;9935385;4206367;0;0;0;0;4206367;14141752;10880959;0;2749938;17706122;0;0;31337019;45478771;
5374;860008355;2019-12-31;2018;MILES;3087661;1702048;10157366;43822;14990897;2632194;0;0;15355263;0;17987457;32978354;19511;4730687;94991;598279;1484136;9119;6936723;45001;0;0;0;0;45001;6981724;10880959;0;2749938;12365733;0;0;25996630;32978354;
5375;890321213;2019-12-31;2019;MILES;413355;8915188;11657493;4945327;25931363;77696672;0;0;18178315;0;95874987;121806350;32610410;4684230;0;0;1303185;0;38597825;37175170;0;9073126;0;0;46248296;84846121;6496292;63000;5999261;24401676;0;0;36960229;121806350;
5376;890321213;2019-12-31;2018;MILES;343304;6299284;9613197;4299140;20554925;76708398;0;0;18338474;0;95046872;115601797;30950287;4496534;0;0;987428;0;36434249;33798222;0;8612985;0;0;42411207;78845456;6496292;63000;6077722;24119327;0;0;36756341;115601797;
5377;811032292;2019-12-31;2019;MILES;68880480;16251719;50919910;451208559;587260668;4696386;754075;0;8699196;754075;14903732;602164400;6911371;45783136;62456;1310928;9692100;152130668;215890659;102783985;66999783;0;0;0;169783768;385674427;31536246;0;97021656;84148926;0;3783145;216489973;602164400;
5378;811032292;2019-12-31;2018;MILES;31163945;16554844;60225005;455273841;563217635;4928699;893556;0;5878266;893556;12594077;575811712;40458689;49614525;151300;1076680;21293316;167979451;280573961;101257624;57233097;0;0;0;158490721;439064682;31086246;0;15409676;89965628;0;285480;136747030;575811712;
5379;900108727;2019-12-31;2019;MILES;1026;155565;689880;0;846471;31010029;1656248;3609618;-494473;1656248;37437670;38284141;0;183522;0;0;462955;0;646477;0;4928825;3226368;0;0;8155193;8801670;638800;4552000;8674244;15617427;0;0;29482471;38284141;
5380;900108727;2019-12-31;2018;MILES;146304;113634;1688619;0;1948557;31120776;2176418;3194700;4794799;2176418;43463111;45411668;0;95486;0;0;142452;0;237938;0;10484577;3962468;0;0;14447045;14684983;638800;4552000;8562441;16973444;0;0;30726685;45411668;
5381;900806600;2019-12-31;2019;MILES;37467701;47021457;227376553;229873733;541739444;278471041;0;0;34332734;0;312803775;854543219;45184416;342391998;25000;12075282;26340421;11199025;437216142;122821586;0;49355103;0;0;172176689;609392831;377000;0;205436786;39336602;0;0;245150388;854543219;
5382;900806600;2019-12-31;2018;MILES;31041259;33922482;242947334;247002090;554913165;287507437;0;0;33703535;0;321210972;876124137;285534134;97524018;115000;4825576;15240296;12245252;415484276;128944058;0;68819981;0;0;197764039;613248315;377000;0;180537008;81961814;0;0;262875822;876124137;
5383;900863312;2019-12-31;2019;MILES;1459954;15935929;2144001;6906689;26446573;0;0;0;561;0;561;26447134;0;12762777;0;6106;15737;2747681;15532301;9798480;0;0;0;0;9798480;25330781;400000;0;69991;646362;0;0;1116353;26447134;
5384;900863312;2019-12-31;2018;MILES;2205220;10556510;7146549;22039567;41947846;0;0;0;21335;0;21335;41969181;0;10163232;0;32869;207900;11438761;21842762;19026514;0;0;0;0;19026514;40869276;400000;0;6912;692993;0;0;1099905;41969181;
5385;800185008;2019-12-31;2019;MILES;9406179;3389766;3312747;1431868;17540560;9234712;0;3170601;12114658;0;24519971;42060531;0;2540619;241209;424828;2551204;1280989;7038849;0;0;2391958;0;384906;2776864;9815713;2788134;0;1319685;28136999;0;0;32244818;42060531;
5386;800185008;2019-12-31;2018;MILES;33472793;3234545;5195858;1052966;42956162;9207607;0;2713240;6389180;0;18310027;61266189;0;9225179;0;1084429;8269811;2500153;21079572;0;0;2764812;0;203244;2968056;24047628;2788134;0;1728577;32701850;0;0;37218561;61266189;
5387;860002576;2019-12-31;2019;MILES;44418508;19815379;185210843;224599523;474044253;24652996;64644008;0;-48037990;64644008;105903022;579947275;162464195;133974366;810000;6624650;9884716;17599033;331356960;8245230;0;9023079;0;11146784;28415093;359772053;1273930;0;136604563;82296729;0;0;220175222;579947275;
5388;860002576;2019-12-31;2018;MILES;22086029;31473008;154311179;258107241;465977457;39839646;66358766;0;-43705497;66358766;128851681;594829138;234054309;52478501;860000;8072163;4892312;30102431;330459716;15927400;0;17654212;0;11192785;44774397;375234113;1273930;0;128681972;89639123;0;0;219595025;594829138;
5389;811000831;2019-12-31;2019;MILES;235873;191499;14630124;5196632;20254128;1590223;181519;0;1473995;181519;3427256;23681384;7324844;6662536;0;215646;490647;0;14693673;973285;0;0;0;1285019;2258304;16951977;4418395;524072;355288;698655;0;732997;6729407;23681384;
5390;811000831;2019-12-31;2018;MILES;291642;805472;15064879;5979602;22141595;651290;65490;0;1428808;65490;2211078;24352673;8177095;9472229;0;217609;253881;0;18120814;106316;0;458505;0;946333;1511154;19631968;3199670;0;348053;439985;0;732997;4720705;24352673;
5391;800096812;2019-12-31;2019;MILES;1759930;6322051;42752962;3258519;54093462;14728081;11333921;0;12684451;11333921;50080374;104173836;2900599;24392712;0;988580;202400;0;28484291;36079967;0;0;0;1814001;37893968;66378259;12587901;111133155;8208385;-94133864;0;0;37795577;104173836;
5392;800096812;2019-12-31;2018;MILES;863304;2897451;20134897;2644151;26539803;15337180;11333921;0;-3130446;11333921;34874576;61414379;1548216;10741478;0;891195;310691;0;13491580;24691667;0;0;0;1700339;26392006;39883586;4587901;111133155;1246271;-95436534;0;0;21530793;61414379;
5393;900877535;2019-12-31;2019;MILES;24122724;0;8074332;15439;32212495;0;0;0;269054021;0;269054021;301266516;0;10026550;0;0;442582;0;10469132;0;0;0;0;0;0;10469132;20;1625361;45809;212370005;0;76756189;290797384;301266516;
5394;900877535;2019-12-31;2018;MILES;17092883;0;4187972;0;21280855;0;0;4401190;215667333;0;220068523;241349378;0;8040295;0;0;139244;0;8179539;0;0;0;0;0;0;8179539;20;60090;10;160252159;0;72857560;233169839;241349378;
5395;900560897;2019-12-31;2019;MILES;127889;18109;25734;0;171732;0;0;0;77140684;0;77140684;77312416;0;83;0;0;1620;0;1703;0;0;0;0;0;0;1703;154544;48590002;21398636;7135883;0;31648;77310713;77312416;
5396;900560897;2019-12-31;2018;MILES;14345;13108;0;0;27453;0;0;0;75968916;0;75968916;75996369;130537;0;0;0;825;0;131362;0;0;0;0;0;0;131362;154544;48590002;14899286;12189527;0;31648;75865007;75996369;
5397;800042471;2019-12-31;2019;MILES;221402;12012202;73398006;203658;85835268;27148279;0;0;14119938;0;41268217;127103485;33766163;22743836;60290;8016653;6246764;3555967;74389673;19087365;0;416004;0;452486;19955855;94345528;1457869;12632838;22217208;-3549958;0;0;32757957;127103485;
5398;800042471;2019-12-31;2018;MILES;649117;9189225;57972512;295473;68106327;20527377;0;0;11446571;0;31973948;100080275;11082786;21210663;694102;7520302;6206485;5814173;52528511;11031473;0;34613;0;769275;11835361;64363872;1457869;12632838;17983135;3642561;0;0;35716403;100080275;
5399;860019205;2019-12-31;2019;MILES;1921163;5630094;21283505;16535725;45370487;56614654;0;0;10380043;0;66994697;112365184;0;34692338;0;0;2001080;510571;37203989;6440783;19996149;1191085;0;388665;28016682;65220671;6502000;20099000;745114;19798399;0;0;47144513;112365184;
5400;860019205;2019-12-31;2018;MILES;4443281;6261439;11785668;20079714;42570102;45333532;0;0;1211962;0;46545494;89115596;0;24046454;0;0;1655563;425384;26127401;10047801;12642912;1292195;0;392439;24375347;50502748;6502000;20099000;720086;11291762;0;0;38612848;89115596;
5401;900329769;2019-12-31;2019;MILES;530830;561584;834783;0;1927197;2623941;0;160240578;75497436;0;238361955;240289152;4874729;109733;0;147116;0;290717;5422295;23709226;0;11455692;0;106805;35271723;40694018;4225476;3308136;22888977;168582158;0;590387;199595134;240289152;
5402;900329769;2019-12-31;2018;MILES;676401;1640339;788731;0;3105471;2422493;0;151783352;60684671;0;214890516;217995987;17051210;218277;0;136543;413232;241050;18060312;17367479;0;9528760;0;108438;27004677;45064989;4225476;3308136;12849775;152055661;0;491950;172930998;217995987;
5403;900451609;2019-12-31;2019;MILES;97118;0;0;0;97118;0;0;0;54661926;0;54661926;54759044;0;0;0;0;372;0;372;0;0;0;0;0;0;372;90000;0;-38856;12451405;0;42256123;54758672;54759044;
5404;900451609;2019-12-31;2018;MILES;108912;0;0;0;108912;0;0;0;46131787;0;46131787;46240699;0;0;0;0;407;0;407;0;0;0;0;0;0;407;90000;0;-63880;3958049;0;42256123;46240292;46240699;
5405;830027231;2019-06-30;2019;MILES;1652066;4117769;40314181;23100327;69184343;357005;908592;0;52761445;908592;54935634;124119977;23137120;33028283;0;0;279440;0;56444843;22283263;0;519663;0;0;22802926;79247769;4708570;31491399;3043288;5204469;0;424482;44872208;124119977;
5406;830027231;2019-06-30;2018;MILES;730818;5039308;24986289;20364367;51120782;446465;927224;0;57757598;927224;60058511;111179293;16787960;22950420;0;0;886299;0;40624679;26555939;0;265369;0;0;26821308;67445987;4708570;31491399;2589962;4545390;0;397985;43733306;111179293;
5407;830027231;2019-12-31;2019;MILES;4865358;10709616;39772353;61462855;116810182;10800424;939083;0;58687724;939083;71366314;188176496;45519660;69100191;0;0;814341;0;115434192;27026918;0;302754;0;0;27329672;142763864;4708570;31491399;3043288;5709544;0;459831;45412632;188176496;
5408;830027231;2019-12-31;2018;MILES;1652066;4117769;40314181;23100327;69184343;357005;908592;0;52761445;908592;54935634;124119977;23137120;33028283;0;0;279440;0;56444843;22283263;0;519663;0;0;22802926;79247769;4708570;31491399;3043288;5204469;0;424482;44872208;124119977;
5409;890112132;2019-12-31;2019;MILES;1073351;2966650;21060356;0;25100357;3001502;0;0;126860357;0;129861859;154962216;0;16719466;0;0;1461;0;16720927;607711;0;0;0;26546470;27154181;43875108;13406178;87858760;26279970;-16457800;0;0;111087108;154962216;
5410;890112132;2019-12-31;2018;MILES;212899;2166319;17007617;0;19386835;3080390;0;0;121091711;0;124172101;143558936;0;17066729;0;0;112485;0;17179214;7199199;0;0;0;25660395;32859594;50038808;13406178;87858760;29120818;-36865628;0;0;93520128;143558936;
5411;860000261;2019-12-31;2019;MILES;4088069;10373421;112178772;53536259;180176521;139844208;218628;0;103618021;218628;243899485;424076006;7561912;176527470;0;0;8453382;0;192542764;22418861;52924289;0;0;125100;75468250;268011014;8945953;0;79166957;67952082;0;0;156064992;424076006;
5412;860000261;2019-12-31;2018;MILES;6322450;8416616;79093583;41181443;135014092;115973932;293130;0;122648241;293130;239208433;374222525;2859505;126941661;0;0;6481196;0;136282362;8340263;74212494;0;0;150000;82702757;218985119;8945953;0;82452486;63838967;0;0;155237406;374222525;
5413;890802586;2019-12-31;2019;MILES;818524;0;35237933;33540746;69597203;38321985;0;0;6710509;0;45032494;114629697;50270694;8018751;0;0;4727807;90411;63107663;9780290;0;415871;0;0;10196161;73303824;9000000;0;2687700;19501725;0;10136448;41325873;114629697;
5414;890802586;2019-12-31;2018;MILES;1260418;0;29259194;33245032;63764644;30331504;0;0;6553401;0;36884905;100649549;27742753;27010862;0;0;2915879;181911;57851405;12025771;0;388206;0;0;12413977;70265382;9000000;0;2640868;17275224;0;1468075;30384167;100649549;
5415;900011545;2019-12-31;2019;MILES;4480558;5759889;20340048;1973;30582468;10499749;0;0;23629482;0;34129231;64711699;9517955;9568736;0;3355249;849218;10877112;34168270;3322047;0;1845532;0;5666348;10833927;45002197;16603000;0;3301346;-194844;0;0;19709502;64711699;
5416;900011545;2019-12-31;2018;MILES;6608912;5851103;18229519;1719;30691253;21332741;0;0;1920923;0;23253664;53944917;6667738;10252650;0;3117025;2546837;2480457;25064707;2499981;0;1770875;0;0;4270856;29335563;16603000;0;2955210;5051144;0;0;24609354;53944917;
5417;900197303;2019-12-31;2019;MILES;216165;3725528;2031577;0;5973270;2819830;0;67818042;79598625;0;150236497;156209767;0;2847206;327563;1998781;0;972192;6145742;0;0;0;0;2607474;2607474;8753216;45124204;224579827;-15857313;-106390167;0;0;147456551;156209767;
5418;900197303;2019-12-31;2018;MILES;964212;3163328;1693540;0;5821080;278600;0;127417435;27181374;0;154877409;160698489;0;1643979;0;1886412;31922;330291;3892604;0;0;40822;0;20787276;20828098;24720702;38191516;162185631;-15877362;-48521998;0;0;135977787;160698489;
5419;890311274;2019-12-31;2019;MILES;968306;2427686;14999214;6769162;25164368;3905491;15381744;0;-10848317;15381744;23820662;48985030;1354236;25135550;0;1447077;1705778;0;29642641;16510368;0;0;0;888642;17399010;47041651;1015000;4222394;1748908;-5042923;0;0;1943379;48985030;
5420;890311274;2019-12-31;2018;MILES;1049067;2425921;11914360;5520470;20909818;4536642;15036195;0;-15036195;15036195;19572837;40482655;1046436;22640086;0;1314062;955406;0;25955990;11978694;0;32434;0;1032156;13043284;38999274;1015000;4222394;1877154;-5631167;0;0;1483381;40482655;
5421;860009008;2019-12-31;2019;MILES;13769396;0;12126727;10136752;36032875;40314642;0;0;0;0;40314642;76347517;8365;8380253;0;1792028;821062;866225;11867933;0;336000;5566679;0;0;5902679;17770612;20378738;0;21900665;16297502;0;0;58576905;76347517;
5422;860009008;2019-12-31;2018;MILES;14325521;24559;12517799;11167852;38035731;34978636;0;0;795212;0;35773848;73809579;25531;11718745;0;1924754;1437770;680109;15786909;0;0;5546213;0;0;5546213;21333122;20378738;0;17189103;14908616;0;0;52476457;73809579;
5423;805012526;2019-12-31;2019;MILES;11747775;120305382;2707593;0;134760750;75168;8379440;216915314;150798659;8379440;384548021;519308771;933439;10734509;0;71527;3865789;0;15605264;24972927;0;20384454;0;149087;45506468;61111732;714354;0;184470638;214700028;0;58312019;458197039;519308771;
5424;805012526;2019-12-31;2018;MILES;2419913;19631906;880696;0;22932515;112707;7889986;196469931;197557269;7889986;409919879;432852394;132340;10749403;0;0;898540;0;11780283;26887225;0;16361355;0;0;43248580;55028863;714354;0;156302692;162494466;0;58312019;377823531;432852394;
5425;890921335;2019-12-31;2019;MILES;503337;1773305;9329037;15000969;26606648;3787852;0;83000;6429258;0;10300110;36906758;11221937;2957651;0;0;1755437;448927;16383952;4533601;0;1266231;0;0;5799832;22183784;3300000;0;1429661;9993313;0;0;14722974;36906758;
5426;890921335;2019-12-31;2018;MILES;1173564;872342;10094176;19793377;31933459;928542;0;83000;4106517;0;5118059;37051518;14330079;4478357;0;0;950659;542245;20301340;1571845;0;273905;0;0;1845750;22147090;3300000;0;2135999;9468429;0;0;14904428;37051518;
5427;890900085;2019-12-31;2019;MILES;16945849;1032679;30364745;26624389;74967662;54107676;46631;0;4573446;46631;58774384;133742046;409364;17234325;0;4283626;3433283;309773;25670371;28274563;0;3953384;0;4965183;37193130;62863501;7483405;7176349;23208097;33010694;0;0;70878545;133742046;
5428;890900085;2019-12-31;2018;MILES;9457662;833798;39368105;25342597;75002162;54567442;60560;0;4394841;60560;59083403;134085565;334075;15845575;300000;4015237;6472560;457442;27424889;30908344;0;4644279;0;5592906;41145529;68570418;7483405;7176349;16118882;34736511;0;0;65515147;134085565;
5429;890803003;2019-12-31;2019;MILES;976061;979487;3648433;563856;6167837;21394346;958874;0;4107728;958874;27419822;33587659;699444;931103;0;140426;0;35739;1806712;1098060;7580984;3259713;0;227584;12166341;13973053;225041;0;1610640;17361105;0;417820;19614606;33587659;
5430;890803003;2019-12-31;2018;MILES;55496;1389631;3986980;594680;6026787;15083171;1438075;0;1976543;1438075;19935864;25962651;652593;713724;0;115823;0;0;1482140;940301;5913710;1208273;0;1520388;9582672;11064812;225041;0;1610640;12644338;0;417820;14897839;25962651;
5431;890107487;2019-12-31;2019;MILES;245537317;36101566;200245204;909793028;1391677115;2276626613;50653550;11745737;937869500;50653550;3327548950;4719226065;326618159;1535001229;0;23504335;36770983;41679898;1963574604;591982581;350454758;160011028;0;72745661;1175194028;3138768632;1962120;9132510;402830426;-112862908;0;1279395285;1580457433;4719226065;
5432;890107487;2019-12-31;2018;MILES;228989352;91985901;159520515;785518237;1266014005;2021169654;54199456;31092697;827946857;54199456;2988608120;4254622125;244388709;1494099989;0;19126623;33864674;43174662;1834654657;651784502;320851621;89432789;0;67146995;1129215907;2963870564;1962120;9132510;361615289;-131815616;0;1049857258;1290751561;4254622125;
5433;830057904;2019-12-31;2019;MILES;7857894;0;8290581;0;16148475;26173582;34983518;0;114475180;34983518;210615798;226764273;0;681021;0;0;171755;0;852776;0;27360925;2208221;0;0;29569146;30421922;3009644;0;2980570;190352137;0;0;196342351;226764273;
5434;830057904;2019-12-31;2018;MILES;5609839;241788;11105010;0;16956637;26637954;35733045;0;113348552;35733045;211452596;228409233;0;731932;0;0;2888701;0;3620633;0;27763741;0;0;0;27763741;31384374;3009644;0;2980570;191034645;0;0;197024859;228409233;
5435;900519515;2019-12-31;2019;MILES;19405;807736;2523913;0;3351054;811140;0;0;29726603;0;30537743;33888797;0;1331867;0;351046;98227;0;1781140;0;0;2318929;0;0;2318929;4100069;1955804;6522218;12029908;9280798;0;0;29788728;33888797;
5436;900519515;2019-12-31;2018;MILES;300477;516214;2207670;0;3024361;10047;0;0;27287223;0;27297270;30321631;0;364705;0;218961;192184;0;775850;0;0;4906981;0;0;4906981;5682831;1955804;6522218;11816371;4344407;0;0;24638800;30321631;
5437;900106251;2019-12-31;2019;MILES;5906225;1077212;21401524;0;28384961;2510948;0;0;5062174;0;7573122;35958083;2046787;16896296;0;1461856;2265130;0;22670069;2690539;0;0;0;0;2690539;25360608;536705;2000000;268353;7792417;0;0;10597475;35958083;
5438;900106251;2019-12-31;2018;MILES;6725978;2057743;18726272;0;27509993;1724971;0;0;243984;0;1968955;29478948;305131;16493978;0;1822396;2511637;2928895;24062037;276611;0;0;0;0;276611;24338648;536705;2000000;268353;2335242;0;0;5140300;29478948;
5439;830012157;2019-12-31;2019;MILES;18683474;25061881;20533648;0;64279003;1782268;5113233;0;229638560;5113233;241647294;305926297;17254784;7878696;623098;2216369;41656867;8070843;77700657;15512590;0;188519;0;0;15701109;93401766;29373339;0;53665935;129485257;0;0;212524531;305926297;
5440;830012157;2019-12-31;2018;MILES;102230185;35617153;25161170;0;163008508;4741721;17965463;0;230260441;17965463;270933088;433941596;7273401;39007215;0;1991460;91007083;13518481;152797640;22104706;0;188142;0;0;22292848;175090488;29373339;0;19095874;210381895;0;0;258851108;433941596;
5441;811006722;2019-12-31;2019;MILES;2318102;1442529;12940061;14289349;30990041;4432406;2539719;4679026;14564985;2539719;28755855;59745896;19264457;7530055;0;245547;698126;70765;27808950;4774286;0;1071482;0;0;5845768;33654718;1500000;747146;9247803;14596229;0;0;26091178;59745896;
5442;811006722;2019-12-31;2018;MILES;5105352;1038024;10671072;9470995;26285443;4976498;1361472;4679026;10710617;1361472;23089085;49374528;15417734;6697539;22934;237843;800526;82707;23259283;4473767;0;878642;0;0;5352409;28611692;1500000;747146;9792665;8723025;0;0;20762836;49374528;
5443;800050714;2019-12-31;2019;MILES;3014268;1134559;4308396;985226;9442449;6410262;0;0;21541976;0;27952238;37394687;915121;2132532;0;925143;19634;0;3992430;2807987;0;3834780;0;3150912;9793679;13786109;4674093;2183;9244053;7812509;0;1875740;23608578;37394687;
5444;800050714;2019-12-31;2018;MILES;2483861;1571674;4779354;1070312;9905201;4817534;0;0;20761990;0;25579524;35484725;825819;2361749;0;863115;21258;0;4071941;3582512;0;3958596;0;721301;8262409;12334350;4674093;2183;9941276;6657083;0;1875740;23150375;35484725;
5445;830101107;2019-12-31;2019;MILES;61991;2664440;15562798;740820;19030049;58607905;0;0;228321482;0;286929387;305959436;0;7740453;0;300551;0;0;8041004;0;0;5231871;0;887000;6118871;14159875;31880000;0;207729651;52189910;0;0;291799561;305959436;
5446;830101107;2019-12-31;2018;MILES;500;1618644;4236952;621622;6477718;58970045;998407;0;227251365;998407;288218224;294695942;0;8374814;0;24000;0;0;8398814;0;0;1934341;0;1028431;2962772;11361586;31880000;0;187975020;63479336;0;0;283334356;294695942;
5447;900189642;2019-12-31;2019;MILES;73868606;12544126;96451200;0;182863932;2427286;640574199;0;-634557968;640574199;649017716;831881648;8327434;156604995;0;0;4970370;0;169902799;0;500671807;0;0;0;500671807;670574606;6959795;182360440;0;-28013193;0;0;161307042;831881648;
5448;900189642;2019-12-31;2018;MILES;20092016;6358299;170257369;0;196707684;1913571;402092114;0;-391380463;402092114;414717336;611425020;3526932;120521607;0;0;1036325;0;125084864;343991300;0;0;0;0;343991300;469076164;6959795;182360440;0;-46971379;0;0;142348856;611425020;
5449;800136505;2019-12-31;2019;MILES;4723384;1535336;29279516;26677520;62215756;29282183;0;0;20000824;0;49283007;111498763;11129797;22604763;1796791;2040815;5273335;1386211;44231712;24676351;0;13008630;0;387952;38072933;82304645;7266540;0;4118256;17747789;0;61533;29194118;111498763;
5450;800136505;2019-12-31;2018;MILES;4411149;1621200;23296159;22103402;51431910;29878109;0;0;18918834;0;48796943;100228853;10236142;15699743;1312299;1909929;2357798;3015247;34531158;27476365;0;11511944;0;920645;39908954;74440112;7266540;0;2342486;16118182;0;61533;25788741;100228853;
5451;900915705;2019-12-31;2019;MILES;177441;25585;6963;0;209989;0;10000;0;3990925;10000;4010925;4220914;0;0;0;0;32124;0;32124;0;3697991;82605;0;0;3780596;3812720;10000;0;0;398194;0;0;408194;4220914;
5452;900915705;2019-12-31;2018;MILES;413301;7267;0;0;420568;0;10000;0;4301486;10000;4321486;4742054;0;13797;0;0;7242;0;21039;0;3901090;0;0;0;3901090;3922129;10000;0;0;809925;0;0;819925;4742054;
5453;900765896;2019-12-31;2019;MILES;6491949;4131662;13719228;0;24342839;689449;0;0;324476;0;1013925;25356764;60338;12685077;0;88795;605567;3989227;17429004;133977;0;0;0;0;133977;17562981;1820000;2660040;535908;2777835;0;0;7793783;25356764;
5454;900765896;2019-12-31;2018;MILES;6319397;1621368;12951879;0;20892644;663137;0;0;35000;0;698137;21590781;0;9117925;0;140103;627253;4206874;14092155;0;0;98594;0;0;98594;14190749;1820000;2660040;339285;2580707;0;0;7400032;21590781;
5455;800196312;2019-12-31;2019;MILES;2622344;2167613;6920877;0;11710834;8348472;0;0;43583781;0;51932253;63643087;726483;9084391;215661;458742;718143;66836;11270256;4859190;0;13464296;0;0;18323486;29593742;4668440;0;38847290;-9466385;0;0;34049345;63643087;
5456;800196312;2019-12-31;2018;MILES;2013610;2574007;10400096;0;14987713;3294047;0;0;35302078;0;38596125;53583838;0;11668120;20287;572593;1156339;254738;13672077;0;0;10815585;0;65707;10881292;24553369;4668440;0;38833473;-17097460;0;2626016;29030469;53583838;
5457;900460297;2019-12-31;2019;MILES;3775826;2993426;1908125;0;8677377;31444720;0;119205954;6587164;0;157237838;165915215;85138604;2242022;0;154880;0;804298;88339804;0;0;0;0;3850309;3850309;92190113;9747418;112457232;0;-48479548;0;0;73725102;165915215;
5458;900460297;2019-12-31;2018;MILES;2824582;2694105;1474787;0;6993474;31152360;0;138593472;8028651;0;177774483;184767957;85709786;2886013;2474508;177322;0;883068;92130697;0;0;0;0;3852570;3852570;95983267;9747418;112457232;-131023;-33288937;0;0;88784690;184767957;
5459;890926766;2019-12-31;2019;MILES;20245617;7657881;49003526;19960239;96867263;67283062;50102856;80908954;284375704;50102856;532773432;629640695;97713;72570591;405345;3871256;6795057;2649830;86389792;93611307;227513392;11799894;0;183300;333107893;419497685;1530567;84384011;46033986;78194446;0;0;210143010;629640695;
5460;890926766;2019-12-31;2018;MILES;14811921;5264972;97175584;9988492;127240969;61511316;66785978;82648106;299583114;66785978;577314492;704555461;22573415;104427831;52977;4972335;3112357;12551121;147690036;93178642;257419282;12717598;0;151000;363466522;511156558;1530567;84384011;46033986;61450339;0;0;193398903;704555461;
5461;900252139;2019-12-31;2019;MILES;119162278;6973343;4962574;0;131098195;3687750;0;721079128;268889037;0;993655915;1124754110;332414589;55273970;0;193850;0;13577900;401460309;0;0;19854272;0;1955037;21809309;423269618;82986436;591083486;8184232;19230338;0;0;701484492;1124754110;
5462;900252139;2019-12-31;2018;MILES;718649;39094;300;0;758043;0;0;72809355;466387605;0;539196960;539955003;0;274861;0;0;1425141;6000;1706002;0;0;0;0;29720355;29720355;31426357;76344385;531305032;-572621;-98548150;0;0;508528646;539955003;
5463;900875272;2019-12-31;2019;MILES;2552554;0;8030291;15439;10598284;7766948;0;0;266479058;0;274246006;284844290;0;8824043;0;0;79130;0;8903173;0;0;0;0;0;0;8903173;20;1625360;15510;203048563;0;71251664;275941117;284844290;
5464;900875272;2019-12-31;2018;MILES;3460664;0;3881975;0;7342639;12166839;0;0;215669289;0;227836128;235178767;0;11304856;0;0;157206;0;11462062;0;0;0;0;0;0;11462062;20;60090;10;150872432;0;72784153;223716705;235178767;
5465;890900253;2019-12-31;2019;MILES;12118825;17019324;5978426;0;35116575;0;0;0;43228032;0;43228032;78344607;0;2029037;0;0;20095;0;2049132;0;0;32213;0;0;32213;2081345;57834;0;19540868;56664560;0;0;76263262;78344607;
5466;890900253;2019-12-31;2018;MILES;25874382;17000000;6204640;0;49079022;0;0;0;34228166;0;34228166;83307188;0;17001108;0;0;324511;0;17325619;0;0;32831;0;0;32831;17358450;57834;0;30110255;35780649;0;0;65948738;83307188;
5467;901315446;2019-12-31;2019;MILES;0;0;0;0;0;0;0;0;63959730;0;63959730;63959730;0;63324;0;0;1736;0;65060;0;0;0;0;0;0;65060;2769653;0;9299838;-830932;0;52656111;63894670;63959730;
5468;901315446;2019-12-31;2018;MILES;0;0;0;0;0;0;0;0;0;0;0;0;0;0;0;0;0;0;0;0;0;0;0;0;0;0;0;0;0;0;0;0;0;0;
5469;800114766;2019-12-31;2019;MILES;5517323;5007083;45093650;7797665;63415721;38754246;0;0;4720130;0;43474376;106890097;0;66419890;0;0;2908123;302050;69630063;0;0;5149441;0;0;5149441;74779504;6406906;0;3432187;22271500;0;0;32110593;106890097;
5470;800114766;2019-12-31;2018;MILES;2700482;4038743;34579198;11902975;53221398;41540478;0;0;4690800;0;46231278;99452676;6943537;25749327;15000;0;1262925;293806;34264595;0;27593774;5590604;0;0;33184378;67448973;6406906;0;3432187;22164610;0;0;32003703;99452676;
5471;811047212;2019-12-31;2019;MILES;3134535;528776;176444792;0;180108103;0;0;0;209385042;0;209385042;389493145;0;175165963;0;0;232534;0;175398497;0;0;0;0;0;0;175398497;24000;0;77819346;136251302;0;0;214094648;389493145;
5472;811047212;2019-12-31;2018;MILES;3972115;577595;95273493;0;99823203;0;0;0;203710558;0;203710558;303533761;0;103011554;0;0;767580;0;103779134;0;0;0;0;0;0;103779134;24000;0;59965219;139765408;0;0;199754627;303533761;
5473;890205142;2019-12-31;2019;MILES;842113;40634419;20406550;21492716;83375798;76091862;0;0;57959246;0;134051108;217426906;14771166;69288433;112603;3834407;1169046;67093;89242748;82493033;0;0;9642817;0;92135850;181378598;21205366;9601954;5547852;-306864;0;0;36048308;217426906;
5474;890205142;2019-12-31;2018;MILES;1537865;30281757;9878334;10770348;52468304;79096928;7523;0;6129538;7523;85241512;137709816;22837651;41927379;393817;3598504;892926;15673;69665950;21882715;0;8760005;0;0;30642720;100308670;21205366;9601954;5515192;1078634;0;0;37401146;137709816;
5475;900785905;2019-12-31;2019;MILES;12782180;47352175;268461823;45257368;373853546;170970045;0;0;179001665;0;349971710;723825256;536518;226674769;0;3686667;0;4696954;235594908;280425865;0;0;0;0;280425865;516020773;62565632;563496888;0;-418258037;0;0;207804483;723825256;
5476;900785905;2019-12-31;2018;MILES;3129141;13709415;443832700;53447548;514118804;125110107;0;0;97471712;0;222581819;736700623;0;344597103;0;3095621;2469257;1982659;352144640;0;0;0;0;3709943;3709943;355854583;62565632;563496888;0;-245216480;0;0;380846040;736700623;
5477;810002455;2019-12-31;2019;MILES;10620850;14331609;38360105;118438349;181750913;4099995;0;17790149;708797;0;22598941;204349854;82905067;87392475;0;1075898;0;0;171373440;18441745;0;496127;0;0;18937872;190311312;7500000;0;1202431;5336111;0;0;14038542;204349854;
5478;810002455;2019-12-31;2018;MILES;3825653;14192350;32500189;117049559;167567751;4045074;0;21198693;1148902;0;26392669;193960420;89676782;71811938;0;1073004;0;0;162561724;18293848;0;372077;0;0;18665925;181227649;7500000;0;1025184;4207587;0;0;12732771;193960420;
5479;900131271;2019-12-31;2019;MILES;9237545;43010;9902169;0;19182724;0;0;0;13197922;0;13197922;32380646;0;19015385;0;0;16803;0;19032188;0;0;0;0;0;0;19032188;103;0;-4211344;17559699;0;0;13348458;32380646;
5480;900131271;2019-12-31;2018;MILES;11316663;33944;4809268;0;16159875;0;0;0;12841890;0;12841890;29001765;0;16010040;0;0;55948;0;16065988;0;0;0;0;0;0;16065988;103;0;-4823644;17759318;0;0;12935777;29001765;
5481;900967670;2019-12-31;2019;MILES;10334;253795;132118;0;396247;0;9708735;0;233417322;9708735;252834792;253231039;0;1539663;0;0;442072;0;1981735;0;3617474;0;0;0;3617474;5599209;920000;39849725;199254385;7607720;0;0;247631830;253231039;
5482;900967670;2019-12-31;2018;MILES;1173985;0;15874608;0;17048593;0;0;0;234108921;0;234108921;251157514;0;580077;0;0;6398;0;586475;0;0;0;0;0;0;586475;920000;51722325;183942635;13986079;0;0;250571039;251157514;
5483;900568503;2019-12-31;2019;MILES;7728250;68833267;140823;16518145;93220485;607383;0;0;216166;0;823549;94044034;0;21101276;0;28329;5661;20058514;41193780;0;0;0;0;0;0;41193780;53348664;0;19820;-518230;0;0;52850254;94044034;
5484;900568503;2019-12-31;2018;MILES;2090992;156970;68059870;14921891;85229723;607383;0;475000;215474;0;1297857;86527580;0;33744394;0;8790;450;0;33753634;0;0;0;0;0;0;33753634;53348664;0;19820;-594538;0;0;52773946;86527580;
5485;901029518;2019-12-31;2019;MILES;1633718;0;719300;0;2353018;0;0;0;285396887;0;285396887;287749905;4613223;1645181;0;0;0;0;6258404;134300000;0;0;0;0;134300000;140558404;11801800;107051680;0;28338021;0;0;147191501;287749905;
5486;901029518;2019-12-31;2018;MILES;6408501;0;0;0;6408501;0;0;0;270429929;0;270429929;276838430;805359;38380;0;0;59051;0;902790;134300000;0;0;0;0;134300000;135202790;11801800;107051680;0;22782160;0;0;141635640;276838430;
5487;900866992;2019-12-31;2019;MILES;5153583;951800;18775756;0;24881139;8603674;0;0;2507190;0;11110864;35992003;999870;15577890;0;0;0;4512168;21089928;4434686;0;0;0;0;4434686;25524614;10000;0;5000;10452389;0;0;10467389;35992003;
5488;900866992;2019-12-31;2018;MILES;4189915;477236;18236921;0;22904072;1941001;500000;0;205171;500000;3146172;26050244;0;11875939;0;0;0;3723762;15599701;0;0;0;0;0;0;15599701;10000;0;5000;10435543;0;0;10450543;26050244;
5489;802019047;2019-12-31;2019;MILES;16246611;0;2354322;48946988;67547921;3819382;13730105;238106950;21271741;13730105;290658283;358206204;16381338;7787055;0;133129;7985484;805964;33092970;37558257;25323909;36113626;0;3030363;102026155;135119125;24591000;0;107382315;-11547974;0;102661738;223087079;358206204;
5490;802019047;2019-12-31;2018;MILES;5622615;0;3485859;93373863;102482337;105474;9821420;193739589;22347641;9821420;235835544;338317881;11147389;5274153;0;175105;8137096;1807934;26541677;20722897;24121927;36583858;0;14088505;95517187;122058864;24591000;0;101506429;-12500150;0;102661738;216259017;338317881;
5491;830511701;2019-12-31;2019;MILES;0;18498;1732906;0;1751404;0;0;0;56830273;0;56830273;58581677;0;1155337;0;0;13417;0;1168754;0;0;0;0;0;0;1168754;3500641;0;9880390;44031892;0;0;57412923;58581677;
5492;830511701;2019-12-31;2018;MILES;0;10484;2861545;0;2872029;0;0;0;56252214;0;56252214;59124243;0;1508432;0;0;29946;0;1538378;0;0;0;0;0;0;1538378;3500641;0;9087244;44997980;0;0;57585865;59124243;
5493;860002130;2019-12-31;2019;MILES;74125000;3064000;218308000;135487000;430984000;180605000;251463000;0;-174343000;251463000;509188000;940172000;346615000;248601000;23631000;20169000;18392000;151000;657559000;7793000;11000000;0;0;80699000;99492000;757051000;1291000;0;-40218000;222048000;0;0;183121000;940172000;
5494;860002130;2019-12-31;2018;MILES;61880000;1608000;191197000;166979000;421664000;187360000;228896000;0;-150849000;228896000;494303000;915967000;341194000;253572000;16856000;19246000;12338000;13000;643219000;13473000;11906000;0;0;84920000;110299000;753518000;1291000;0;-39569000;200727000;0;0;162449000;915967000;
5495;860002553;2019-12-31;2019;MILES;314000;9099000;431000;664000;10508000;65111000;9419000;0;-6847000;9419000;77102000;87610000;84000;14846000;290000;2084000;0;27000;17331000;149000;20199000;2512000;0;11909000;34769000;52100000;126000;0;-4983000;40367000;0;0;35510000;87610000;
5496;860002553;2019-12-31;2018;MILES;362000;7776000;459000;579000;9176000;57838000;9341000;0;-7044000;9341000;69476000;78652000;0;8447000;278000;1989000;0;0;10714000;0;20384000;2168000;0;11441000;33993000;44707000;126000;0;-4554000;38373000;0;0;33945000;78652000;
5497;900497538;2019-12-31;2019;MILES;2830;1549968;12235653;1867051;15655502;8335394;0;0;89052849;0;97388243;113043745;0;2234166;0;0;419253;0;2653419;0;0;0;0;0;0;2653419;1082137;3578226;83352300;22377663;0;0;110390326;113043745;
5498;900497538;2019-12-31;2018;MILES;3682;862341;15807570;2501867;19175460;8575372;0;0;90910001;0;99485373;118660833;2500000;1858250;0;0;729411;0;5087661;5000000;0;0;0;0;5000000;10087661;1082137;3578226;83352300;20560509;0;0;108573172;118660833;
5499;801004314;2019-12-31;2019;MILES;157954;5793274;16559219;24826818;47337265;97964884;0;0;2292816;0;100257700;147594965;2320535;17156521;0;1442733;653441;271761;21844991;0;67289575;9655054;0;0;76944629;98789620;300000;706000;5622561;17307297;0;24869487;48805345;147594965;
5500;801004314;2019-12-31;2018;MILES;154577;645972;6817780;19925329;27543658;92287806;0;0;2217837;0;94505643;122049301;41333;14431426;0;2228651;75358;255335;17032103;0;48861121;8956739;0;0;57817860;74849963;300000;706000;5341450;16053078;0;24798810;47199338;122049301;
5501;830132938;2019-12-31;2019;MILES;83153;20252389;37127587;1898315;59361444;4528192;0;0;304102;0;4832294;64193738;19784949;4060843;0;90872;159853;219357;24315874;0;0;458496;0;0;458496;24774370;17500000;2500000;1763100;11960192;0;5696076;39419368;64193738;
5502;830132938;2019-12-31;2018;MILES;420293;8144390;35157128;0;43721811;5220621;0;0;294730;0;5515351;49237162;7773959;5223316;0;55141;20919;54953;13128288;0;0;515719;0;0;515719;13644007;17500000;2500000;1673136;8531678;0;5388341;35593155;49237162;
5503;800186228;2019-12-31;2019;MILES;5138870;82797801;123502584;8542261;219981516;55968982;0;2357903;1619115;0;59946000;279927516;0;46586778;0;2395649;1124620;31058258;81165305;0;0;10104379;0;5773699;15878078;97043383;28000000;8500000;25074955;84722190;0;36586988;182884133;279927516;
5504;800186228;2019-12-31;2018;MILES;15354948;87712975;101966192;28415;205062530;62564217;0;2357903;1703212;0;66625332;271687862;0;27574189;0;1649326;874728;46880249;76978492;0;1165219;9683592;0;6487476;17336287;94314779;28000000;8500000;20572116;83618099;0;36682868;177373083;271687862;
5505;800242482;2019-12-31;2019;MILES;14125774;7617386;15274219;588314;37605693;142570855;315494;100369357;987736289;315494;1231307489;1268913182;6228432;5034024;248435;985886;107957;0;12604734;0;354648229;13639373;0;0;368287602;380892336;108353;294517403;184011262;319148045;0;90235783;888020846;1268913182;
5506;800242482;2019-12-31;2018;MILES;8616017;7975275;24145981;589351;41326624;150935700;10831550;86125146;890388046;10831550;1149111992;1190438616;6228432;20573451;662500;963614;703522;0;29131519;0;345958271;12283747;0;0;358242018;387373537;107770;270210044;106740052;328981442;0;97025771;803065079;1190438616;
5507;900443742;2019-12-31;2019;MILES;1719;106444;12610773;0;12718936;0;2022402;0;70774648;2022402;74819452;87538388;0;2792418;0;0;131606;0;2924024;0;309757;0;14528;0;324285;3248309;4000000;0;8575577;71714502;0;0;84290079;87538388;
5508;900443742;2019-12-31;2018;MILES;1466;86298;14619849;0;14707613;0;1621834;0;66983746;1621834;70227414;84935027;0;3836004;0;0;204773;0;4040777;0;378230;0;1362;0;379592;4420369;4000000;0;8560765;67953893;0;0;80514658;84935027;
5509;900443757;2019-12-31;2019;MILES;1024;110870;12480617;0;12592511;0;5454993;0;75202640;5454993;86112626;98705137;0;3849831;0;0;79597;0;3929428;0;339251;16056;0;0;355307;4284735;5000000;0;6398698;83021704;0;0;94420402;98705137;
5510;900443757;2019-12-31;2018;MILES;2962;69843;15020139;0;15092944;0;5108094;0;71821931;5108094;82038119;97131063;0;5681505;0;0;213981;0;5895486;0;423997;1791;0;0;425788;6321274;5000000;0;6373924;79435865;0;0;90809789;97131063;
5511;800158850;2019-12-31;2019;MILES;1510741;1072289;24327077;4913439;31823546;17910564;9154040;2951311;5815734;9154040;44985689;76809235;2917883;29528420;0;627593;0;1076599;34150495;0;0;1934888;0;0;1934888;36085383;8725895;0;25589980;12464884;0;-6056907;40723852;76809235;
5512;800158850;2019-12-31;2018;MILES;1794558;282271;19853963;5082056;27012848;18936579;9146182;2794505;1782764;9146182;41806212;68819060;2917725;26723515;0;566720;0;510768;30718728;0;0;1360759;0;0;1360759;32079487;8725895;0;25574619;8495965;0;-6056906;36739573;68819060;
5513;890900120;2019-12-31;2019;MILES;23108445;5767865;37789314;37779146;104444770;186776338;527000;4474370;60546505;527000;252851213;357295983;3252227;46957448;479486;4827517;10734205;630275;66881158;76605578;0;14861023;0;7289116;98755717;165636875;5342491;0;81133333;105183284;0;0;191659108;357295983;
5514;890900120;2019-12-31;2018;MILES;21518791;1930199;68118202;36359832;127927024;172611069;527000;4545391;63826310;527000;242036770;369963794;820104;35062446;579486;4857141;9531438;14927316;65777931;43696202;0;16862216;0;8220280;68778698;134556629;5342491;0;118357916;111706758;0;0;235407165;369963794;
5515;860039444;2019-12-31;2019;MILES;812762;3822454;24130451;19704850;48470517;220696;0;0;449976;0;670672;49141189;7947670;17185122;0;0;2353593;278755;27765140;8549382;0;0;0;168236;8717618;36482758;7317749;1318338;913727;3108617;0;0;12658431;49141189;
5516;860039444;2019-12-31;2018;MILES;1509392;5471489;24687170;17608428;49276479;101956;0;0;1396824;0;1498780;50775259;16728299;17800602;0;0;2042785;309113;36880799;5250;0;0;0;0;5250;36886049;7317749;1318338;913727;4339396;0;0;13889210;50775259;
5517;800143147;2019-12-31;2019;MILES;854559;11705756;1410926;0;13971241;79250574;19541972;143799092;46902963;19541972;309036573;323007814;707788;12308920;0;0;0;0;13016708;3807761;15904924;25352187;0;0;45064872;58081580;6400000;0;44949039;213577195;0;0;264926234;323007814;
5518;800143147;2019-12-31;2018;MILES;1187654;7400254;762176;0;9350084;86349727;21415413;124982796;38745812;21415413;292909161;302259245;912249;9454482;0;0;0;0;10366731;2997941;6527174;24440877;0;0;33965992;44332723;6400000;0;44403067;207123455;0;0;257926522;302259245;
5519;900069416;2019-12-31;2019;MILES;30149;20803;2350181;0;2401133;0;0;0;362051631;0;362051631;364452764;0;315795;0;0;78774;0;394569;0;0;0;0;0;0;394569;2443819;0;204985195;156629181;0;0;364058195;364452764;
5520;900069416;2019-12-31;2018;MILES;614881;9437;1847053;0;2471371;0;0;0;339673998;0;339673998;342145369;0;575642;0;0;23021;0;598663;0;0;0;0;0;0;598663;2443819;0;199612133;139490754;0;0;341546706;342145369;
5521;900208445;2019-12-31;2019;MILES;3924124;10750682;27440169;34988550;77103525;143323893;0;0;89132902;0;232456795;309560320;28497513;31450265;1004372;1795092;2612106;43763;65403111;119528857;0;2465366;0;0;121994223;187397334;15900455;108900000;0;-2637469;0;0;122162986;309560320;
5522;900208445;2019-12-31;2018;MILES;6508177;18778507;23105410;29086125;77478219;139097067;0;0;83797527;0;222894594;300372813;22782001;27536420;947521;1832881;5889461;648142;59636426;122708008;0;1411783;0;0;124119791;183756217;15900455;108900000;0;-8183859;0;0;116616596;300372813;
5523;900499032;2019-12-31;2019;MILES;5031749;16340198;41317458;71065395;133754800;30097691;515650;0;23156401;515650;54285392;188040192;50350629;26381580;0;995705;4432666;3642244;85802824;48790338;0;10892325;0;8232019;67914682;153717506;47524020;0;854148;-14055482;0;0;34322686;188040192;
5524;900499032;2019-12-31;2018;MILES;16964334;19000113;44732988;90312862;171010297;18407920;806266;0;13817177;806266;33837629;204847926;76619279;40780976;0;940067;1024609;1471233;120836164;48990770;0;3132871;0;0;52123641;172959805;47524020;0;939622;-16575521;0;0;31888121;204847926;
5525;900153185;2019-12-31;2019;MILES;41976;35891;91170;0;169037;0;0;0;159392030;0;159392030;159561067;0;6547936;0;0;19280;0;6567216;0;0;0;0;0;0;6567216;32930061;0;52470721;67593069;0;0;152993851;159561067;
5526;900153185;2019-12-31;2018;MILES;40520;18827;0;0;59347;0;0;0;142699832;0;142699832;142759179;0;123146;0;0;547;0;123693;0;0;0;0;0;0;123693;32930061;0;52314737;57390688;0;0;142635486;142759179;
5527;901147970;2019-12-31;2019;MILES;667999;299730;173541328;0;174509057;0;0;0;220956639;0;220956639;395465696;0;174606491;0;0;187142;0;174793633;0;0;0;0;0;0;174793633;423088;0;47849986;172398989;0;0;220672063;395465696;
5528;901147970;2019-12-31;2018;MILES;748265;584;99460671;0;100209520;0;0;0;206274234;0;206274234;306483754;0;142629;0;0;412;0;143041;0;0;0;0;0;0;143041;423088;0;-44399569;350317194;0;0;306340713;306483754;
5529;800042175;2019-12-31;2019;MILES;1259495;1187744;27966884;25670762;56084885;31488569;292371;0;3640594;292371;35713905;91798790;25206208;19577485;0;347879;2464014;0;47595586;662181;0;2905652;0;0;3567833;51163419;7335087;0;6452772;19666795;0;7180717;40635371;91798790;
5530;800042175;2019-12-31;2018;MILES;558692;1054328;28496384;31620474;61729878;33138373;543769;10000;3462569;543769;37698480;99428358;35583183;23244409;0;266987;2205608;0;61300187;1739314;0;2271655;0;0;4010969;65311156;7335087;0;8302265;11143389;0;7336461;34117202;99428358;
5531;900197910;2019-12-31;2019;MILES;172787;1171173;14624688;0;15968648;15965;0;0;819035;0;835000;16803648;3895678;4141028;0;983946;2514580;0;11535232;0;0;13304;0;672310;685614;12220846;544314;1832827;216232;1982875;0;6554;4582802;16803648;
5532;900197910;2019-12-31;2018;MILES;527819;1912944;11879474;0;14320237;31014;0;0;46271;0;77285;14397522;2575778;2581091;0;843692;1550973;0;7551534;0;0;18570;0;2458700;2477270;10028804;544314;1832827;57312;1927766;0;6499;4368718;14397522;
5533;800172954;2019-12-31;2019;MILES;2350868;1487538;63563019;0;67401425;12236402;0;4060214;451216518;0;467513134;534914559;63421552;404651;0;418100;0;83560;64327863;0;0;1709780;0;4416;1714196;66042059;57039100;0;223847673;176963627;0;11022100;468872500;534914559;
5534;800172954;2019-12-31;2018;MILES;5575025;27001690;64369444;0;96946159;12098334;0;4060214;409988140;0;426146688;523092847;62877856;13603531;521250;297304;475782;65980;77841703;0;0;1699999;0;25694;1725693;79567396;57039100;0;218117432;157494054;0;10874865;443525451;523092847;
5535;860528319;2019-12-31;2019;MILES;1524853;3176273;52778794;12747262;70227182;9582338;2014367;0;124929151;2014367;138540223;208767405;0;64828709;744000;0;1440249;0;67012958;0;0;509381;0;0;509381;67522339;200000;20536;63478446;77546084;0;0;141245066;208767405;
5536;860528319;2019-12-31;2018;MILES;2424655;3024204;30564293;3396277;39409429;11027520;1534141;0;122597354;1534141;136693156;176102585;0;44315817;551000;0;0;0;44866817;0;0;711511;0;0;711511;45578328;200000;20536;55755722;74547999;0;0;130524257;176102585;
5537;900569531;2019-12-31;2019;MILES;981496;3708006;7434213;13383941;25507656;5057236;0;0;47723888;0;52781124;78288780;0;17299966;0;302341;1043597;375027;19020931;9915818;0;0;0;0;9915818;28936749;5200003;47066000;0;-2913972;0;0;49352031;78288780;
5538;900569531;2019-12-31;2018;MILES;575033;3241561;5800546;12245717;21862857;4209626;0;0;41363908;0;45573534;67436391;0;10711687;0;246228;1269346;902847;13130108;5693882;0;0;0;0;5693882;18823990;5200001;46914889;0;-3502489;0;0;48612401;67436391;
5539;860535628;2019-12-31;2019;MILES;368127;722931;884374;85153;2060585;31901;0;0;1185815;0;1217716;3278301;5000;1803855;0;35920;15711;0;1860486;0;0;11537;0;0;11537;1872023;237925;0;142504;506748;0;519101;1406278;3278301;
5540;860535628;2019-12-31;2018;MILES;244940;895970;637150;13722;1791782;39211;0;0;931467;0;970678;2762460;0;1337722;0;64834;16981;0;1419537;0;0;3620;0;0;3620;1423157;237925;0;142504;462901;0;495973;1339303;2762460;
5541;860032436;2019-12-31;2019;MILES;1710260;807433;4703139;1425361;8646193;12915943;0;0;10118580;0;23034523;31680716;59662;1543199;0;699645;306941;29407;2638854;10107266;0;2697476;0;371829;13176571;15815425;4206974;137756;4776533;5423892;0;1320136;15865291;31680716;
5542;860032436;2019-12-31;2018;MILES;2882602;636207;3875412;1390432;8784653;4809567;0;0;9447702;0;14257269;23041922;433024;1710296;0;631630;39591;39988;2854529;2098324;0;2466432;0;346614;4911370;7765899;4206974;137756;4664604;4946553;0;1320136;15276023;23041922;
5543;830000324;2019-12-31;2019;MILES;3747010;11807304;26813829;15513077;57881220;3043385;0;0;581308;0;3624693;61505913;0;11488158;0;0;3172749;0;14660907;0;0;283957;24552141;699362;25535460;40196367;2498970;444880;1249485;17116211;0;0;21309546;61505913;
5544;830000324;2019-12-31;2018;MILES;2629690;9949317;24405240;22569914;59554161;4160172;0;0;224164;0;4384336;63938497;173459;7825485;0;0;3141288;0;11140232;0;0;171493;25217843;2202534;27591870;38732102;2498970;444880;1249485;21013060;0;0;25206395;63938497;
5545;805006014;2019-12-31;2019;MILES;112006575;86748683;39419721;5493484;243668463;280514868;1219035;0;279436487;1219035;562389425;806057888;0;145311463;4882129;18920635;38826921;67089763;275030911;0;145347;0;0;91901546;92046893;367077804;77416417;0;0;-544218318;0;905781985;438980084;806057888;
5546;805006014;2019-12-31;2018;MILES;78594760;31849762;34984389;5750397;151179308;342569626;2118153;0;175002276;2118153;521808208;672987516;0;182144035;4347805;19003919;28910318;39517982;273924059;0;637654;0;0;7318998;7956652;281880711;77416417;0;0;-592091597;0;905781985;391106805;672987516;
5547;830511290;2019-12-31;2019;MILES;42389;1595468;6304498;0;7942355;0;0;0;1401869229;0;1401869229;1409811584;0;63647747;0;0;1689046;0;65336793;0;25201659;0;0;0;25201659;90538452;6765715;63166629;454262427;795078361;0;0;1319273132;1409811584;
5548;830511290;2019-12-31;2018;MILES;20532;1079043;15088490;0;16188065;0;0;0;1386596541;0;1386596541;1402784606;0;71157983;0;0;2814845;0;73972828;0;32458244;0;0;0;32458244;106431072;6765715;63166629;452108043;774313147;0;0;1296353534;1402784606;
5549;860002536;2019-12-31;2019;MILES;54227116;29830597;146352014;156317089;386726816;566802447;9890065;0;247365062;9890065;833947639;1220674455;7148810;129627346;808558;0;20881872;29470675;187937261;433485445;22729993;67529171;0;55723906;579468515;767405776;37999152;55452477;223121547;136695503;0;0;453268679;1220674455;
5550;860002536;2019-12-31;2018;MILES;29418449;25544172;213626560;164726432;433315613;588028523;15328756;0;221324639;15328756;840010674;1273326287;4950845;122626399;1029115;0;19969746;27720610;176296715;479224294;0;64337039;0;59893901;603455234;779751949;37999152;55452477;230400976;169721733;0;0;493574338;1273326287;
5551;800058607;2019-12-31;2019;MILES;4862910;6918704;69772630;7081432;88635676;17313477;0;0;849993;0;18163470;106799146;80367;46218995;0;1543774;10276204;6353460;64472800;9333812;0;808087;0;0;10141899;74614699;1500000;0;1542526;29141921;0;0;32184447;106799146;
5552;800058607;2019-12-31;2018;MILES;3543274;438077;59584110;5113876;68679337;16170441;0;0;341412;0;16511853;85191190;820137;37253037;0;1282723;2093225;2169769;43618891;9979038;5000000;285020;0;0;15264058;58882949;1500000;0;1542526;23265715;0;0;26308241;85191190;
5553;890200877;2019-12-31;2019;MILES;4925510;2109886;11868203;285494286;304397885;10639367;16982362;50784553;3179941;16982362;98568585;402966470;33237213;57122022;0;1300527;10788999;288560;102737321;117478079;86151280;5009115;0;12420415;221058889;323796210;40814535;0;52310054;-17862542;0;3908213;79170260;402966470;
5554;890200877;2019-12-31;2018;MILES;10030282;4838132;16115905;276965528;307949847;13567628;20802362;50638737;1509092;20802362;107320181;415270028;62648509;57530118;0;691771;9757801;0;130628199;87482248;76933865;5597759;0;8973182;178987054;309615253;40814535;0;52596115;8634609;0;3609516;105654775;415270028;
5555;901062828;2019-12-31;2019;MILES;300492;2976;0;0;303468;0;0;0;83663144;0;83663144;83966612;0;5854;0;0;0;0;5854;0;0;0;0;0;0;5854;8795670;56791352;15439074;2934662;0;0;83960758;83966612;
5556;901062828;2019-12-31;2018;MILES;415867;0;0;0;415867;0;0;0;80949809;0;80949809;81365676;0;34126;0;0;30123;0;64249;0;0;0;0;0;0;64249;8795670;56791352;2502903;13211502;0;0;81301427;81365676;
5557;891300199;2019-12-31;2019;MILES;46017;25278;182696;1230;255221;609447;45265054;128805;-43514474;45265054;47753886;48009107;0;3780;0;0;0;0;3780;0;48052041;74794;0;0;48126835;48130615;2388;0;1499904;-1623800;0;0;-121508;48009107;
5558;891300199;2019-12-31;2018;MILES;1163;29446;248152;1230;279991;626790;45265054;128805;-43520211;45265054;47765492;48045483;0;183123;0;0;0;0;183123;0;47868531;78209;0;0;47946740;48129863;2388;0;1499904;-1586672;0;0;-84380;48045483;
5559;800059608;2019-12-31;2019;MILES;5827486;467122;14209413;11660555;32164576;20346740;421811;1113580;4993310;421811;27297252;59461828;17389;5090464;0;1070895;1274715;0;7453463;0;5165488;5261123;0;0;10426611;17880074;3500000;400000;3054732;6906621;0;27720401;41581754;59461828;
5560;800059608;2019-12-31;2018;MILES;4028050;682000;11576827;11713022;27999899;13813297;596389;6828491;2701416;596389;24535982;52535881;18216;3241936;0;1078136;1258340;0;5596628;0;0;3381458;0;0;3381458;8978086;3500000;400000;3007276;8965082;0;27685437;43557795;52535881;
5561;901059574;2019-12-31;2019;MILES;190680;1306218;0;0;1496898;846743;0;0;37303506;0;38150249;39647147;0;12243;0;0;297;0;12540;0;0;0;0;0;0;12540;1178873;34696657;1904042;1855035;0;0;39634607;39647147;
5562;901059574;2019-12-31;2018;MILES;213448;246936;0;0;460384;876870;0;0;35973841;0;36850711;37311095;0;5364;0;0;0;0;5364;32865695;0;0;0;0;32865695;32871059;900694;1201036;1613819;724487;0;0;4440036;37311095;
5563;801004661;2019-12-31;2019;MILES;2560306;954621;3413036;11093;6939056;297567;0;13841474;18186501;0;32325542;39264598;0;269565;0;34578;324140;14885;643168;0;15101611;3369208;0;0;18470819;19113987;1000000;0;11002547;-2286764;0;10434828;20150611;39264598;
5564;801004661;2019-12-31;2018;MILES;1095627;894225;1640718;14315;3644885;435510;107823;13768025;15815893;107823;30235074;33879959;0;201521;0;34080;251804;14216;501621;0;11368183;3354363;0;0;14722546;15224167;1000000;0;9201434;-1980470;0;10434828;18655792;33879959;
5565;800064391;2019-12-31;2019;MILES;920061;3556227;17432800;0;21909088;2510358;2860286;0;3742279;2860286;11973209;33882297;3441573;8041722;0;0;1008213;0;12491508;114781;0;0;0;1759342;1874123;14365631;1711168;2109824;19804575;-4108901;0;0;19516666;33882297;
5566;800064391;2019-12-31;2018;MILES;4684442;2992337;14377041;0;22053820;765517;1701500;0;8686812;1701500;12855329;34909149;2998208;4561382;0;0;1002720;0;8562310;0;0;0;0;673491;673491;9235801;1711168;2109824;18140692;3711664;0;0;25673348;34909149;
5567;800229393;2019-12-31;2019;MILES;10050609;22758869;29593670;3912597;66315745;138696612;0;0;66792534;0;205489146;271804891;129127476;79717077;3999829;183979;267995;0;213296356;40408317;16049598;0;0;634501;57092416;270388772;50211984;0;36938462;-87850371;0;2116044;1416119;271804891;
5568;800229393;2019-12-31;2018;MILES;4954330;13150080;44583608;6679802;69367820;152851634;0;0;68904669;0;221756303;291124123;131016492;75177996;2866128;1266490;4431124;0;214758230;39619041;17920822;0;0;548268;58088131;272846361;50211984;0;35133232;-68804274;0;1736820;18277762;291124123;
5569;890110147;2019-12-31;2019;MILES;139309;2778784;34414287;8769339;46101719;123913719;90855;0;77137611;90855;201233040;247334759;386467;36232269;12422;2171072;2247935;0;41050165;0;23866620;10724393;0;0;34591013;75641178;14139508;48498998;22003797;4929653;0;82121625;171693581;247334759;
5570;890110147;2019-12-31;2018;MILES;3533501;1252448;15500902;9420288;29707139;118931007;90855;0;76867369;90855;195980086;225687225;11251186;16292242;28906;1947976;4028401;0;33548711;10940797;2744494;9153291;0;0;22838582;56387293;14139508;48498998;21275545;3187551;0;82198330;169299932;225687225;
5571;890902266;2019-12-31;2019;MILES;3393238;1511562;13480972;0;18385772;2182778;0;0;1416268;0;3599046;21984818;1035260;2089221;549799;0;755205;4220401;8649886;4801717;0;0;0;0;4801717;13451603;550000;1599831;440124;5943260;0;0;8533215;21984818;
5572;890902266;2019-12-31;2018;MILES;1350406;1637087;19164936;0;22152429;150229;0;0;1364869;0;1515098;23667527;622534;3249420;484544;0;994359;7592939;12943796;3634123;0;0;0;0;3634123;16577919;550000;1599831;414539;4525238;0;0;7089608;23667527;
5573;890300431;2019-12-31;2019;MILES;31522929;20399255;185299411;115660372;352881967;228597716;0;0;14870785;0;243468501;596350468;1881599;127517055;0;4573849;12642917;26212035;172827455;241939785;0;24032765;0;731828;266704378;439531833;29808890;17955065;138100449;-29045769;0;0;156818635;596350468;
5574;890300431;2019-12-31;2018;MILES;29488158;41674623;191503389;130243866;392910036;239120998;0;0;13964050;0;253085048;645995084;266826495;170945902;0;4666333;10734198;2863380;456036308;0;0;24276802;0;1070257;25347059;481383367;29808890;17955065;136385059;-19537297;0;0;164611717;645995084;
5575;811004805;2019-12-31;2019;MILES;1525053;216166;22144034;68430;23953683;423538;164359;0;67746576;164359;68498832;92452515;45694641;5092992;742374;104678;171636;1398853;53205174;0;0;0;0;35157;35157;53240331;9927950;52215484;15962224;-60920135;0;22026661;39212184;92452515;
5576;811004805;2019-12-31;2018;MILES;167308;272948;27603191;462072;28505519;2060004;3654262;0;89930281;3654262;99298809;127804328;50512610;13054559;1955919;100480;146359;2192621;67962548;0;0;0;0;15191987;15191987;83154535;9927950;52215484;33334321;-62561723;0;11733761;44649793;127804328;
5577;890904615;2019-12-31;2019;MILES;2585235;4732459;12184839;7146120;26648653;40274754;0;14309887;12633198;0;67217839;93866492;15762976;6502252;0;0;1071068;0;23336296;19807206;0;0;914631;0;20721837;44058133;2295000;0;6508231;29731189;0;11273939;49808359;93866492;
5578;890904615;2019-12-31;2018;MILES;1315897;4732459;7227315;5651556;18927227;31739624;0;6222991;11866350;0;49828965;68756192;3706556;4392413;0;0;1799021;0;9897990;9702494;0;0;1049783;0;10752277;20650267;2295000;0;6391598;27737697;0;11681630;48105925;68756192;
5579;890704021;2019-12-31;2019;MILES;220441;9806258;13673753;10179722;33880174;166418959;0;0;68882745;0;235301704;269181878;13658566;8768464;0;1748094;0;509025;24684149;27284790;0;7209244;0;5945878;40439912;65124061;90498500;88118001;5323853;19840376;0;277087;204057817;269181878;
5580;890704021;2019-12-31;2018;MILES;239558;9125433;6818384;9561572;25744947;166476058;0;0;52000477;0;218476535;244221482;28276634;7124085;0;1757242;0;898194;38056155;41322058;0;6671148;0;5520438;53513644;91569799;42928718;88118001;5323853;15630000;0;651111;152651683;244221482;
5581;900444197;2019-12-31;2019;MILES;579;49579;7812887;0;7863045;0;1229124;0;84448039;1229124;86906287;94769332;0;3829868;0;0;35363;0;3865231;0;284836;13481;0;0;298317;4163548;4000000;0;13674918;72930866;0;0;90605784;94769332;
5582;900444197;2019-12-31;2018;MILES;856;37081;8348906;0;8386843;0;1197488;0;79859471;1197488;82254447;90641290;0;4363011;0;0;105409;0;4468420;0;109993;5291;0;0;115284;4583704;4000000;0;13626111;68431475;0;0;86057586;90641290;
5583;900066708;2019-12-31;2019;MILES;661247;880063;3166972;0;4708282;0;14575783;89835692;123725245;14575783;242712503;247420785;3708000;26277239;0;0;766361;939978;31691578;17268859;26959801;0;0;41391569;85620229;117311807;500000;0;14152859;92834936;0;22621183;130108978;247420785;
5584;900066708;2019-12-31;2018;MILES;338998;363306;16207712;0;16910016;0;3778083;72103883;106614922;3778083;186274971;203184987;3458616;15069045;0;0;551787;672583;19752031;57549222;0;0;0;33437490;90986712;110738743;500000;0;12559985;59161731;0;20224528;92446244;203184987;
5585;891300241;2019-12-31;2019;MILES;3278089;48586734;77168176;47928135;176961134;948707569;61703563;16782520;61537872;61703563;1150435087;1327396221;34284229;103907141;0;9726376;5682383;0;153600129;431866892;0;94232741;0;16169201;542268834;695868963;2399694;0;38192126;590935438;0;0;631527258;1327396221;
5586;891300241;2019-12-31;2018;MILES;5398704;50510820;76579156;48021227;180509907;936268223;60675787;13080605;3881945;60675787;1074582347;1255092254;17568086;96596290;1172189;10869852;3300308;0;129506725;399319437;0;85008037;0;16334410;500661884;630168609;2399694;0;39515079;583008872;0;0;624923645;1255092254;
5587;800114341;2019-12-31;2019;MILES;5280813;42691;1728114;0;7051618;166;0;0;312358891;0;312359057;319410675;0;39082;0;0;9215;0;48297;0;0;0;0;0;0;48297;85464;29611283;106613749;183051882;0;0;319362378;319410675;
5588;800114341;2019-12-31;2018;MILES;5714982;80987;2966874;0;8762843;525;0;0;282070038;0;282070563;290833406;0;1533168;0;0;36622;0;1569790;0;0;0;0;0;0;1569790;85464;26388575;70155147;192634430;0;0;289263616;290833406;
5589;890903858;2019-12-31;2019;MILES;23404169;73303926;223454334;133150146;453312575;1196911415;7327994;0;171275865;7327994;1382843268;1836155843;1568124;789864954;22914723;26431332;25646756;7043865;873469754;0;0;60130785;0;52795902;112926687;986396441;12256000;384765077;636238826;-183500501;0;0;849759402;1836155843;
5590;890903858;2019-12-31;2018;MILES;11099350;47339538;374945895;93323212;526707995;1279593064;7810024;0;132118820;7810024;1427331932;1954039927;0;749692833;20589092;28573728;27795024;0;826650677;0;0;63323080;0;41731912;105054992;931705669;12256000;384765077;640961565;-15648384;0;0;1022334258;1954039927;
5591;900626067;2019-12-31;2019;MILES;2362635;34407662;14075914;51831713;102677924;102369;0;0;219110;0;321479;102999403;18188717;43550483;0;5948;11305;20472338;82228791;0;0;0;0;0;0;82228791;100000;0;9437950;11232662;0;0;20770612;102999403;
5592;900626067;2019-12-31;2018;MILES;1788370;2417403;30565853;77317712;112089338;102369;0;0;144332;0;246701;112336039;31649812;40678935;0;0;70367;19231895;91631009;0;0;0;0;0;0;91631009;100000;0;9437950;11167080;0;0;20705030;112336039;
5593;890900291;2019-12-31;2019;MILES;10599959;45902892;149194528;136581616;342278995;179523781;6568481;5387083;132220679;6568481;330268505;672547500;217192340;80943085;3767509;7879813;10964296;0;320747043;86030283;0;20552444;0;2263056;108845783;429592826;6071005;0;147256309;89627360;0;0;242954674;672547500;
5594;890900291;2019-12-31;2018;MILES;12093974;71742726;156030250;140941187;380808137;186365703;6512523;5186760;118816280;6512523;323393789;704201926;216758676;86360029;2387593;6216759;10324439;0;322047496;134602334;0;20735365;0;2110476;157448175;479495671;6071005;0;142289428;76345822;0;0;224706255;704201926;
5595;860025639;2019-12-31;2019;MILES;65853615;3612611;21579182;58477211;149522619;41540974;1609451;0;35038499;1609451;79798375;229320994;751486;30037687;187464;4880231;834071;35444942;72135881;12151072;0;0;0;8573000;20724072;92859953;36165000;0;69087987;31208054;0;0;136461041;229320994;
5596;860025639;2019-12-31;2018;MILES;37346881;10369793;25071463;58401406;131189543;31260187;3018346;0;38649472;3018346;75946351;207135894;7152;34065423;221590;4699599;1667618;40114425;80775807;0;0;0;0;7262493;7262493;88038300;36165000;0;34355797;48576797;0;0;119097594;207135894;
5597;860000656;2019-12-31;2019;MILES;7715547;19886757;156434471;2333843;186370618;34929741;0;0;38518951;0;73448692;259819310;49509241;31432286;0;6853165;6453638;40286426;134534756;8916720;0;2624536;0;0;11541256;146076012;45966814;109653;12886672;52442379;0;2337780;113743298;259819310;
5598;860000656;2019-12-31;2018;MILES;2933358;13438501;92062105;2220572;110654536;32767564;0;0;46740195;0;79507759;190162295;17534510;26498569;0;5479195;4976700;24136277;78625251;21882125;0;2931110;0;238158;25051393;103676644;16660469;109653;12296932;54852018;0;2566579;86485651;190162295;
5599;830001114;2019-12-31;2019;MILES;24501857;380231;37534407;34037624;96454119;58145288;0;0;393056;0;58538344;154992463;5069071;14586955;1458851;2058474;856883;246292;24276526;409638;32888147;5852207;0;115025;39265017;63541543;32482000;0;19584908;19737605;0;19646407;91450920;154992463;
5600;830001114;2019-12-31;2018;MILES;21717419;322574;29795585;28587884;80423462;49628011;0;0;340819;0;49968830;130392292;0;18527881;240025;1733890;2908329;1079369;24489494;0;26512047;4854296;0;101644;31467987;55957481;32482000;0;8591928;17602214;0;15758669;74434811;130392292;
5601;830026818;2019-12-31;2019;MILES;903310;3918942;18999862;16325839;40147953;2004405;0;328287;741106;0;3073798;43221751;17968975;6072651;0;436090;2389256;133893;27000865;2760201;0;0;0;8612;2768813;29769678;3300000;0;6371924;3780149;0;0;13452073;43221751;
5602;830026818;2019-12-31;2018;MILES;2114696;2672980;12966973;15706716;33461365;2217869;0;378287;440410;0;3036566;36497931;12427731;7858186;0;408992;1990944;102851;22788704;2607952;0;1306;0;10623;2619881;25408585;3300000;0;5325832;2463514;0;0;11089346;36497931;
5603;900330490;2019-12-31;2019;MILES;12704706;59738;51506508;0;64270952;0;0;0;214053829;0;214053829;278324781;0;4020038;0;0;4005;0;4024043;0;0;0;0;0;0;4024043;945;216448869;54947622;2903302;0;0;274300738;278324781;
5604;900330490;2019-12-31;2018;MILES;94;65436;3115961;0;3181491;0;0;0;158628570;0;158628570;161810061;5000000;13094877;0;0;5627;0;18100504;14500000;0;0;0;0;14500000;32600504;10000;5783886;55371127;68044544;0;0;129209557;161810061;
5605;805024036;2019-12-31;2019;MILES;567175;41224;4190181;0;4798580;3804112;0;0;29988769;0;33792881;38591461;324227;991330;0;0;95038;0;1410595;722064;0;249777;0;0;971841;2382436;11000;925753;63069;13195970;0;22013233;36209025;38591461;
5606;805024036;2019-12-31;2018;MILES;439331;24013;3205008;0;3668352;3503075;0;0;30637199;0;34140274;37808626;226924;279352;0;0;62775;0;569051;690435;0;357657;0;0;1048092;1617143;11000;925753;63069;13178428;0;22013233;36191483;37808626;
5607;805023973;2019-12-31;2019;MILES;112697;2834;1201556;0;1317087;1445108;0;0;23822144;0;25267252;26584339;268769;393967;0;0;22482;0;685218;718840;0;76657;0;0;795497;1480715;10000;0;44310;6898256;0;18151058;25103624;26584339;
5608;805023973;2019-12-31;2018;MILES;57714;8739;650383;0;716836;1445048;0;0;24181536;0;25626584;26343420;221275;24104;0;0;86623;0;332002;636489;0;299869;0;0;936358;1268360;10000;0;44310;6869692;0;18151058;25075060;26343420;
5609;805023974;2019-12-31;2019;MILES;591352;20083;1170818;237871;2020124;6236161;0;0;23818888;0;30055049;32075173;782531;79622;0;0;35215;0;897368;1118977;0;211767;0;0;1330744;2228112;12000;1041164;45359;10112649;0;18635889;29847061;32075173;
5610;805023974;2019-12-31;2018;MILES;1573;13172;803945;237871;1056561;5743695;0;0;24154776;0;29898471;30955032;625136;124788;0;0;58778;0;808702;1076095;0;333530;0;0;1409625;2218327;12000;1041164;45359;9002293;0;18635889;28736705;30955032;
5611;805024093;2019-12-31;2019;MILES;144037;1569;1327096;0;1472702;3108244;0;0;23546492;0;26654736;28127438;1390041;68378;0;0;74690;0;1533109;757591;0;422102;0;0;1179693;2712802;10000;0;49316;5981080;0;19374240;25414636;28127438;
5612;805024093;2019-12-31;2018;MILES;37869;3636;718985;0;760490;3119200;0;0;23873289;0;26992489;27752979;238273;3717;0;0;69621;0;311611;648478;0;485290;0;0;1133768;1445379;10000;0;49316;6874044;0;19374240;26307600;27752979;
5613;805023971;2019-12-31;2019;MILES;179796;19200;3633734;0;3832730;2276578;0;0;31602291;0;33878869;37711599;289615;33427;0;0;114025;0;437067;877621;0;171647;0;0;1049268;1486335;12000;1487684;72290;12315995;0;22337295;36225264;37711599;
5614;805023971;2019-12-31;2018;MILES;666780;19364;3428845;145195;4260184;2317066;0;0;32168580;0;34485646;38745830;195000;1477;0;0;54808;0;251285;802979;0;299731;0;0;1102710;1353995;12000;1487684;72290;13482566;0;22337295;37391835;38745830;
5615;800078108;2019-12-31;2019;MILES;2477873;1639296;15356200;23107417;42580786;7930648;0;6838053;1098806;0;15867507;58448293;23863698;6923992;0;0;2914954;872406;34575050;5623966;0;1021982;0;0;6645948;41220998;6946864;0;1195945;5319225;0;3765261;17227295;58448293;
5616;800078108;2019-12-31;2018;MILES;2713621;2177235;10882753;23891182;39664791;8200903;0;6838053;1116294;0;16155250;55820041;23998527;6709656;0;0;2890187;0;33598370;4505842;0;591792;0;262786;5360420;38958790;6206864;0;1049097;5289019;0;4316271;16861251;55820041;
5617;900401714;2019-12-31;2019;MILES;7200729;3960173;14707167;0;25868069;2561185;0;0;14951992;0;17513177;43381246;1326427;2659377;0;4246902;2126902;5562096;15921704;3112373;0;14384;0;0;3126757;19048461;4500000;4288961;3189965;12353859;0;0;24332785;43381246;
5618;900401714;2019-12-31;2018;MILES;7444638;1172976;10474659;0;19092273;2554410;0;0;13804687;0;16359097;35451370;0;3280487;0;5066547;1609589;7706827;17663450;0;0;13512;0;0;13512;17676962;4500000;4288961;3156799;5828648;0;0;17774408;35451370;
5619;891000324;2019-12-31;2019;MILES;10531687;1163385;43927007;14637545;70259624;242993482;157232;468762;97966097;157232;341742805;412002429;197128;17380864;0;4710547;0;7570262;29858801;513951;0;29679493;0;38268664;68462108;98320909;289864;82871;62600993;130607825;0;120099967;313681520;412002429;
5620;891000324;2019-12-31;2018;MILES;8215834;49846;66499541;12932782;87698003;253383770;38717;31544;83319652;38717;336812400;424510403;0;62447350;0;4381761;1726644;5073772;73629527;0;0;33669429;0;14867364;48536793;122166320;289864;82871;43161435;138709946;0;120099967;302344083;424510403;
5621;830132841;2019-12-31;2019;MILES;88725;4220609;24406999;0;28716333;11221170;0;44580245;127676991;0;183478406;212194739;0;13574;0;0;193552;0;207126;0;0;802963;0;0;802963;1010089;489682;714303863;817560841;-1330586112;0;9416376;211184650;212194739;
5622;830132841;2019-12-31;2018;MILES;157439;580785;1429493;0;2167717;11221170;494841;44580245;119626756;494841;176417853;178585570;0;20845884;0;0;1045396;0;21891280;0;0;811157;0;0;811157;22702437;489682;714303863;753073958;-1321392552;0;9408182;155883133;178585570;
5623;860054886;2019-12-31;2019;MILES;331293;4931771;55933311;20512202;81708577;25432938;0;0;14891261;0;40324199;122032776;14477895;19957828;628844;0;1657989;1627974;38350530;32090048;0;196503;0;1199998;33486549;71837079;2134000;629505;2819957;43843261;0;768974;50195697;122032776;
5624;860054886;2019-12-31;2018;MILES;1265763;4498543;46619906;21813812;74198024;24363367;0;0;13782454;0;38145821;112343845;16028504;21434499;373713;0;2520998;1809896;42167610;20870195;0;241356;0;914988;22026539;64194149;2134000;629505;2819957;41797260;0;768974;48149696;112343845;
5625;860027710;2019-12-31;2019;MILES;3434394;506234;5414593;0;9355221;0;0;19696704;608558571;0;628255275;637610496;2704201;9274926;0;0;10215;0;11989342;0;0;1873603;0;0;1873603;13862945;7955;55355239;166019316;402365041;0;0;623747551;637610496;
5626;860027710;2019-12-31;2018;MILES;338729;0;27889787;0;28228516;0;0;19696704;605481247;0;625177951;653406467;2012606;1126221;0;0;134003;0;3272830;0;0;1882188;0;0;1882188;5155018;7955;55355239;218299368;374588887;0;0;648251449;653406467;
5627;860022309;2019-12-31;2019;MILES;6878528;15332294;27059913;0;49270735;0;0;68877622;1999925368;0;2068802990;2118073725;452247;3202628;0;0;0;1788297;5443172;11725724;0;4403616;0;0;16129340;21572512;55984;21369635;812637350;1262438244;0;0;2096501213;2118073725;
5628;860022309;2019-12-31;2018;MILES;3781911;0;93498219;0;97280130;0;0;89400422;1932658966;0;2022059388;2119339518;0;9062468;0;0;358595;1330943;10752006;0;0;4823439;0;0;4823439;15575445;55984;21369635;838759407;1243579047;0;0;2103764073;2119339518;
5629;890931654;2019-12-31;2019;MILES;332106;14477750;2802225;12116644;29728725;125563937;0;0;6595287;0;132159224;161887949;737356;48614024;852132;711959;9592;1455551;52380614;0;0;0;0;1377513;1377513;53758127;10414201;95715843;26330232;-24330454;0;0;108129822;161887949;
5630;890931654;2019-12-31;2018;MILES;291758;18163343;5995330;12353480;36803911;128492967;0;0;1688370;0;130181337;166985248;0;49701086;605323;631863;296618;309869;51544759;0;0;0;0;307245;307245;51852004;10414201;95715843;22738648;-13735448;0;0;115133244;166985248;
5631;860059851;2019-12-31;2019;MILES;2935586;5088640;24945454;0;32969680;1260342;0;0;8720333;0;9980675;42950355;5199748;10103574;0;1678319;2729820;946249;20657710;0;0;130856;0;0;130856;20788566;6500000;0;2820544;12841245;0;0;22161789;42950355;
5632;860059851;2019-12-31;2018;MILES;4478332;2342038;21532015;0;28352385;1403238;0;0;7412027;0;8815265;37167650;0;15287561;0;1041296;920053;296896;17545806;0;0;15458;0;1401;16859;17562665;6500000;0;2714926;8886302;0;1503757;19604985;37167650;
5633;832000402;2019-12-31;2019;MILES;3703352;4490036;11535703;24444674;44173765;9398421;0;0;50970313;0;60368734;104542499;655488;28633801;0;2285094;397348;2211606;34183337;8276152;0;8506312;0;431190;17213654;51396991;9105161;0;4552581;39487766;0;0;53145508;104542499;
5634;832000402;2019-12-31;2018;MILES;10233273;4280748;16353531;18618700;49486252;6662784;0;0;38842636;0;45505420;94991672;495117;22109318;0;2056826;1146295;0;25807556;0;0;9023037;0;498694;9521731;35329287;9105161;0;4552581;46004643;0;0;59662385;94991672;
5635;890900281;2019-12-31;2019;MILES;7597614;2882354;182743282;136884702;330107952;404735013;2680611;1764682;33949123;2680611;445810040;775917992;59464337;179515475;12341127;7814740;15134100;7168800;281438579;194738897;0;32187367;0;6136752;233063016;514501595;21800000;9990000;67560161;78286878;0;83779358;261416397;775917992;
5636;890900281;2019-12-31;2018;MILES;6467878;12742379;185446727;114800197;319457181;340652298;1858483;1625040;38769347;1858483;384763651;704220832;90584501;158422178;10539503;7118902;8492484;16456202;291613770;174712164;0;24210669;0;5575308;204498141;496111911;21800000;9990000;61422745;68206907;0;46689269;208108921;704220832;
5637;890304403;2019-12-31;2019;MILES;6838562;3717081;3527171;0;14082814;525155;4195969;84388220;132786192;4195969;226091505;240174319;1008596;3843181;13604;868416;1569715;3757772;11061284;7758984;4910535;4932015;0;109603;17711137;28772421;19115053;12153030;62415646;117718169;0;0;211401898;240174319;
5638;890304403;2019-12-31;2018;MILES;5232457;3071246;3233470;0;11537173;855468;7670763;75752558;110731114;7670763;202680666;214217839;1396224;3662532;11926;601203;877663;2133966;8683514;189833;8268124;4853336;0;203097;13514390;22197904;19115053;12153030;49299656;111452196;0;0;192019935;214217839;
5639;800144947;2019-12-31;2019;MILES;11369;549400;3998;18134294;18699061;0;0;0;34733826;0;34733826;53432887;1250000;1334031;2054891;11341;128298;3060270;7838831;0;6710471;0;0;0;6710471;14549302;9265204;10342213;3259394;16016774;0;0;38883585;53432887;
5640;800144947;2019-12-31;2018;MILES;33789;286474;389950;15462418;16172631;0;0;0;34224699;0;34224699;50397330;800000;101798;38250;10354;62108;3058094;4070604;0;5450341;0;0;428034;5878375;9948979;9265204;10342213;3259394;17581540;0;0;40448351;50397330;
5641;890903024;2019-12-31;2019;MILES;7493863;10070559;130608303;123999340;272172065;6087212;2131307;0;139012314;2131307;149362140;421534205;43515553;91065717;1434973;3074869;9295871;17728333;166115316;4162185;15764479;0;0;47640155;67566819;233682135;3498000;47263686;56243714;73400585;0;7446085;187852070;421534205;
5642;890903024;2019-12-31;2018;MILES;11374705;26825283;117635917;136347823;292183728;27786217;2173222;0;65826176;2173222;97958837;390142565;48745068;117250793;832728;2805007;10155686;7417215;187206497;18872290;18316509;1260327;0;786467;39235593;226442090;3497000;44510609;53868162;54406513;0;7418191;163700475;390142565;
5643;860052634;2019-12-31;2019;MILES;660680;7266591;36646660;41592335;86166266;149813514;0;15498048;17176554;0;182488116;268654382;63602029;42423806;0;2551932;5771951;2832425;117182143;41560734;0;20002269;0;0;61563003;178745146;86364;29223320;0;-44649119;0;105248671;89909236;268654382;
5644;860052634;2019-12-31;2018;MILES;3756808;4940368;34388086;69372524;112457786;148878857;0;15488672;7103070;0;171470599;283928385;65760458;49178312;892115;2211434;7071506;3268339;128382164;42600000;0;20897171;0;0;63497171;191879335;86364;29223320;0;-39580120;0;102319486;92049050;283928385;
5645;811014994;2019-12-31;2019;MILES;7413137;6015562;212461724;95972903;321863326;318566204;1936620;0;1552677687;1936620;1875117131;2196980457;157462160;171315489;215000;13948032;17463592;2199586;362603859;347475444;0;72970832;0;36629233;457075509;819679368;119000000;213833628;938338329;106129132;0;0;1377301089;2196980457;
5646;811014994;2019-12-31;2018;MILES;5032993;11462734;159588080;86417797;262501604;326268416;1949135;0;1497462389;1949135;1827629075;2090130679;19761419;133553058;1736526;12308442;12108114;444252;179911811;501715082;879800;68855386;0;33194354;604644622;784556433;119000000;213833628;853241705;119498913;0;0;1305574246;2090130679;
5647;860024714;2019-12-31;2019;MILES;4499793;591135;32513735;0;37604663;0;0;24127605;749085783;0;773213388;810818051;0;38158;0;0;102755;863692;1004605;0;0;442204;0;0;442204;1446809;15805;24419413;174137590;610798434;0;0;809371242;810818051;
5648;860024714;2019-12-31;2018;MILES;4926008;1527399;70751053;0;77204460;0;0;24127605;732559882;0;756687487;833891947;0;10635861;0;0;256135;642804;11534800;0;0;343918;0;0;343918;11878718;15805;24419413;216051862;581526149;0;0;822013229;833891947;
5649;805024119;2019-12-31;2019;MILES;95234;105918;4955494;1569116;6725762;5804064;0;1939495;937220;0;8680779;15406541;934068;3151778;0;0;326854;1479855;5892555;360686;0;0;0;0;360686;6253241;2000000;1766876;2069731;3316693;0;0;9153300;15406541;
5650;805024119;2019-12-31;2018;MILES;392852;358211;4617667;1530596;6899326;6172021;0;2066495;1202677;0;9441193;16340519;1147156;3788194;0;0;667417;617837;6220604;1506434;0;0;0;0;1506434;7727038;2000000;1766876;1996694;2849911;0;0;8613481;16340519;
5651;800157723;2019-12-31;2019;MILES;755675;10663;3564289;0;4330627;4632815;0;0;107729205;0;112362020;116692647;0;156491;0;0;1179;0;157670;310429;0;570041;0;0;880470;1038140;154000;1811380;11301688;74164355;0;28223084;115654507;116692647;
5652;800157723;2019-12-31;2018;MILES;240485;1097;3583244;0;3824826;9952940;0;0;92908006;0;102860946;106685772;0;101954;0;0;46075;1131082;1279111;469151;0;1985906;0;0;2455057;3734168;154000;1811380;10870935;56727117;0;33388172;102951604;106685772;
5653;900129597;2019-12-31;2019;MILES;4456332;12441787;5868893;141819;22908831;6625810;19049015;0;-13947897;19049015;30775943;53684774;1015819;16616801;0;1091507;618353;90080;19432560;0;153997820;0;0;0;153997820;173430380;66329;114309478;0;-234121413;0;0;-119745606;53684774;
5654;900129597;2019-12-31;2018;MILES;2016200;7506714;8868641;0;18391555;4192679;30307316;0;-28966334;30307316;35840977;54232532;0;11548857;0;1646970;830949;0;14026776;0;61781629;709672;0;0;62491301;76518077;66329;114309478;0;-136661352;0;0;-22285545;54232532;
5655;860528871;2019-12-31;2019;MILES;4703462;142324;11886274;1365582;18097642;5828399;0;0;274907;0;6103306;24200948;835285;2629235;0;734646;1915215;135157;6249538;3371244;0;165205;0;2242076;5778525;12028063;100000;0;1564685;10508200;0;0;12172885;24200948;
5656;860528871;2019-12-31;2018;MILES;1598903;77171;8705079;1582298;11963451;1313889;0;0;314488;0;1628377;13591828;0;1163990;0;495283;1132639;0;2791912;0;0;153101;0;1672985;1826086;4617998;100000;0;1564685;7309145;0;0;8973830;13591828;
5657;800165605;2019-12-31;2019;MILES;698;125690;35773;0;162161;0;7178914;1410623;28212329;7178914;43980780;44142941;246180;6460;0;0;3594;0;256234;6307539;4470412;1581885;0;0;12359836;12616070;1300864;9981326;15034087;5210594;0;0;31526871;44142941;
5658;800165605;2019-12-31;2018;MILES;10816;29520;35985;0;76321;0;7276601;2952926;25412657;7276601;42918785;42995106;105643;1043;0;0;3378;0;110064;3784989;4552993;1796178;0;0;10134160;10244224;1300864;9981326;16869597;4599095;0;0;32750882;42995106;
5659;890402766;2019-12-31;2019;MILES;138307;40233;47722706;550773;48452019;25218368;0;0;7679378;0;32897746;81349765;589603;24719843;0;0;1257375;1560570;28127391;20784302;0;0;0;827502;21611804;49739195;527318;1767121;214275;28702736;0;399120;31610570;81349765;
5660;890402766;2019-12-31;2018;MILES;60594;29113;37897145;479474;38466326;2318028;0;0;5976442;0;8294470;46760796;0;18517560;0;0;778301;1387911;20683772;0;0;1611976;0;766024;2378000;23061772;527318;1767121;263661;20760622;0;380302;23699024;46760796;
5661;900136638;2019-12-31;2019;MILES;9236687;57029519;669551241;49113872;784931319;544455148;5782150;0;-4918462;5782150;551100986;1336032305;27389;506075101;3801777;0;46571196;0;556475463;5617156;90178;27478351;0;6593552;39779237;596254700;60500000;0;279587486;399690119;0;0;739777605;1336032305;
5662;900136638;2019-12-31;2018;MILES;15980639;45820280;657145911;34388545;753335375;508127648;4253418;0;-3091004;4253418;513543480;1266878855;2479368;250706662;1300625;0;72320327;0;326806982;5645012;33289;27834376;0;6315165;39827842;366634824;60500000;0;242142925;597601106;0;0;900244031;1266878855;
5663;860038556;2019-12-31;2019;MILES;2236180;8999842;13787601;0;25023623;126724;0;10526000;65635344;0;76288068;101311691;25884;6557516;65517;257645;337352;0;7243914;1302083;0;2171150;0;24275761;27748994;34992908;2838000;0;7162903;55907880;0;410000;66318783;101311691;
5664;860038556;2019-12-31;2018;MILES;11712447;4096965;10043967;0;25853379;90978;0;9962000;53750740;0;63803718;89657097;4072;5074207;0;209563;744737;13552176;19584755;2552084;0;2131894;0;0;4683978;24268733;3000000;0;4276147;57702217;0;410000;65388364;89657097;
5665;830002571;2019-12-31;2019;MILES;426351;1403344;12769496;1369;14600560;4773210;346111;0;22862;346111;5488294;20088854;0;9316098;0;887765;884073;0;11087936;0;3564403;77440;0;0;3641843;14729779;2143315;0;312324;380433;0;2523003;5359075;20088854;
5666;830002571;2019-12-31;2018;MILES;1307532;658161;10585871;1364;12552928;4757019;1093771;0;-738027;1093771;6206534;18759462;0;9715698;0;996152;568130;0;11279980;0;2529195;86131;0;0;2615326;13895306;2143315;0;305222;93923;0;2321696;4864156;18759462;
5667;860006160;2019-12-31;2019;MILES;3061360;5593567;52355133;58846879;119856939;98883584;2165275;1550299;2949119;2165275;107713552;227570491;39976119;46405919;0;2093533;0;0;88475571;14934451;0;6381732;0;0;21316183;109791754;5877528;16510187;46589649;27309679;0;21491694;117778737;227570491;
5668;860006160;2019-12-31;2018;MILES;3121319;5583566;63701444;59613841;132020170;93025379;3266451;1550299;3769912;3266451;104878492;236898662;41485745;52005705;0;1900263;0;0;95391713;24052013;0;8743570;0;0;32795583;128187296;5866384;16510187;48438466;25012412;0;12883917;108711366;236898662;
5669;890318932;2019-12-31;2019;MILES;1860209;182589;14649820;0;16692618;2559474;0;98698;10869261;0;13527433;30220051;0;2506080;0;0;66898;2147244;4720222;0;6187131;661921;0;0;6849052;11569274;631013;0;457484;11763364;0;5798916;18650777;30220051;
5670;890318932;2019-12-31;2018;MILES;330785;159579;21723248;0;22213612;2560606;0;101515;11161709;0;13823830;36037442;0;4460814;0;0;587187;2143388;7191389;166732;8950015;656626;0;0;9773373;16964762;631013;0;457484;12211230;0;5772953;19072680;36037442;
5671;860520344;2019-12-31;2019;MILES;652195;200831;502231;0;1355257;704772;28346593;15910619;-16743484;28346593;56565093;57920350;2030721;134959;0;107686;104317;0;2377683;272225;7633574;0;0;325219;8231018;10608701;19941658;343003;6869170;12043232;0;8114586;47311649;57920350;
5672;860520344;2019-12-31;2018;MILES;1579695;330297;109122;0;2019114;811204;49545985;16084754;-43264416;49545985;72723512;74742626;1068854;7679526;0;95796;2792776;0;11636952;635117;0;0;0;368904;1004021;12640973;19941658;343003;6869170;26833236;0;8114586;62101653;74742626;
5673;860004922;2019-12-31;2019;MILES;14761466;33687137;145107286;25291880;218847769;86766091;0;0;246355335;0;333121426;551969195;21154227;241425914;633420;0;12182112;0;275395673;185701208;0;5002994;0;281165;190985367;466381040;1100465;0;26985239;57502451;0;0;85588155;551969195;
5674;860004922;2019-12-31;2018;MILES;4004387;47670659;104329342;27999073;184003461;97096205;0;0;230692504;0;327788709;511792170;21416146;115498061;283420;0;7433144;0;144630771;278902514;0;6618086;0;414283;285934883;430565654;1100465;0;23852521;56273530;0;0;81226516;511792170;
5675;860005050;2019-12-31;2019;MILES;52264800;12463669;142019641;66688083;273436193;168704737;0;318000;46906808;0;215929545;489365738;800993;121171242;2347555;7141665;9240203;6896430;147598088;5660883;0;13998894;0;5243567;24903344;172501432;151878906;0;19234602;145750798;0;0;316864306;489365738;
5676;860005050;2019-12-31;2018;MILES;26050845;8943842;137113956;50892647;223001290;165743669;0;318000;55922845;0;221984514;444985804;55115;75907069;1075043;6745585;9480245;14639341;107902398;56134;0;15579039;0;5921447;21556620;129459018;151878906;0;18785307;144862573;0;0;315526786;444985804;
5677;900470460;2019-12-31;2019;MILES;170295;1336998;1620829;255858;3383980;251708;89668;0;2858234;89668;3289278;6673258;0;2537553;0;25675;0;0;2563228;0;0;0;0;116037;116037;2679265;200000;0;4166668;-372675;0;0;3993993;6673258;
5678;900470460;2019-12-31;2018;MILES;197902;1258148;0;512250;1968300;284911;89668;0;4429569;89668;4893816;6862116;0;2690842;0;52380;0;0;2743222;0;0;0;0;241427;241427;2984649;200000;0;4166668;-489201;0;0;3877467;6862116;
5679;800085445;2019-12-31;2019;MILES;1149763;4692426;5404973;6063329;17310491;68706747;0;0;23754697;0;92461444;109771935;13524705;989935;0;564800;2366520;0;17445960;0;22304187;6593788;0;0;28897975;46343935;5272000;0;1357694;34896015;0;21902291;63428000;109771935;
5680;800085445;2019-12-31;2018;MILES;732507;5117980;5831319;6962181;18643987;63643923;0;0;21129621;0;84773544;103417531;18138319;1184746;0;499493;1327220;0;21149778;0;24712166;6075158;0;0;30787324;51937102;5272000;0;1228666;28214803;0;16764960;51480429;103417531;
5681;860451192;2019-12-31;2019;MILES;1726809;38049;2360043;0;4124901;0;0;0;4844703;0;4844703;8969604;69500;2111530;0;0;649337;0;2830367;0;838464;15392;0;0;853856;3684223;950000;0;1682395;2652986;0;0;5285381;8969604;
5682;860451192;2019-12-31;2018;MILES;1690796;35656;2622302;0;4348754;0;0;0;41411;0;41411;4390165;190401;246862;0;0;728102;0;1165365;0;0;0;0;0;0;1165365;950000;0;493443;1781357;0;0;3224800;4390165;
5683;890900148;2019-12-31;2019;MILES;16352462;2424844;237880254;76099431;332756991;144859525;3955390;1568613;193382899;3955390;347721817;680478808;3584064;124171933;2962812;4292853;10098054;0;145109716;118430630;0;21710545;0;59756102;199897277;345006993;20555988;121711;138278758;176515358;0;0;335471815;680478808;
5684;890900148;2019-12-31;2018;MILES;8574325;1957618;231776281;78624563;320932787;170053491;86092137;1580823;55201876;86092137;399020464;719953251;26531244;115336135;623000;3977092;9164766;0;155632237;154424895;0;25859752;0;72752792;253037439;408669676;20555988;121711;129778601;160827275;0;0;311283575;719953251;
5685;890307530;2019-12-31;2019;MILES;6076;8186548;24522734;0;32715358;0;0;0;34604579;0;34604579;67319937;0;16971;0;0;55369;13000998;13073338;0;0;118458;0;0;118458;13191796;9638452;0;25257111;8993830;0;10238748;54128141;67319937;
5686;890307530;2019-12-31;2018;MILES;4541;8186548;23453646;0;31644735;0;0;0;26857078;0;26857078;58501813;0;25370;0;0;364772;12986773;13376915;0;0;0;0;0;0;13376915;9638452;0;12936513;12311185;0;10238748;45124898;58501813;
5687;830018654;2019-12-31;2019;MILES;2089221;360315;7927795;0;10377331;3386326;0;0;3582851;0;6969177;17346508;0;4237760;0;395399;460352;360474;5453985;0;0;0;0;0;0;5453985;629366;0;8292351;2970806;0;0;11892523;17346508;
5688;830018654;2019-12-31;2018;MILES;555325;333405;11332640;0;12221370;1191641;0;0;2861814;0;4053455;16274825;0;5065242;0;204283;410863;97072;5777460;0;0;891015;0;0;891015;6668475;629366;0;8276832;700152;0;0;9606350;16274825;
5689;806000179;2019-12-31;2019;MILES;37516246;32108189;315689231;3761637;389075303;396965817;521067831;98251644;934340987;521067831;2471694110;2860769413;113070326;540323893;2812288;0;0;147891648;804098155;209398698;577232876;71321910;0;850544000;1708497484;2512595639;5000000;480263709;121262777;-421844276;0;163491564;348173774;2860769413;
5690;806000179;2019-12-31;2018;MILES;47049767;19255904;82448189;3722156;152476016;307559471;459246287;93306601;931858501;459246287;2251217147;2403693163;114614813;263311984;2943716;0;4241004;76204740;461316257;295553564;494636704;110597465;0;838181281;1738969014;2200285271;5000000;480263709;98756157;-482973910;0;102361936;203407892;2403693163;
5691;800179736;2019-12-31;2019;MILES;956392;4581685;11900060;698644;18136781;142922;0;0;5474057;0;5616979;23753760;3239167;6510906;0;0;409058;0;10159131;1687778;0;0;0;246012;1933790;12092921;2201551;0;7103500;2355788;0;0;11660839;23753760;
5692;800179736;2019-12-31;2018;MILES;339290;5001417;17137316;892740;23370763;224970;714516;0;2393731;714516;4047733;27418496;2201154;10929675;0;610234;259021;0;14000084;1459735;0;0;0;1131401;2591136;16591220;2201551;0;7108813;1516912;0;0;10827276;27418496;
5693;900139415;2019-12-31;2019;MILES;988607;0;10489107;0;11477714;0;0;0;16251284;0;16251284;27728998;0;147537;2342005;0;55639;186042;2731223;0;0;0;0;7797420;7797420;10528643;1000000;0;27047558;-10847203;0;0;17200355;27728998;
5694;900139415;2019-12-31;2018;MILES;1862194;42927;9239861;0;11144982;0;0;0;21127177;0;21127177;32272159;0;384746;1199501;0;0;186042;1770289;0;0;0;0;9637562;9637562;11407851;1000000;0;26928684;-7064376;0;0;20864308;32272159;
5695;890904224;2019-12-31;2019;MILES;24151000;5782251;71755000;72496000;174184251;210095000;86469000;8917000;329791000;86469000;721741000;895925251;0;198449000;0;5344000;0;1820000;205613000;0;50501000;36439000;0;6151000;93091000;298704000;1216251;37023000;154626000;404356000;0;0;597221251;895925251;
5696;890904224;2019-12-31;2018;MILES;619000;12304251;69521000;87799000;170243251;216943000;71681000;8951000;339790000;71681000;709046000;879289251;0;227687000;0;5167000;0;2075000;234929000;0;47819000;27157000;0;4587000;79563000;314492000;1216251;37023000;154569000;371989000;0;0;564797251;879289251;
5697;802024439;2019-12-31;2019;MILES;432109;5697886;91455671;35230419;132816085;749460006;55284410;0;17365644;55284410;877394470;1010210555;258919440;586569152;1408983;0;163442;15686140;862747157;8374793;0;80627333;0;63049618;152051744;1014798901;284211696;0;137489403;-426289445;0;0;-4588346;1010210555;
5698;802024439;2019-12-31;2018;MILES;653771;5910310;179315757;42785087;228664925;854312744;57923316;0;-2261762;57923316;967897614;1196562539;250230750;424529476;12076332;0;158847;12926203;699921608;0;0;35547472;0;55023433;90570905;790492513;284211696;0;103667309;18191021;0;0;406070026;1196562539;
5699;800103090;2019-12-31;2019;MILES;398486;0;431442206;101558260;533398952;159327964;36558858;0;30725049;36558858;263170729;796569681;387428623;91147363;3070819;0;0;4802672;486449477;3122694;0;0;0;14964853;18087547;504537024;9472229;95726;149136479;133328223;0;0;292032657;796569681;
5700;800103090;2019-12-31;2018;MILES;175429;0;426891556;77922393;504989378;181230488;45299684;0;-20047775;45299684;251782081;756771459;357369706;70359333;750529;0;13501186;0;441980754;0;0;2278530;0;15794150;18072680;460053434;9472229;95726;139421347;147728723;0;0;296718025;756771459;
5701;811044853;2019-12-31;2019;MILES;183376;5743636;4947065;0;10874077;0;1449511;0;571924885;1449511;574823907;585697984;0;2700;0;0;0;30726;33426;0;106425;165195;0;0;271620;305046;959008;16775580;-5288360;572946710;0;0;585392938;585697984;
5702;811044853;2019-12-31;2018;MILES;89465;4096252;3529368;0;7715085;0;449147;0;552501133;449147;553399427;561114512;0;0;0;0;72347;28912;101259;0;106271;171448;0;0;277719;378978;959008;16775580;4210492;538790454;0;0;560735534;561114512;
5703;860510826;2019-12-31;2019;MILES;11856634;1127249;5136283;25077362;43197528;432617;0;0;4817687;0;5250304;48447832;0;10929735;0;0;1167781;1344832;13442348;0;1603000;847998;0;0;2450998;15893346;265545;2475000;793906;29020035;0;0;32554486;48447832;
5704;860510826;2019-12-31;2018;MILES;9223553;936809;6892576;25811230;42864168;539413;0;0;1351800;0;1891213;44755381;0;9159711;0;0;1589637;2585681;13335029;0;0;14695;0;0;14695;13349724;265545;2475000;793906;27871206;0;0;31405657;44755381;
5705;900818921;2019-12-31;2019;MILES;552653465;19958206;3357438020;39301972;3969351663;234970391;9398599;0;-5901394;9398599;247866195;4217217858;13212559;3174698865;0;0;183704204;0;3371615628;55882163;0;490891;0;36010994;92384048;3463999676;1100100;164964020;0;587154062;0;0;753218182;4217217858;
5706;900818921;2019-12-31;2018;MILES;275796046;36814800;2253609711;17905173;2584125730;212896711;4947713;0;1865374;4947713;224657511;2808783241;5072892;2399956862;0;0;58453563;0;2463483317;47923180;0;0;0;0;47923180;2511406497;1100100;164964020;0;131312624;0;0;297376744;2808783241;
5707;830012053;2019-12-31;2019;MILES;13897498;15562448;12962480;438506477;480928903;5210898;193272144;0;433274669;193272144;825029855;1305958758;0;131219444;2234057;0;5190976;189186277;327830754;0;163625699;3051829;0;9685301;176362829;504193583;5000000;0;5555467;791209708;0;0;801765175;1305958758;
5708;830012053;2019-12-31;2018;MILES;11422367;16618683;13808864;230582128;272432042;5959308;190972707;0;368603841;190972707;756508563;1028940605;0;179571598;2022358;0;3528007;210606909;395728872;0;134769985;18027705;0;9795209;162592899;558321771;5000000;0;6867771;458751063;0;0;470618834;1028940605;
5709;800051838;2019-12-31;2019;MILES;36431;2588661;7057033;14189025;23871150;12333906;555658;0;1306181;555658;14751403;38622553;10013754;6190661;125718;0;226047;472351;17028531;687552;1345958;45458;0;0;2078968;19107499;200505;4339455;658118;14238461;0;78515;19515054;38622553;
5710;800051838;2019-12-31;2018;MILES;237492;1127998;11919651;14302470;27587611;12346597;566348;0;597564;566348;14076857;41664468;7982414;6157678;60000;0;261600;377956;14839648;5567105;1345958;38739;0;0;6951802;21791450;200505;4339455;783880;14470663;0;78515;19873018;41664468;
5711;890205645;2019-12-31;2019;MILES;59375155;32519623;10563334;914577618;1017035730;14436122;158201726;164010531;399528290;158201726;894378395;1911414125;0;216774293;2875716;0;2068296;310876950;532595255;0;280562090;0;0;8751750;289313840;821909095;5073848;196152;3593333;1080641697;0;0;1089505030;1911414125;
5712;890205645;2019-12-31;2018;MILES;62024534;60787728;7842181;622922571;753577014;14994243;154664879;154960065;275300373;154664879;754584439;1508161453;0;90497939;3107264;443;2850649;288883453;385339748;0;276489414;0;0;8382048;284871462;670211210;5073848;196152;3626606;829053637;0;0;837950243;1508161453;
5713;900148720;2019-12-31;2019;MILES;10323920;1378016;38602044;0;50303980;3336318;0;0;8377451;0;11713769;62017749;0;19136149;0;779139;598204;2459396;22972888;0;0;0;0;0;0;22972888;2137;0;1068;94374607;0;-55332951;39044861;62017749;
5714;900148720;2019-12-31;2018;MILES;19126560;13873;6888216;596782;26625431;27674198;0;0;29902890;0;57577088;84202519;0;16271443;602878;680936;5450820;1574143;24580220;0;0;0;0;9903261;9903261;34483481;2137;0;1068;106598086;0;-56882253;49719038;84202519;
5715;900192621;2019-12-31;2019;MILES;431426;198709;8358701;84594469;93583305;1510193;2388349;0;915277;2388349;7202168;100785473;26054982;11394218;1850369;0;463399;14641621;54404589;0;23484440;0;0;13315429;36799869;91204458;2230233;8300243;257678;-1207139;0;0;9581015;100785473;
5716;900192621;2019-12-31;2018;MILES;1816457;103148;8736034;76915674;87571313;1601350;2265791;0;1126402;2265791;7259334;94830647;29404859;11105600;1079157;0;777811;7635164;50002591;0;26885667;0;0;7635165;34520832;84523423;2230233;8300243;257678;-480930;0;0;10307224;94830647;
5717;800228015;2019-12-31;2019;MILES;31948;2314981;737872;0;3084801;9491584;32384;0;3627531;32384;13183883;16268684;10515944;290980;0;0;65148;156443;11028515;0;0;621515;0;13184;634699;11663214;1550000;0;32793;3022677;0;0;4605470;16268684;
5718;800228015;2019-12-31;2018;MILES;176697;2442597;355427;131;2974852;9443999;40268;0;3246938;40268;12771473;15746325;9606987;320183;0;0;0;124161;10051331;0;0;934485;0;0;934485;10985816;1550000;0;32793;3177716;0;0;4760509;15746325;
5719;900131471;2019-12-31;2019;MILES;8479898;2122478;7254169;0;17856545;14626121;0;3326931;489789245;0;507742297;525598842;42604025;1235738;1832530;49121;0;0;45721414;47064;0;93132;0;0;140196;45861610;155098;110401378;126424577;114433199;0;128322980;479737232;525598842;
5720;900131471;2019-12-31;2018;MILES;8591578;689635;4007556;0;13288769;14829684;0;3295855;386602861;0;404728400;418017169;50558166;2214362;817211;110712;1223100;0;54923551;0;0;0;0;0;0;54923551;155098;110401378;24901866;165340842;0;62294434;363093618;418017169;
5721;890300213;2019-12-31;2019;MILES;5227605;20928868;36108417;47392721;109657611;78588206;792309;1726915;24678602;792309;106578341;216235952;35125921;40126597;0;3135631;0;581238;78969387;43372367;0;8823982;0;1712940;53909289;132878676;11619815;26384457;20471279;24820590;0;61135;83357276;216235952;
5722;890300213;2019-12-31;2018;MILES;14457857;372467;40213276;49762928;104806528;102255615;689309;797915;7906733;689309;112338881;217145409;6614038;36342079;0;3466717;0;539261;46962095;60075967;0;13142793;0;2030283;75249043;122211138;11619815;26384457;17802942;39127057;0;0;94934271;217145409;
5723;800240724;2019-12-31;2019;MILES;47961695;14782878;103808251;346561136;513113960;22513149;0;3621159;341311;0;26475619;539589579;297338269;22433862;0;2029146;2644578;0;324445855;139897774;0;5364172;0;0;145261946;469707801;4084101;0;23933737;41863940;0;0;69881778;539589579;
5724;800240724;2019-12-31;2018;MILES;46197331;11835371;20290853;358832183;437155738;21828345;0;3027035;343267;0;25198647;462354385;217338070;19976423;0;1843874;1362671;0;240521038;157744382;0;3541754;0;0;161286136;401807174;4084101;0;23713922;32749188;0;0;60547211;462354385;
5725;900877488;2019-12-31;2019;MILES;21096281;0;8061680;15439;29173400;1200000;0;0;266235952;0;267435952;296609352;0;8342824;0;898;510478;0;8854200;0;0;0;0;0;0;8854200;20;1625364;45810;212072714;0;74011244;287755152;296609352;
5726;900877488;2019-12-31;2018;MILES;15094944;0;4000116;0;19095060;5599890;0;0;215619750;0;221219640;240314700;0;8010857;0;0;141966;0;8152823;0;0;0;0;0;0;8152823;20;60090;10;159265410;0;72836347;232161877;240314700;
5727;860005265;2019-12-31;2019;MILES;6863509;96101;10809497;26678797;44447904;316411115;558150;22223001;91921916;558150;431672332;476120236;517247;95712381;0;7303492;2563525;7153306;113249951;0;0;43148392;0;25192141;68340533;181590484;105200;89850;83715142;132247123;0;78372437;294529752;476120236;
5728;860005265;2019-12-31;2018;MILES;8518095;363414;10245513;26058301;45185323;348191026;607565;1143972;90810639;607565;441360767;486546090;0;131177488;0;7640854;0;3341681;142160023;0;0;44448867;0;22496976;66945843;209105866;105200;89850;72962601;125910136;0;78372437;277440224;486546090;
5729;900317003;2019-12-31;2019;MILES;2277553;0;650094;0;2927647;0;0;0;2037416860;0;2037416860;2040344507;0;765519;0;0;193435;0;958954;0;0;0;0;0;0;958954;78410460;1489779731;208051085;154136789;0;109007488;2039385553;2040344507;
5730;900317003;2019-12-31;2018;MILES;40744608;85576;30731737;0;71561921;0;0;0;1755431682;0;1755431682;1826993603;43410898;23417653;0;0;110865;0;66939416;0;0;0;0;0;0;66939416;0;0;0;0;0;1760054187;1760054187;1826993603;
5731;890900016;2019-12-31;2019;MILES;1842748;4380140;18498235;17526960;42248083;41346424;0;9148569;15413199;0;65908192;108156275;27338268;1434057;0;722770;3500198;2178736;35174029;16732385;0;2900901;0;529881;20163167;55337196;1418959;961102;9773083;28885326;0;11780609;52819079;108156275;
5732;890900016;2019-12-31;2018;MILES;1924961;4302136;12489738;14367351;33084186;41445684;297683;8031951;12727373;297683;62800374;95884560;18682011;1356480;0;602373;2808402;1659609;25108875;15858152;0;1319160;0;540092;17717404;42826279;1418959;961102;10481651;27884104;0;12312465;53058281;95884560;
5733;800141695;2019-12-31;2019;MILES;4822446;34095173;22649164;128346303;189913086;11561825;3280925;33312309;47988483;3280925;99424467;289337553;45620628;31502889;11239288;1195188;2275461;43158990;134992444;16857927;14317528;0;0;6923237;38098692;173091136;16213362;36169637;3030579;57013233;0;3819606;116246417;289337553;
5734;800141695;2019-12-31;2018;MILES;4072096;13834039;16170614;122441453;156518202;10426606;5254087;52862603;43917511;5254087;117714894;274233096;44246925;25903303;12850766;1027317;1147000;26802957;111978268;22951710;20312667;0;0;5420300;48684677;160662945;16213362;36169637;3030579;54336968;0;3819605;113570151;274233096;
5735;900838638;2019-12-31;2019;MILES;15791;678349;2049474;0;2743614;31661;0;0;203023970;0;203055631;205799245;141880;15;1335;0;8055;33936;185221;6670527;0;0;0;0;6670527;6855748;390889;171325425;19197736;8029447;0;0;198943497;205799245;
5736;900838638;2019-12-31;2018;MILES;7931;322283;64995;0;395209;0;0;0;200148727;0;200148727;200543936;279902;43580;1333;0;24381;0;349196;3636676;0;0;0;0;3636676;3985872;390888;169311178;16574065;10281933;0;0;196558064;200543936;
5737;805031746;2019-12-31;2019;MILES;4339;450;0;0;4789;0;55904;0;22359239;55904;22471047;22475836;0;7175;0;0;0;0;7175;0;15385;213;0;0;15598;22773;100000;0;0;22353063;0;0;22453063;22475836;
5738;805031746;2019-12-31;2018;MILES;4339;674;0;0;5013;0;48639;0;22366504;48639;22463782;22468795;0;5611;0;0;0;0;5611;2596;9592;213;0;0;12401;18012;100000;0;0;22350783;0;0;22450783;22468795;
5739;900007440;2019-12-31;2019;MILES;314686;801921;7284307;3864283;12265197;8081;445487;0;-132467;445487;766588;13031785;1000000;11433129;0;138221;0;618;12571968;0;300377;0;0;0;300377;12872345;95240;2912529;0;-2848329;0;0;159440;13031785;
5740;900007440;2019-12-31;2018;MILES;229333;537197;8693216;4426714;13886460;11984;611152;0;-154991;611152;1079297;14965757;950000;13196850;0;135190;0;691;14282731;268186;6058;0;0;0;274244;14556975;1645240;2912529;0;-4148987;0;0;408782;14965757;
5741;800092723;2019-12-31;2019;MILES;401730;1103330;8926089;8890012;19321161;874460;0;0;655299;0;1529759;20850920;959653;12674288;51317;0;667185;106060;14458503;0;288091;186202;0;0;474293;14932796;355714;1061572;522191;3223726;0;754921;5918124;20850920;
5742;800092723;2019-12-31;2018;MILES;430316;1265946;8787150;9168988;19652400;1205165;0;0;591880;0;1797045;21449445;800867;12862809;53206;0;144340;34586;13895808;0;1681505;179425;0;0;1860930;15756738;355714;1061572;569939;2950561;0;754921;5692707;21449445;
5743;900120564;2019-12-31;2019;MILES;280441;6739209;4079377;0;11099027;2039889;1126151;60618786;-948272;1126151;63962705;75061732;1425697;476199;0;13253;3645342;0;5560491;12926667;4474403;0;0;0;17401070;22961561;8385828;11799069;2791343;441351;0;28682580;52100171;75061732;
5744;900120564;2019-12-31;2018;MILES;1032201;8049867;1013495;0;10095563;862315;594940;31647487;-416890;594940;33282792;43378355;1363402;870198;0;11760;470267;0;2715627;13475000;2984255;0;0;0;16459255;19174882;8385828;11799069;2569467;3407218;0;-1958109;24203473;43378355;
5745;860020439;2019-12-31;2019;MILES;9129934;31021889;283460907;158544640;482157370;439608687;222570792;0;-109144371;222570792;775605900;1257763270;102307021;159319915;0;12419503;0;7934830;281981269;44048348;344985106;61095494;0;14976358;465105306;747086575;16093437;0;55670445;373852012;0;65060801;510676695;1257763270;
5746;860020439;2019-12-31;2018;MILES;36580878;26831892;494590875;151840922;709844567;453911785;1373862;0;108019008;1373862;564678517;1274523084;62406119;548413910;0;8409634;0;8222869;627452532;74139595;5121604;59055539;0;22240795;160557533;788010065;16093437;0;79531413;325965329;0;64922840;486513019;1274523084;
5747;900195679;2019-12-31;2019;MILES;1493058;2153781;3280119;1761732;8688690;37647467;449196;0;1645063;449196;40190922;48879612;2152213;4528548;0;847850;59565;814884;8403060;0;2595393;0;0;11360151;13955544;22358604;7285901;37650295;1220046;-19635234;0;0;26521008;48879612;
5748;900195679;2019-12-31;2018;MILES;134647;1514706;3102931;1286387;6038671;22022148;85890;0;2644383;85890;24838311;30876982;0;3125792;0;727538;115997;695982;4665309;0;14027674;78236;0;126760;14232670;18897979;5362535;20340000;620046;-14343578;0;0;11979003;30876982;
5749;830002366;2019-12-31;2019;MILES;16921234;22327578;44642337;26865294;110756443;458066699;1006921;0;100921181;1006921;561001722;671758165;0;91092776;2912769;21040116;8390591;734343;124170595;153066420;0;0;0;56320105;209386525;333557120;58415760;149600000;91517682;38667603;0;0;338201045;671758165;
5750;830002366;2019-12-31;2018;MILES;8284516;26480134;41940467;25469247;102174364;488692443;419550;0;47367381;419550;536898924;639073288;25400363;78535540;2607000;18324139;8354632;1631293;134852967;152000000;0;0;0;2424566;154424566;289277533;58415760;149600000;87975789;53804206;0;0;349795755;639073288;
5751;890900135;2019-12-31;2019;MILES;6280414;30150183;11102338;7314026;54846961;60956852;12190527;70000;-553018;12190527;84854888;139701849;14676117;10127749;27000;1899692;6206700;2115572;35052830;680166;0;5976644;0;2558342;9215152;44267982;7685740;0;45675685;15083195;0;26989247;95433867;139701849;
5752;890900135;2019-12-31;2018;MILES;1590154;29226207;11417972;5378874;47613207;52799222;12141833;70000;821543;12141833;77974431;125587638;15735868;9724664;35886;1485886;5959552;1681518;34623374;4891068;0;4865199;0;857325;10613592;45236966;7685740;0;34693268;10982417;0;26989247;80350672;125587638;
5753;860015753;2019-12-31;2019;MILES;15891998;55823686;200317435;101993116;374026235;320571894;0;0;761023697;0;1081595591;1455621826;51322533;216258496;0;14060105;3070001;0;284711135;14205778;0;1373776;0;1531000;17110554;301821689;863859363;0;1213289067;-923348293;0;0;1153800137;1455621826;
5754;860015753;2019-12-31;2018;MILES;15699355;70975607;170618519;84743491;342036972;321015702;0;0;746551627;0;1067567329;1409604301;3049804;207520801;0;13600051;5022387;0;229193043;0;0;13687371;0;1012000;14699371;243892414;863859363;0;1202171174;-900318650;0;0;1165711887;1409604301;
5755;900548188;2019-12-31;2019;MILES;281087;216798;0;0;497885;13548413;307043;15118350;41565366;307043;70846215;71344100;0;23042;0;0;189648;29514;242204;0;0;271897;0;0;271897;514101;10387140;95302496;6914125;-41773762;0;0;70829999;71344100;
5756;900548188;2019-12-31;2018;MILES;441856;505414;0;0;947270;15505958;12246729;15686671;15077679;12246729;70763766;71711036;0;9887;0;0;431222;7816;448925;13884;18344545;19252;0;0;18377681;18826606;7426680;68658199;10384667;-33585116;0;0;52884430;71711036;
5757;900646251;2019-12-31;2019;MILES;408059;302702;4074088;159953;4944802;398983;0;0;31377334;0;31776317;36721119;1381688;7964455;0;628520;238733;0;10213396;4961873;0;3885279;0;272316;9119468;19332864;22610942;22189840;558060;-27970587;0;0;17388255;36721119;
5758;900646251;2019-12-31;2018;MILES;452100;737692;7477990;653218;9321000;3724177;0;0;32774230;0;36498407;45819407;4455246;10042094;0;418834;278003;0;15194177;7787830;0;4200631;0;459864;12448325;27642502;17810155;22189840;558060;-22381150;0;0;18176905;45819407;
5759;860034335;2019-12-31;2019;MILES;2103262;2863526;15827090;0;20793878;1120208;0;0;1367410;0;2487618;23281496;1240688;7312516;0;1091266;2719676;1163027;13527173;0;0;0;0;0;0;13527173;202300;10367844;489756;-1305577;0;0;9754323;23281496;
5760;860034335;2019-12-31;2018;MILES;953930;2673861;14306852;45317;17979960;1407274;0;0;1515007;0;2922281;20902241;350000;7332023;528566;791535;1586663;638920;11227707;0;0;0;0;0;0;11227707;202300;10367844;489756;-1385366;0;0;9674534;20902241;
5761;830068965;2019-12-31;2019;MILES;63702956;23309;386721;0;64112986;0;0;0;423142608;0;423142608;487255594;0;112210;0;0;1752133;0;1864343;0;0;0;0;0;0;1864343;1000000;143058300;70645145;270687806;0;0;485391251;487255594;
5762;830068965;2019-12-31;2018;MILES;62732419;23309;615282;0;63371010;0;0;0;422921658;0;422921658;486292668;0;610573;0;0;1137277;0;1747850;0;0;490166;0;0;490166;2238016;1000000;143058300;66248145;273748207;0;0;484054652;486292668;
5763;890209207;2019-12-31;2019;MILES;3894624;724177;5376687;4707919;14703407;13223370;0;0;2239306;0;15462676;30166083;1448354;2188243;261897;0;715562;6207677;10821733;155002;0;127911;0;864896;1147809;11969542;360000;0;10580137;7256404;0;0;18196541;30166083;
5764;890209207;2019-12-31;2018;MILES;831504;153108;3493360;4096337;8574309;13230001;0;0;2214765;0;15444766;24019075;888540;2410694;668535;0;417164;1193442;5578375;1333413;0;127911;0;0;1461324;7039699;360000;0;10646848;5972528;0;0;16979376;24019075;
5765;900683456;2019-12-31;2019;MILES;3230158;4449628;1729811;19473750;28883347;0;0;0;0;0;0;28883347;0;14541074;0;0;38391;11618445;26197910;500000;988644;0;0;0;1488644;27686554;10000;0;0;1186793;0;0;1196793;28883347;
5766;900683456;2019-12-31;2018;MILES;3071761;1677486;2084639;21294460;28128346;0;0;0;0;0;0;28128346;0;14827875;0;0;14892;3918960;18761727;6577928;2016662;0;0;0;8594590;27356317;10000;0;0;762029;0;0;772029;28128346;
5767;830010337;2019-12-31;2019;MILES;18098969;712497;261324082;152391745;432527293;48016539;2681219;0;96335298;2681219;149714275;582241568;0;196580657;9633429;5347437;0;3704054;215265577;0;0;708651;0;10582913;11291564;226557141;65836141;37405562;104923882;147518842;0;0;355684427;582241568;
5768;830010337;2019-12-31;2018;MILES;17892233;104398;256136535;178210675;452343841;46288726;3108366;0;96128954;3108366;148634412;600978253;451547;281829246;6638433;5087503;4747425;0;298754154;0;0;629094;0;5299222;5928316;304682470;65836141;37405562;105467086;87586994;0;0;296295783;600978253;
5769;860351923;2019-12-31;2019;MILES;4370976;1159792;4890839;898576;11320183;11806282;0;1269373;11811986;0;24887641;36207824;730427;2782706;0;841614;748409;0;5103156;6457394;0;2159449;0;601440;9218283;14321439;4290538;102777;8809534;5775304;0;2908232;21886385;36207824;
5770;860351923;2019-12-31;2018;MILES;3616052;387583;4293318;838242;9135195;11405193;0;1269373;12340475;0;25015041;34150236;0;1563310;0;782079;185746;131089;2662224;7750189;0;2758946;0;459241;10968376;13630600;4290538;102777;8616208;4601881;0;2908232;20519636;34150236;
5771;890911585;2019-12-31;2019;MILES;1317118;1889927;3962455;1210794;8380294;34614440;10291460;0;14876397;10291460;70073757;78454051;949145;680254;1671221;402103;0;37346;3740069;1003034;8338252;4050363;0;1001137;14392786;18132855;277521;0;2993185;476524;0;56573966;60321196;78454051;
5772;890911585;2019-12-31;2018;MILES;102591;1607392;4291276;2741704;8742963;37832886;9457160;0;-137438;9457160;56609768;65352731;1150578;869460;1267563;505454;0;0;3793055;2152109;11298488;7523966;0;2292314;23266877;27059932;138595;0;2993185;5817339;0;29343680;38292799;65352731;
5773;890211777;2019-12-31;2019;MILES;17243246;6850886;14974165;423367708;462436005;4371454;76348260;235837542;179366108;76348260;572271624;1034707629;0;91972778;788907;0;2180500;101205832;196148017;0;329259799;544864;0;6257224;336061887;532209904;3021325;0;1965103;497511297;0;0;502497725;1034707629;
5774;890211777;2019-12-31;2018;MILES;31386064;6424751;27992456;303885571;369688842;4437715;27358375;238841043;220326307;27358375;518321815;888010657;0;70946940;1397879;0;337644;100492840;173175303;0;322595677;0;0;7663819;330259496;503434799;3125562;0;1773928;379676368;0;0;384575858;888010657;
5775;832010019;2019-12-31;2019;MILES;98655;5715946;4841753;1346408;12002762;24979922;0;0;17689875;0;42669797;54672559;0;6616398;0;2187754;492126;0;9296278;0;1421153;2578123;0;1293976;5293252;14589530;30000;39992339;5393566;-5332876;0;0;40083029;54672559;
5776;832010019;2019-12-31;2018;MILES;433164;5174043;1740234;1722294;9069735;24968922;0;0;18049472;0;43018394;52088129;0;5167574;0;2010562;145010;0;7323146;0;1173561;2610187;0;1089821;4873569;12196715;30000;39992339;3413648;-3544573;0;0;39891414;52088129;
5777;891902805;2019-12-31;2019;MILES;1994346;0;9543436;13673198;25210980;14162158;0;0;359455;0;14521613;39732593;7283300;6612244;0;455329;1524100;1201458;17076431;7677471;474290;253628;0;0;8405389;25481820;723000;614060;569409;12344304;0;0;14250773;39732593;
5778;891902805;2019-12-31;2018;MILES;800123;0;7779335;9304424;17883882;13349198;0;0;354752;0;13703950;31587832;3281790;5044735;0;370521;1120022;964970;10782038;8906697;0;210307;0;0;9117004;19899042;723000;614060;569409;9782321;0;0;11688790;31587832;
5779;860008234;2019-12-31;2019;MILES;4318287;510798;10473500;0;15302585;0;0;60127139;419675275;0;479802414;495104999;0;6338012;0;0;0;0;6338012;0;0;5962693;0;0;5962693;12300705;37451;22679264;53504633;406582946;0;0;482804294;495104999;
5780;860008234;2019-12-31;2018;MILES;3098777;2000;22061017;0;25161794;0;0;60127139;430796393;0;490923532;516085326;0;8525276;0;0;180973;0;8706249;0;0;5962693;0;0;5962693;14668942;37451;22679264;98044442;380655227;0;0;501416384;516085326;
5781;900117010;2019-12-31;2019;MILES;209488;271358;5984709;3908909;10374464;2117469;0;304981;8000000;0;10422450;20796914;4768021;4508258;0;0;63828;0;9340107;0;0;0;0;0;0;9340107;720000;8380000;0;573648;0;1783159;11456807;20796914;
5782;900117010;2019-12-31;2018;MILES;476;249137;5007907;306779;5564299;2184245;0;0;0;0;2184245;7748544;11966;3413109;0;0;0;1199568;4624643;0;0;0;0;0;0;4624643;700000;400000;0;503263;0;1520638;3123901;7748544;
5783;900712197;2019-12-31;2019;MILES;732719;116866;1518798;5396756;7765139;0;0;0;0;0;0;7765139;2766884;4344349;0;0;1573;0;7112806;0;0;0;0;0;0;7112806;500000;0;22534;129799;0;0;652333;7765139;
5784;900712197;2019-12-31;2018;MILES;2132787;44940;1443391;16804784;20425902;0;0;0;0;0;0;20425902;7436238;5521338;0;0;189;0;12957765;6742797;0;0;0;0;6742797;19700562;500000;0;21537;203803;0;0;725340;20425902;
5785;900377636;2019-12-31;2019;MILES;96680;26435;3217014;0;3340129;1501;0;925833;17458650;0;18385984;21726113;0;13332;0;0;25196;0;38528;0;0;845369;0;0;845369;883897;46858;0;171705;4385670;0;16237983;20842216;21726113;
5786;900377636;2019-12-31;2018;MILES;166217;28328;3511474;0;3706019;1501;0;949747;16188268;0;17139516;20845535;0;896350;0;0;66472;0;962822;0;0;712267;0;0;712267;1675089;46858;0;171705;3711374;0;15240509;19170446;20845535;
5787;890923500;2019-12-31;2019;MILES;14731;72921;62777;28209;178638;8288000;1774166;0;9422738;1774166;21259070;21437708;371291;2430;0;0;0;5178;378899;0;916618;1422837;0;62871;2402326;2781225;2285;4002294;1623881;-401926;0;13429949;18656483;21437708;
5788;890923500;2019-12-31;2018;MILES;24289;40761;42266;17106;124422;5989293;1516345;0;6430240;1516345;15452223;15576645;0;2376;0;0;20889;7590;30855;0;1340842;1672026;0;0;3012868;3043723;2237;3713873;1623881;-184256;0;7377187;12532922;15576645;
5789;900218736;2019-12-31;2019;MILES;1767873;0;21107609;9074744;31950226;161367;6468755;0;-129616;6468755;12969261;44919487;0;4923898;608741;1298062;989687;0;7820388;1638756;19080550;1041989;0;0;21761295;29581683;946273;0;473136;13785580;0;132815;15337804;44919487;
5790;900218736;2019-12-31;2018;MILES;1988458;0;20225161;5447967;27661586;251605;7977159;0;-5451448;7977159;10754475;38416061;0;4490432;368245;615848;1771243;0;7245768;0;17818221;0;0;0;17818221;25063989;946273;0;473136;11799848;0;132815;13352072;38416061;
5791;900311215;2019-12-31;2019;MILES;33255;112366;1237310;19438524;20821455;6295429;200470;4866833;1451601;200470;13014803;33836258;18247;343415;0;57425;107030;0;526117;3408679;0;730546;0;10118355;14257580;14783697;22450000;0;21966;-4033081;0;613676;19052561;33836258;
5792;900311215;2019-12-31;2018;MILES;145360;105132;2267059;18996536;21514087;6307846;188643;4386864;292786;188643;11364782;32878869;6798;64085;0;50152;146055;0;267090;4487848;0;673045;0;7939840;13100733;13367823;22450000;0;21966;-2960920;0;0;19511046;32878869;
5793;901040044;2019-12-31;2019;MILES;6629757;538727;12640224;55154992;74963700;0;0;0;11063;0;11063;74974763;0;56780010;0;0;79419;0;56859429;16949319;0;0;0;70735;17020054;73879483;500000;0;396;594884;0;0;1095280;74974763;
5794;901040044;2019-12-31;2018;MILES;5137197;541821;2604815;49412268;57696101;0;0;0;0;0;0;57696101;0;43581731;0;0;576;0;43582307;13581021;0;0;0;28818;13609839;57192146;500000;0;209;3746;0;0;503955;57696101;
5795;860048521;2019-12-31;2019;MILES;6712553;2280144;4610366;889559;14492622;7007974;0;0;16847842;0;23855816;38348438;0;4181682;0;1121876;627706;37060;5968324;5857763;0;3542823;0;550631;9951217;15919541;1944789;1410;5414554;10495635;0;4572509;22428897;38348438;
5796;860048521;2019-12-31;2018;MILES;5746135;1367829;4325837;701514;12141315;5114906;0;0;16961850;0;22076756;34218071;0;2636745;0;947259;141898;397;3726299;4038021;0;3878209;0;471055;8387285;12113584;1944789;1410;5374819;10210960;0;4572509;22104487;34218071;
5797;890932424;2019-12-31;2019;MILES;55868326;18996519;112041704;27816099;214722648;75145323;224993961;349242;-100436669;224993961;425045818;639768466;29282386;76690090;1942224;3985837;592520;42344471;154837528;113564667;66064304;15417921;0;70707;195117599;349955127;300000;11504318;155505806;70535588;0;51967627;289813339;639768466;
5798;890932424;2019-12-31;2018;MILES;13901930;3192688;64752398;18374688;100221704;90049194;185138044;349242;-94744975;185138044;365929549;466151253;22674560;39374793;230591;2354298;540157;14356595;79530994;47484739;55418227;18411272;0;1293333;122607571;202138565;300000;11504318;128283706;57488672;0;66435992;264012688;466151253;
5799;860003168;2019-12-31;2019;MILES;17952558;4702881;37895625;24532482;85083546;8177398;101803;0;12292615;101803;20673619;105757165;5161009;21799909;449299;5171269;4042617;6994053;43618156;3752570;988215;2828011;0;5227479;12796275;56414431;2051690;5317742;10077244;31723992;0;172066;49342734;105757165;
5800;860003168;2019-12-31;2018;MILES;22089065;9822857;34296154;25731848;91939924;8720013;2785332;0;4077602;2785332;18368279;110308203;8506703;29858015;1450825;2820524;907192;7764655;51307914;3077330;0;1698353;0;824939;5600622;56908536;2051690;5317742;9876338;35981831;0;172066;53399667;110308203;
5801;860524118;2019-12-31;2019;MILES;14818423;779829;46172673;51986067;113756992;615850;0;22944432;493856;0;24054138;137811130;0;15976832;0;0;44192;1115861;17136885;33576661;10830260;0;0;21346036;65752957;82889842;1503740;0;9425994;43991554;0;0;54921288;137811130;
5802;860524118;2019-12-31;2018;MILES;6329465;624200;58073640;30310625;95337930;2905;0;7529778;3681128;0;11213811;106551741;0;24963426;0;0;88238;863169;25914833;6550921;14999996;0;0;4280844;25831761;51746594;1503740;0;9430193;43871214;0;0;54805147;106551741;
5803;900916121;2019-12-31;2019;MILES;449990;5654718;15458001;2853317;24416026;42188831;0;0;134831878;0;177020709;201436735;4726659;20885664;0;1197254;1522613;2224499;30556689;11651276;0;7468479;0;8024193;27143948;57700637;35783790;81775803;1285000;24891505;0;0;143736098;201436735;
5804;900916121;2019-12-31;2018;MILES;3763325;4219279;13279662;1590793;22853059;34473248;0;0;67088876;0;101562124;124415183;2384361;14589500;0;1458696;1671042;1715186;21818785;5819945;0;817388;0;0;6637333;28456118;29028670;54073163;0;12857232;0;0;95959065;124415183;
5805;830038885;2019-12-31;2019;MILES;12034997;12788700;50436879;0;75260576;130570758;33268;0;1865139788;33268;1995777082;2071037658;164242;72611971;2071550;1258964;8598;0;76115325;0;275396011;6681878;0;81602311;363680200;439795525;6566090;282461508;903994706;391507233;0;46712596;1631242133;2071037658;
5806;830038885;2019-12-31;2018;MILES;32507113;4950308;63067310;0;100524731;119244838;9240892;0;1632529224;9240892;1770255846;1870780577;2904654;22656876;3361118;1218543;4473;0;30145664;0;263659517;6563982;0;74871379;345094878;375240542;6664498;262136707;723200423;455069438;0;48468969;1495540035;1870780577;
5807;890903279;2019-12-31;2019;MILES;4691093;5059009;13480344;1064432;24294878;2179467;0;0;116525879;0;118705346;143000224;38641923;10712049;0;3029738;2196580;0;54580290;0;0;0;0;10623885;10623885;65204175;5731636;15963316;63308971;-7207874;0;0;77796049;143000224;
5808;890903279;2019-12-31;2018;MILES;3190381;8292866;11239145;1114798;23837190;1965312;0;0;105834404;0;107799716;131636906;49969883;10563898;0;2704783;1801991;0;65040555;0;0;0;0;76707;76707;65117262;5731636;15963316;50500134;-5675442;0;0;66519644;131636906;
5809;900464054;2019-12-31;2019;MILES;31091000;58725000;4353000;0;94169000;18403000;0;0;12423078000;0;12441481000;12535650000;633285000;26132000;0;11967000;0;0;671384000;2804602000;0;0;0;3540000;2808142000;3479526000;2616000;6713282000;1617054000;723172000;0;0;9056124000;12535650000;
5810;900464054;2019-12-31;2018;MILES;15657000;7517000;12740000;0;35914000;5377000;0;0;12567377000;0;12572754000;12608668000;575772000;15592000;0;14184000;0;0;605548000;2866739000;0;0;0;3356000;2870095000;3475643000;2616000;6713282000;2055378000;361749000;0;0;9133025000;12608668000;
5811;900966568;2019-12-31;2019;MILES;26679430;7458074;14128622;0;48266126;8898812;0;0;14340461;0;23239273;71505399;0;5477773;0;484158;12979359;7643825;26585115;0;0;0;0;832041;832041;27417156;1636500;0;18911720;23540023;0;0;44088243;71505399;
5812;900966568;2019-12-31;2018;MILES;32684051;14606452;20451608;0;67742111;6983269;0;0;5703489;0;12686758;80428869;662125;5194204;0;338191;25837817;2406156;34438493;425951;0;0;0;0;425951;34864444;1636500;0;884148;43043777;0;0;45564425;80428869;
5813;811036875;2019-12-31;2019;MILES;34230407;2867311;392542928;0;429640646;13428028;155855060;46365318;-129731287;155855060;241772179;671412825;349938393;27936832;0;2299524;9226685;0;389401434;0;0;2465575;0;6405656;8871231;398272665;32068;44409581;176317536;50417852;0;1963123;273140160;671412825;
5814;811036875;2019-12-31;2018;MILES;21634012;1167601;372830996;0;395632609;11948658;117358792;41624903;-92749738;117358792;195541407;591174016;300406358;19183279;0;973384;6025982;0;326589003;0;0;1524269;0;1284597;2808866;329397869;32068;44409581;169175284;46531917;0;1627297;261776147;591174016;
5815;890318250;2019-12-31;2019;MILES;3426;68698;5301;0;77425;0;0;701464;12480789;0;13182253;13259678;0;3143262;0;21539;159452;0;3324253;0;0;0;0;0;0;3324253;599435;52397715;464543;-43526268;0;0;9935425;13259678;
5816;890318250;2019-12-31;2018;MILES;10947;5965;668805;0;685717;0;0;701464;14346477;0;15047941;15733658;0;3146247;0;11440;124784;0;3282471;0;0;0;0;0;0;3282471;599435;52397715;464543;-41010506;0;0;12451187;15733658;
5817;900470452;2019-12-31;2019;MILES;2562720;0;2813971;15619932;20996623;101200;68610;0;-11989;68610;226431;21223054;3396336;1349630;0;0;0;14444337;19190303;510005;0;0;0;0;510005;19700308;200000;0;43682;1279064;0;0;1522746;21223054;
5818;900470452;2019-12-31;2018;MILES;1192504;0;720682;21949732;23862918;28729;89894;0;-89894;89894;118623;23981541;2913646;997079;0;0;0;18419435;22330160;1141304;0;0;0;0;1141304;23471464;200000;0;43682;266395;0;0;510077;23981541;
5819;891304818;2019-12-31;2019;MILES;465853;218067;13487844;3008544;17180308;143503;0;2611490;21812966;0;24567959;41748267;685402;13842686;0;993946;330017;8185;15860236;0;3093760;0;0;0;3093760;18953996;1530000;0;2362731;5667703;0;13233837;22794271;41748267;
5820;891304818;2019-12-31;2018;MILES;758017;16125;11709749;2200165;14684056;169928;0;2544800;22322778;0;25037506;39721562;50569;12425486;0;830928;174213;2715;13483911;0;3167546;0;0;0;3167546;16651457;1530000;0;1317192;6988428;0;13234485;23070105;39721562;
5821;830049252;2019-12-31;2019;MILES;0;110054;0;0;110054;0;0;0;436932881;0;436932881;437042935;0;245232;0;0;0;0;245232;0;0;0;0;0;0;245232;78757652;279591270;2173664;-56643518;0;132918635;436797703;437042935;
5822;830049252;2019-12-31;2018;MILES;0;110055;0;0;110055;0;0;0;272266637;0;272266637;272376692;0;140028;0;0;0;0;140028;0;0;0;0;0;0;140028;75139845;265120046;2173664;-70196891;0;0;272236664;272376692;
5823;890903055;2019-12-31;2019;MILES;1813447;10869526;60030459;32651;72746083;29002065;84930264;0;-46361981;84930264;152500612;225246695;8051952;16608449;0;5368535;2461772;0;32490708;6636303;0;7128108;0;19503114;33267525;65758233;2300030;5390213;138796737;179716;0;12821766;159488462;225246695;
5824;890903055;2019-12-31;2018;MILES;5900164;10458669;54698986;36290;71094109;25671878;84047270;0;-51603119;84047270;142163299;213257408;8721468;11279259;0;5163754;6553264;0;31717745;3801239;0;6615725;0;17576120;27993084;59710829;2300030;5390213;137661489;-4601489;0;12796336;153546579;213257408;
5825;805023991;2019-12-31;2019;MILES;103635;71104;977059;0;1151798;1712712;0;0;25211958;0;26924670;28076468;472888;18684;0;0;13997;0;505569;2975877;0;209687;0;0;3185564;3691133;11000;103187;56852;6379223;0;17835073;24385335;28076468;
5826;805023991;2019-12-31;2018;MILES;91575;42614;644818;0;779007;1734479;0;0;25800423;0;27534902;28313909;820431;30423;0;0;19717;0;870571;2555590;0;461579;0;0;3017169;3887740;11000;103187;56852;6420057;0;17835073;24426169;28313909;
5827;890903910;2019-12-31;2019;MILES;67514855;22795935;46943429;0;137254219;87631450;1471975;6621012;84423674;1471975;181620086;318874305;158365;26278502;0;7783161;5946321;4669165;44835514;469895;0;12750340;0;8880643;22100878;66936392;13886911;94818404;41569521;101663077;0;0;251937913;318874305;
5828;890903910;2019-12-31;2018;MILES;62440888;18242213;49368312;0;130051413;89978018;1776347;6659998;116532208;1776347;216722918;346774331;0;22147562;0;7825325;5061984;1101428;36136299;0;0;12310619;0;7935722;20246341;56382640;11025333;23679982;201546847;54139529;0;0;290391691;346774331;
5829;800130426;2019-12-31;2019;MILES;6695916;35151815;98711138;185532189;326091058;193135175;16589239;10503273;45040742;16589239;281857668;607948726;149381739;166313774;0;1926827;0;8080194;325702534;23665368;0;19321418;0;0;42986786;368689320;1610000;780000;45053789;130170307;0;61645310;239259406;607948726;
5830;800130426;2019-12-31;2018;MILES;13341188;13758078;98413556;192804049;318316871;184529764;16954132;11910521;29516365;16954132;259864914;578181785;163858600;147309949;0;1935266;0;8001227;321105042;36472441;0;18030745;0;0;54503186;375608228;1610000;780000;38136667;109264167;0;52782723;202573557;578181785;
5831;860009626;2019-12-31;2019;MILES;44392;43238;0;0;87630;0;0;0;14471918;0;14471918;14559548;0;8273677;0;0;145912;0;8419589;0;0;0;0;0;0;8419589;221000;26160;4050925;1841874;0;0;6139959;14559548;
5832;860009626;2019-12-31;2018;MILES;70079;82515;0;0;152594;0;0;0;18697926;0;18697926;18850520;0;12980661;0;0;156622;0;13137283;0;0;0;0;0;0;13137283;221000;26160;3688000;1778077;0;0;5713237;18850520;
5833;890926345;2019-12-31;2019;MILES;43520;11586;999754;0;1054860;0;0;0;1362215;0;1362215;2417075;0;228;0;0;21149;0;21377;0;0;0;0;0;0;21377;221000;26160;1274209;874329;0;0;2395698;2417075;
5834;890926345;2019-12-31;2018;MILES;81130;11136;882586;0;974852;0;0;0;1266736;0;1266736;2241588;0;217;0;0;23334;0;23551;0;0;0;0;0;0;23551;221000;26160;1111766;859111;0;0;2218037;2241588;
5835;860350697;2019-12-31;2019;MILES;96012;29908321;176073514;24660361;230738208;378370817;7966388;45992412;88412004;7966388;528708009;759446217;25565778;376734081;4949066;10770878;19235115;0;437254918;39064640;2467;22577488;0;11351378;72995973;510250891;9405364;48820457;31278440;159885713;0;-194648;249195326;759446217;
5836;860350697;2019-12-31;2018;MILES;154460;24937562;174236465;23459763;222788250;329656591;8066597;3777985;64900770;8066597;414468540;637256790;1861055;345359068;5019658;10868217;20722753;0;383830751;1967178;0;16595351;0;5083620;23646149;407476900;9248876;44904034;31337659;144483969;0;-194648;229779890;637256790;
5837;860502509;2019-12-31;2019;MILES;6586310;58756;29802918;54429017;90877001;187141336;29153839;0;27209868;29153839;272658882;363535883;813004;56894946;0;3314915;3278012;0;64300877;31875217;87626119;15735938;0;3799577;139036851;203337728;3170195;9213662;108222901;-10416042;0;50007439;160198155;363535883;
5838;860502509;2019-12-31;2018;MILES;7425601;435431;56998977;38125034;102985043;194603971;0;0;58957144;0;253561115;356546158;18410093;40940382;0;3061433;1641162;0;64053070;14788643;84981507;42230863;0;1344809;143345822;207398892;3170195;9213662;91019103;-6972418;0;52716724;149147266;356546158;
5839;811025446;2019-12-31;2019;MILES;5498750;159774;17203232;25236532;48098288;63137756;0;1560217;3148636;0;67846609;115944897;4183168;6393775;1492731;1258090;1342001;0;14669765;293113;3915618;8746984;0;1419094;14374809;29044574;53581822;154884475;0;-168166754;0;46600780;86900323;115944897;
5840;811025446;2019-12-31;2018;MILES;4226492;161797;16885112;23251777;44525178;63072606;0;1560217;1350923;0;65983746;110508924;5697216;6228127;1784671;1142467;1568926;698926;17120333;535597;1648153;8502304;0;0;10686054;27806387;48331941;139134832;0;-150560919;0;45796683;82702537;110508924;
5841;800106129;2019-12-31;2019;MILES;2092;0;3558518;0;3560610;6017128;73882914;61640259;-39872876;73882914;175550339;179110949;0;208853;0;0;161556;0;370409;0;22464825;27015891;0;0;49480716;49851125;5502244;7808105;47966028;31776397;0;36207050;129259824;179110949;
5842;800106129;2019-12-31;2018;MILES;1463;900;1191744;0;1194107;7060133;74715398;60521906;-32416130;74715398;184596705;185790812;0;2228;0;0;148510;28000;178738;0;24063349;23550286;0;0;47613635;47792373;5502244;7808105;48198520;35432442;0;41057128;137998439;185790812;
5843;891300671;2019-12-31;2019;MILES;10541;827694;7391989;249597;8479821;36337193;10544330;0;27637871;10544330;85063724;93543545;4065276;2888862;47780;227941;1005152;826197;9061208;5980973;3814;0;0;13519334;19504121;28565329;2724921;0;14202618;37136704;0;10913973;64978216;93543545;
5844;891300671;2019-12-31;2018;MILES;125416;611386;6236639;359887;7333328;36002073;7069368;0;28403572;7069368;78544381;85877709;8386726;2581050;200;330804;572000;245193;12115973;2461665;3814;0;0;13849463;16314942;28430915;2724921;0;13715104;36106285;0;4900484;57446794;85877709;
5845;900329889;2019-12-31;2019;MILES;2554403;1334066;302452839;0;306341308;0;0;11584658;57888290;0;69472948;375814256;250658039;22575445;0;7403;0;198329;273439216;83000000;0;0;0;0;83000000;356439216;9745180;65113198;3960071;-59443409;0;0;19375040;375814256;
5846;900329889;2019-12-31;2018;MILES;2099966;3950203;331830850;0;337881019;0;0;11677006;59024962;0;70701968;408582987;344365347;23811039;0;10051;0;95970;368282407;0;0;0;0;0;0;368282407;9745180;65113198;3960071;-38517869;0;0;40300580;408582987;
5847;860056785;2019-12-31;2019;MILES;51062;64667;601341;0;717070;7099100;2766686;0;-1869949;2766686;10762523;11479593;0;263346;0;33176;106320;0;402842;0;97378;592584;0;0;689962;1092804;3912042;0;569160;923179;0;4982408;10386789;11479593;
5848;860056785;2019-12-31;2018;MILES;139969;23270;547780;0;711019;7167548;2690826;0;-1995174;2690826;10554026;11265045;0;116322;0;36128;117865;0;270315;0;0;586342;0;0;586342;856657;3912042;0;521785;1016942;0;4957619;10408388;11265045;
5849;860530547;2019-12-31;2019;MILES;8214370;9013583;118569590;54268369;190065912;124115791;0;0;23137683;0;147253474;337319386;26274646;101573334;538059;3853024;2189870;208434;134637367;164675590;2609584;0;0;0;167285174;301922541;10282083;17166973;0;7947789;0;0;35396845;337319386;
5850;860530547;2019-12-31;2018;MILES;11019262;11739091;122958795;50108375;195825523;121478685;0;0;22175032;0;143653717;339479240;61930125;116829322;957236;3631254;2113619;281954;185743510;128914475;100389;0;0;0;129014864;314758374;10282083;17166973;0;-2728190;0;0;24720866;339479240;
5851;901239514;2019-12-31;2019;MILES;216977;0;331;0;217308;0;0;0;344976046;0;344976046;345193354;0;9857;0;0;0;0;9857;0;108562819;0;0;0;108562819;108572676;306100;15991806;0;-90019505;0;310342277;236620678;345193354;
5852;901239514;2019-12-31;2018;MILES;300100;0;331;0;300431;0;0;0;15997806;0;15997806;16298237;0;56039;0;0;0;3000;59039;0;0;0;0;0;0;59039;306100;15991806;0;-58708;0;0;16239198;16298237;
5853;860031361;2019-12-31;2019;MILES;6443851;12322952;65111183;0;83877986;10190250;25995831;0;-12210099;25995831;49971813;133849799;2287995;36567541;0;7528592;7971412;20523708;74879248;0;77472262;0;0;6598002;84070264;158949512;9606142;348478;22671113;-67726104;0;10000658;-25099713;133849799;
5854;860031361;2019-12-31;2018;MILES;1765851;14787624;77326427;0;93879902;11869820;27612310;41283;-9665283;27612310;57470440;151350342;3201158;17806395;0;7487670;9427813;13511476;51434512;0;59287526;1767785;0;6887234;67942545;119377057;9606142;348478;22671113;-11970587;0;11318139;31973285;151350342;
5855;890320250;2019-12-31;2019;MILES;3535824;226080;14599189;7592612;25953705;75829683;0;0;15269742;0;91099425;117053130;12623549;7805576;0;1189133;4867777;12194;26498229;12676033;0;10630204;0;118571;23424808;49923037;7845550;7990941;25147324;22513263;0;3633015;67130093;117053130;
5856;890320250;2019-12-31;2018;MILES;1749400;225960;15917274;5907249;23799883;75330986;0;0;12082768;0;87413754;111213637;11086625;7349346;0;963279;4539555;10433;23949238;19359146;0;10975534;0;265583;30600263;54549501;7845550;7990941;19437040;18678320;0;2712285;56664136;111213637;
5857;800032229;2019-12-31;2019;MILES;7363;0;101789;0;109152;0;0;64657;30556273;0;30620930;30730082;0;199354;0;0;2806;0;202160;0;934150;2373227;0;0;3307377;3509537;661670;0;173317;-3064230;0;29449788;27220545;30730082;
5858;800032229;2019-12-31;2018;MILES;912;0;122617;0;123529;780;0;74126;32026480;0;32101386;32224915;0;390822;0;0;2508;0;393330;0;559050;2547966;0;0;3107016;3500346;661670;0;173317;-918690;0;28808272;28724569;32224915;
5859;890301443;2019-12-31;2019;MILES;18402231;6013170;12948229;16607;37380237;9866928;0;89497;1971530367;0;1981486792;2018867029;8847;609938;0;411363;0;14159666;15189814;0;0;404932;0;0;404932;15594746;11252423;176788264;1921052173;199736980;0;-305557557;2003272283;2018867029;
5860;890301443;2019-12-31;2018;MILES;84023022;10109070;90831924;30111;184994127;9518563;0;89497;1814278915;0;1823886975;2008881102;2350390;648684;0;380397;0;460204;3839675;0;0;1588833;0;0;1588833;5428508;11252423;176788264;1617042106;353374569;0;-155004768;2003452594;2008881102;
5861;890318919;2019-12-31;2019;MILES;2047166;2192392;65791774;57237929;127269261;54471499;13821415;0;49716461;13821415;131830790;259100051;25971620;47487329;0;1911005;2294368;0;77664322;57833046;15957057;1694062;0;74336;75558501;153222823;30400000;0;2647926;64739793;0;8089509;105877228;259100051;
5862;890318919;2019-12-31;2018;MILES;1609955;3036494;50513668;51787870;106947987;55913871;12259743;0;51518184;12259743;131951541;238899528;21372507;46687039;0;1941381;897322;0;70898249;56035722;27725972;1816065;0;93822;85671581;156569830;5400000;0;2647926;66095128;0;8186644;82329698;238899528;
5863;800249542;2019-12-31;2019;MILES;520928;259361;22516;0;802805;26050851;909900;0;226594624;909900;254465275;255268080;18252;1638996;0;0;152801;0;1810049;0;0;0;0;0;0;1810049;100000;26484943;9315764;217557324;0;0;253458031;255268080;
5864;800249542;2019-12-31;2018;MILES;465903;155538;1135063;0;1756504;25507659;0;0;209087982;0;234595641;236352145;93310;1068439;0;0;203165;0;1364914;0;0;0;0;0;0;1364914;20000;0;9315764;225651467;0;0;234987231;236352145;
5865;900333530;2019-12-31;2019;MILES;6489680;344269092;0;45179040;395937812;5809764;0;0;58934839;0;64744603;460682415;762297;243156969;55869341;1161238;49637;0;300999482;295412235;0;24744692;0;69105933;389262860;690262342;2107946;403227003;-28949671;-605965205;0;0;-229579927;460682415;
5866;900333530;2019-12-31;2018;MILES;24630262;319696293;0;76380333;420706888;169390156;0;0;116121118;0;285511274;706218162;0;157969207;37994526;1133720;35303;0;197132756;311288400;0;31514863;0;54136596;396939859;594072615;2107946;403227003;40428450;-333617852;0;0;112145547;706218162;
5867;860035977;2019-12-31;2019;MILES;1584646;2080574;396128;0;4061348;5057563;1232573;0;-1232573;1232573;6290136;10351484;0;471081;0;824720;0;5679888;6975689;0;0;119503;0;3546690;3666193;10641882;885305;2300000;1057379;-6952246;0;2419164;-290398;10351484;
5868;860035977;2019-12-31;2018;MILES;327712;1454221;316077;0;2098010;1932011;1045454;0;801213;1045454;4824132;6922142;0;562881;0;663634;0;3399161;4625676;0;0;201218;0;359925;561143;5186819;885305;2300000;1057379;-4926525;0;2419164;1735323;6922142;
5869;800185347;2019-12-31;2019;MILES;666551;6973854;2543646;0;10184051;264324;0;22709994;47785958;0;70760276;80944327;1359701;2527332;0;613136;621935;27697;5149801;2161944;33520214;349029;0;0;36031187;41180988;1573900;98280;23561803;14591604;0;-62248;39763339;80944327;
5870;800185347;2019-12-31;2018;MILES;99944;6817295;2753612;0;9670851;247357;0;20441063;45137115;0;65825535;75496386;3822524;2722974;0;684690;630480;17694;7878362;1104048;33623610;74341;0;0;34801999;42680361;1573900;98280;24910402;6295691;0;-62248;32816025;75496386;
5871;860002688;2019-12-31;2019;MILES;9812994;240017;696696;0;10749707;768258;40963100;85694030;1631862060;40963100;1800250548;1811000255;318518;36458339;0;938758;0;77185;37792800;2400091;14169150;7911198;0;630065;25110504;62903304;24732139;68942799;862179416;792242597;0;0;1748096951;1811000255;
5872;860002688;2019-12-31;2018;MILES;5136781;7703;55758897;0;60903381;401520;41099427;86293198;1602102226;41099427;1770995798;1831899179;6549353;78710443;0;0;883414;0;86143210;22605;12298914;8582365;0;0;20903884;107047094;24732139;68942799;871073437;760103710;0;0;1724852085;1831899179;
5873;800093117;2019-12-31;2019;MILES;108863166;28696042;236889672;714179952;1088628832;92405488;1724890;156479508;558021799;1724890;810356575;1898985407;0;203175561;10342939;5076065;29107546;0;247702111;0;226589216;41007862;0;798004698;1065601776;1313303887;13643152;115701094;252239718;127344253;0;76753303;585681520;1898985407;
5874;800093117;2019-12-31;2018;MILES;120158310;43658523;170656318;772098812;1106571963;67853263;4309028;119038130;877909820;4309028;1073419269;2179991232;0;376000752;14944;13976907;32149452;0;422142055;0;4358247;445430679;0;777686167;1227475093;1649617148;13643152;116394281;209542933;124036339;0;66757379;530374084;2179991232;
5875;820003863;2019-12-31;2019;MILES;493080;10235403;34733;1818054;12581270;375544;0;425457;0;0;801001;13382271;0;0;0;85690;665669;0;751359;696235;1448945;0;0;2380361;4525541;5276900;2626000;0;604985;4874386;0;0;8105371;13382271;
5876;820003863;2019-12-31;2018;MILES;2748897;8141634;774254;0;11664785;248849;0;282969;0;0;531818;12196603;1575;10640;0;39835;864460;0;916510;627755;3567371;0;0;466855;4661981;5578491;2626000;0;478837;3513275;0;0;6618112;12196603;
5877;890309577;2019-12-31;2019;MILES;721752;341589;2179324;416528;3659193;18630199;3246924;0;-2001460;3246924;23122587;26781780;206386;1316845;0;276216;57083;96741;1953271;695664;96205;1058777;0;1556255;3406901;5360172;1372347;1978820;10590444;2049436;0;5430561;21421608;26781780;
5878;890309577;2019-12-31;2018;MILES;291615;834753;2053934;576005;3756307;12833884;4817437;0;-3497600;4817437;18971158;22727465;1059798;2319371;0;162697;0;112505;3654371;188944;1527264;2910745;0;1039336;5666289;9320660;1372347;1978820;5430561;1623392;0;3001685;13406805;22727465;
5879;900478901;2019-12-31;2019;MILES;1669346;598886;0;0;2268232;0;8530711;63677596;-1413282;8530711;79325736;81593968;0;169433;0;0;1142949;0;1312382;22501709;0;0;0;18447959;40949668;42262050;2500000;32833768;929863;3068287;0;0;39331918;81593968;
5880;900478901;2019-12-31;2018;MILES;627478;256549;677729;0;1561756;0;5557872;63242018;1888571;5557872;76246333;77808089;0;568793;0;0;804617;0;1373410;25116577;0;0;0;13483883;38600460;39973870;2500000;32833768;654912;1845539;0;0;37834219;77808089;
5881;900601507;2019-12-31;2019;MILES;53169;4687157;334670;0;5074996;46;590329932;0;-475039617;590329932;705620293;710695289;0;882875;0;0;0;0;882875;423275557;0;0;0;0;423275557;424158432;1200031;274325988;0;11010838;0;0;286536857;710695289;
5882;900601507;2019-12-31;2018;MILES;1068490;682594;216530;0;1967614;182;471142360;0;-359316127;471142360;582968775;584936389;0;278798;0;0;0;0;278798;336377504;0;0;0;0;336377504;336656302;1200030;255325989;0;-8245932;0;0;248280087;584936389;
5883;890927442;2019-12-31;2019;MILES;3849;0;67636;0;71485;0;0;0;22968069;0;22968069;23039554;0;2836;0;0;173960;0;176796;0;0;0;0;0;0;176796;244066;2039925;1591781;14244731;0;4742255;22862758;23039554;
5884;890927442;2019-12-31;2018;MILES;25528;0;23458;0;48986;0;0;0;22296796;0;22296796;22345782;0;0;0;0;718;0;718;0;0;0;0;0;0;718;244066;2039925;1517251;13285506;0;5258316;22345064;22345782;
5885;890903939;2019-12-31;2019;MILES;113609558;44438075;786069860;159804929;1103922422;1835599134;947886;172512109;489293554;947886;2499300569;3603222991;206057490;398368869;12925112;28121799;11869610;43986134;701329014;579446695;16893271;184705276;0;39995908;821041150;1522370164;120950;0;1074143525;496712062;0;509876290;2080852827;3603222991;
5886;890903939;2019-12-31;2018;MILES;65908317;21026371;659184148;139852228;885971064;1883381161;1096717;160055457;478619546;1096717;2524249598;3410220662;148963733;355697460;9097938;24963761;7580282;32696092;578999266;492698489;18059812;193381446;0;34861260;739001007;1318000273;120950;0;1109843145;471368782;0;510887512;2092220389;3410220662;
5887;900138670;2019-12-31;2019;MILES;965658;3889276;76381142;27552467;108788543;130067;0;0;22950561;0;23080628;131869171;74743076;39000244;0;144512;8319;0;113896151;0;0;275666;0;0;275666;114171817;11500000;0;846078;3415868;0;1935408;17697354;131869171;
5888;900138670;2019-12-31;2018;MILES;3697271;2540549;86403399;22849871;115491090;139522;0;0;5070501;0;5210023;120701113;55388017;44191102;0;147792;3415470;0;103142381;0;0;0;0;0;0;103142381;11500000;0;495583;3627741;0;1935408;17558732;120701113;
5889;815001802;2019-12-31;2019;MILES;257867;1812789;13980370;11855996;27907022;19574294;0;0;1957703;0;21531997;49439019;10243693;8130173;151057;1026351;761782;0;20313056;5166279;0;2476284;0;69506;7712069;28025125;3141411;2174250;7513493;2472766;0;6111974;21413894;49439019;
5890;815001802;2019-12-31;2018;MILES;195119;2555206;11368418;14360580;28479323;19679571;0;0;1248595;0;20928166;49407489;11372932;7607882;287395;951689;531745;0;20751643;6079623;0;1328127;0;64607;7472357;28224000;3141411;2174250;7054300;2701554;0;6111974;21183489;49407489;
5891;900498388;2019-12-31;2019;MILES;165570;6016;8399869;18284834;26856289;18033;64984;0;2108685;64984;2256686;29112975;1726171;8751881;0;27782;19750;0;10525584;14686189;0;0;0;2000;14688189;25213773;7000000;0;8023;-3108821;0;0;3899202;29112975;
5892;900498388;2019-12-31;2018;MILES;1123880;80061;5110735;20880463;27195139;19169;74768;0;2416949;74768;2585654;29780793;2681279;8141745;0;21312;24901;0;10869237;16013722;0;0;0;2000;16015722;26884959;5500000;0;8023;-2612189;0;0;2895834;29780793;
5893;860015826;2019-12-31;2019;MILES;1887300;223214;5539666;0;7650180;6222;0;897448;85890;0;989560;8639740;0;2163475;0;75675;375252;0;2614402;0;0;9054;0;46863;55917;2670319;4500000;0;415663;997269;0;56489;5969421;8639740;
5894;860015826;2019-12-31;2018;MILES;709256;200415;5147269;0;6056940;7537;0;897448;23394;0;928379;6985319;0;1263832;0;76461;63408;0;1403701;0;0;5064;0;0;5064;1408765;4500000;0;370192;650846;0;55516;5576554;6985319;
5895;860350543;2019-12-31;2019;MILES;37162182;78587;25565758;2464305;65270832;3594233;0;2309792;5744744;0;11648769;76919601;359013;9071611;0;707092;4588620;4174288;18900624;0;0;796446;0;2101984;2898430;21799054;2000000;1309;5991104;40915290;0;6212844;55120547;76919601;
5896;860350543;2019-12-31;2018;MILES;27106785;8178;18255951;6710079;52080993;3688562;0;1564621;5080455;0;10333638;62414631;0;5401469;0;624491;1579921;2430495;10036376;0;0;850246;0;532457;1382703;11419079;2000000;1309;5991104;36810719;0;6192420;50995552;62414631;
5897;890302629;2019-12-31;2019;MILES;10940661;10337117;39390125;164262518;224930421;19700579;0;31095377;39510017;0;90305973;315236394;94936768;15463194;855070;2223768;5129708;89123947;207732455;12405930;0;4124240;0;57460;16587630;224320085;11375431;3826778;5198172;61434673;0;9081255;90916309;315236394;
5898;890302629;2019-12-31;2018;MILES;9629252;7651054;30068065;170383321;217731692;21453158;0;44572605;19319213;0;85344976;303076668;90980230;17340931;977462;1999204;2728898;86883588;200910313;12801584;0;2587823;0;54642;15444049;216354362;11375431;3826778;5451637;56987205;0;9081255;86722306;303076668;
5899;900696296;2019-12-31;2019;MILES;8869172;2218486;7270206;0;18357864;912680;117936070;7587377;1036907083;117936070;1281279280;1299637144;2713081;4646086;0;3198920;1922689;2556;12483332;176628408;55742549;474812;0;4374590;237220359;249703691;33007658;794372436;348596230;-126042871;0;0;1049933453;1299637144;
5900;900696296;2019-12-31;2018;MILES;1521865;1287382;6365822;0;9175069;1082283;65781101;7599257;1202202639;65781101;1342446381;1351621450;395705;62619199;0;1190666;1956899;6196;66168665;102433404;55742549;474812;0;4961940;163612705;229781370;33007658;794372436;370907100;-76447114;0;0;1121840080;1351621450;
5901;860076228;2019-12-31;2019;MILES;421294;438225;16008205;5601431;22469155;5047447;0;0;62636;0;5110083;27579238;10056446;5075185;0;0;406987;0;15538618;0;1942204;523687;0;0;2465891;18004509;1070000;6630000;559293;761714;0;553722;9574729;27579238;
5902;860076228;2019-12-31;2018;MILES;1297757;600388;16745907;6860038;25504090;4113926;0;0;167106;0;4281032;29785122;11930115;6450084;0;0;378042;0;18758241;0;2089642;283032;0;0;2372674;21130915;1070000;6630000;559293;394914;0;0;8654207;29785122;
5903;800017113;2019-12-31;2019;MILES;139625;1865366;28204449;3866834;34076274;98724;378956;0;171314992;378956;172171628;206247902;10777033;14044132;0;169662;286897;0;25277724;1434250;805711;44615696;0;41230515;88086172;113363896;900000;0;352700;91631306;0;0;92884006;206247902;
5904;800017113;2019-12-31;2018;MILES;184358;1487274;430955;26311287;28413874;129806;1267037;0;171351270;1267037;174015150;202429024;6486493;5300698;0;271507;398830;0;12457528;6046713;566091;48177949;0;30775195;85565948;98023476;900000;0;347873;103157675;0;0;104405548;202429024;
5905;891409156;2019-12-31;2019;MILES;4463933;1456515;9673098;3091390;18684936;8602290;0;0;8563436;0;17165726;35850662;1453492;3483388;0;208440;2127914;0;7273234;7787386;0;289486;0;0;8076872;15350106;245748;0;228370;17421066;0;2605372;20500556;35850662;
5906;891409156;2019-12-31;2018;MILES;184698;463549;12237816;9311550;22197613;8484014;0;0;8063887;0;16547901;38745514;2846373;12723188;0;404050;1204678;0;17178289;7929931;0;289486;0;0;8219417;25397706;245748;0;228370;10268318;0;2605372;13347808;38745514;
5907;900074316;2019-12-31;2019;MILES;3540952;110536;29351248;0;33002736;9990688;0;0;4198742;0;14189430;47192166;1209509;2194955;0;5462063;2844946;7274290;18985763;3843012;0;284371;0;0;4127383;23113146;808000;0;4690534;18580486;0;0;24079020;47192166;
5908;900074316;2019-12-31;2018;MILES;4022091;163168;19224279;0;23409538;7053358;0;0;5832064;0;12885422;36294960;2959894;3888436;0;3386235;385648;4779813;15400026;2240555;0;274919;0;0;2515474;17915500;808000;0;2690534;14880926;0;0;18379460;36294960;
5909;860025792;2019-12-31;2019;MILES;95408059;12632556;60376699;288049747;456467061;268258791;3078087;0;36650043;3078087;311065008;767532069;113423315;290717001;17483581;6873908;0;58750100;487247905;7856000;0;0;0;37175577;45031577;532279482;3428370;48266915;147159970;36397332;0;0;235252587;767532069;
5910;860025792;2019-12-31;2018;MILES;143534243;13198732;114863896;302021272;573618143;199271330;3410562;0;41532595;3410562;247625049;821243192;156076745;269776523;11791234;6193869;0;37072393;480910764;0;121217294;0;0;36988221;158205515;639116279;3428370;48266915;88881638;41549990;0;0;182126913;821243192;
5911;890917007;2019-12-31;2019;MILES;16962621;42845;84198930;150962346;252166742;5652354;0;0;32792039;0;38444393;290611135;13302483;17864223;0;0;165851;70737363;102069920;70073711;32502866;1937940;0;10616636;115131153;217201073;24877300;14626588;1181883;7064220;0;25660071;73410062;290611135;
5912;890917007;2019-12-31;2018;MILES;14582314;40376;95304645;172655257;282582592;5907773;0;0;32805177;0;38712950;321295542;36758091;82689133;0;0;0;0;119447224;78520016;32423443;1923430;0;26787886;139654775;259101999;24872000;9711960;1181883;5736553;0;20691147;62193543;321295542;
5913;830011100;2019-12-31;2019;MILES;245100;74956;6613991;70693;7004740;143548;467752;0;2638756;467752;3717808;10722548;0;6356818;0;211325;362883;0;6931026;0;1396914;35688;0;0;1432602;8363628;331210;0;165605;1287211;0;574894;2358920;10722548;
5914;830011100;2019-12-31;2018;MILES;380096;158870;5021856;47676;5608498;245090;0;0;2981574;0;3226664;8835162;0;4814591;0;228094;202225;0;5244910;0;1533052;35688;0;0;1568740;6813650;331210;0;101567;906991;0;681744;2021512;8835162;
5915;800182204;2019-12-31;2019;MILES;1754860;1359815;6580526;35451999;45147200;1468177;0;0;3427075;0;4895252;50042452;6017382;3487231;856231;0;339689;11363653;22064186;6844838;0;0;0;730445;7575283;29639469;8000000;0;9563790;1508810;0;1330383;20402983;50042452;
5916;800182204;2019-12-31;2018;MILES;1139877;946253;3747667;31378233;37212030;1577014;0;0;2535799;0;4112813;41324843;8041611;2233518;301000;0;264979;3259872;14100980;596115;0;0;0;6434459;7030574;21131554;8000000;0;3995538;6867368;0;1330383;20193289;41324843;
5917;890900168;2019-12-31;2019;MILES;44248357;83098625;880247200;21759988;1029354170;437834894;4246909;0;233361837;4246909;679690549;1709044719;6197452;866375660;10028056;0;85660976;0;968262144;7131609;228590;21818072;0;26356780;55535051;1023797195;5438;0;196878640;490405427;0;-2041981;685247524;1709044719;
5918;890900168;2019-12-31;2018;MILES;25766713;77065046;668706317;18120743;789658819;414772516;2786001;0;229008319;2786001;649352837;1439011656;5979341;518586314;0;0;123531952;0;648097607;13328533;265467;24622315;0;33109492;71325807;719423414;5438;0;176440123;545184662;0;-2041981;719588242;1439011656;
5919;900542692;2019-12-31;2019;MILES;5446;0;7366;0;12812;0;0;0;32817925;0;32817925;32830737;0;212287;0;0;2293;0;214580;0;0;2304582;25182;0;2329764;2544344;1429308;5416269;127764;23313052;0;0;30286393;32830737;
5920;900542692;2019-12-31;2018;MILES;762;2673;0;0;3435;0;0;0;30115289;0;30115289;30118724;87280;3635;0;0;0;9022;99937;0;0;2304582;0;0;2304582;2404519;1429308;5416269;0;20868628;0;0;27714205;30118724;
5921;860055182;2019-12-31;2019;MILES;2486416;9092197;48141948;0;59720561;2315852;0;0;8318018;0;10633870;70354431;0;34326877;0;3777913;6271663;4826240;49202693;0;26623569;7265673;0;0;33889242;83091935;9121305;30905345;627777;-53391931;0;0;-12737504;70354431;
5922;860055182;2019-12-31;2018;MILES;2405328;4503057;21549564;0;28457949;3074346;0;0;9450335;0;12524681;40982630;0;23922236;0;3212306;2823070;1791425;31749037;0;15300106;0;0;0;15300106;47049143;9121305;30905345;627777;-46720940;0;0;-6066513;40982630;
5923;891500202;2019-12-31;2019;MILES;15171446;11251775;13841045;4839202;45103468;19218203;5192793;0;6265398;5192793;35869187;80972655;3023689;17455133;3424618;1057952;2328280;0;27289672;4081642;17559526;0;0;38978;21680146;48969818;6303000;0;1029739;18752102;0;5917996;32002837;80972655;
5924;891500202;2019-12-31;2018;MILES;3176156;4981767;20226592;9387972;37772487;16344869;9055428;536450;782283;9055428;35774458;73546945;2915782;13091066;825183;6886814;1149461;0;24868306;0;16872541;0;0;87347;16959888;41828194;6303000;0;1029739;18468016;0;5917996;31718751;73546945;
5925;830065609;2019-12-31;2019;MILES;1707596;10345481;34595268;31057240;77705585;3178580;384573;22374549;56496763;384573;82819038;160524623;27174023;23169322;742091;0;3094451;2367063;56546950;12745057;0;204519;0;0;12949576;69496526;4894700;16269905;2912510;65008472;0;1942510;91028097;160524623;
5926;830065609;2019-12-31;2018;MILES;381107;10468439;25050690;39466148;75366384;3880705;8722;22374549;57621403;8722;83894101;159260485;24916348;24533472;995725;0;1958347;1899215;54303107;35353694;0;647934;0;0;36001628;90304735;4894700;16269905;2906376;42942259;0;1942510;68955750;159260485;
5927;890914597;2019-12-31;2019;MILES;81142;652906;13550702;8368372;22653122;1406570;0;0;0;0;1406570;24059692;0;7518624;0;169547;289379;3703067;11680617;338632;0;1009866;0;0;1348498;13029115;236291;3979550;103386;6711350;0;0;11030577;24059692;
5928;890914597;2019-12-31;2018;MILES;717058;0;9957751;6869085;17543894;2711194;0;0;1716649;0;4427843;21971737;0;2429375;0;177154;241535;5859223;8707287;0;0;908092;0;0;908092;9615379;236291;6645066;103386;5371615;0;0;12356358;21971737;
5929;830094920;2019-12-31;2019;MILES;117912024;21164861;76739595;4528547;220345027;112144099;125842949;47775601;15146864;125842949;426752462;647097489;43104688;53346755;1106866;0;8797339;34412934;140768582;15735023;6960899;0;27199614;1874348;51769884;192538466;4013714;0;-2777655;397190460;0;56132504;454559023;647097489;
5930;830094920;2019-12-31;2018;MILES;116931428;18480481;74845597;4068210;214325716;116889136;101531907;21085947;16322676;101531907;357361573;571687289;71984015;42407221;371851;0;2289474;21493072;138545633;26417465;4894109;0;16987488;1700977;50000039;188545672;4013914;0;4747952;321809325;0;52570426;383141617;571687289;
5931;860012340;2019-12-31;2019;MILES;1454486;412322;8085853;19592419;29545080;17344353;0;7348754;10213104;0;34906211;64451291;8619359;2796306;0;0;1613487;631082;13660234;4395510;0;2043489;0;0;6438999;20099233;6600000;0;8329559;26931649;0;2490850;44352058;64451291;
5932;860012340;2019-12-31;2018;MILES;1728723;522277;6681089;16422837;25354926;15505898;0;7348754;10583384;0;33438036;58792962;5069698;3183504;0;0;882578;606600;9742380;6340733;0;2151285;0;0;8492018;18234398;6600000;0;5211010;26256704;0;2490850;40558564;58792962;
5933;890205459;2019-12-31;2019;MILES;189099;0;245411;354824;789334;1034587;0;3748526;821724;0;5604837;6394171;8747;398947;0;0;21338;17742;446774;0;0;117889;0;0;117889;564663;30000;0;503494;5296014;0;0;5829508;6394171;
5934;890205459;2019-12-31;2018;MILES;397794;0;106696;285733;790223;677198;0;3748526;816349;0;5242073;6032296;5364;103696;0;0;25194;29837;164091;0;0;134253;0;0;134253;298344;30000;0;503494;5200458;0;0;5733952;6032296;
5935;900419613;2019-12-31;2019;MILES;1980025;0;2111948;0;4091973;165670;1459595;0;-1457817;1459595;1627043;5719016;1815426;129005;25443;0;0;112496;2082370;0;0;0;172430;0;172430;2254800;7462170;0;146151;-4144105;0;0;3464216;5719016;
5936;900419613;2019-12-31;2018;MILES;1330867;0;3428714;0;4759581;0;3207945;0;-3207945;3207945;3207945;7967526;3235769;131431;38338;0;0;49215;3454753;0;0;0;102161;0;102161;3556914;7462170;0;146151;-3197709;0;0;4410612;7967526;
5937;800202306;2019-12-31;2019;MILES;84734;267120;129239;0;481093;28571;0;340639;213;0;369423;850516;12474;528099;0;43891;17001;22730;624195;0;271169;3381;0;0;274550;898745;761586;2040397;629938;-3480150;0;0;-48229;850516;
5938;800202306;2019-12-31;2018;MILES;136647;183948;327055;0;647650;26211;0;0;213;0;26424;674074;6930;132738;0;39076;61412;43309;283465;0;0;3537;0;0;3537;287002;761586;2040397;629938;-3044849;0;0;387072;674074;
5939;901034906;2019-12-31;2019;MILES;500;1927019;3279785;0;5207304;1358884;0;0;131281927;0;132640811;137848115;3397422;427487;220312;1633444;156233;566031;6400929;0;0;0;0;560484;560484;6961413;100000;119565102;0;11221600;0;0;130886702;137848115;
5940;901034906;2019-12-31;2018;MILES;1397285;852314;836787;0;3086386;384788;0;0;131706945;0;132091733;135178119;149780;2037999;166064;1478229;112763;436931;4381766;0;0;0;0;0;0;4381766;100000;119565102;30114;11101137;0;0;130796353;135178119;
5941;900087151;2019-12-31;2019;MILES;2295993;41008;0;0;2337001;90053309;0;27058438;1165355947;0;1282467694;1284804695;23124075;115652;0;0;52813;0;23292540;0;0;8719469;0;0;8719469;32012009;927108;20057458;21894441;457274707;0;752638972;1252792686;1284804695;
5942;900087151;2019-12-31;2018;MILES;1984932;3865;0;0;1988797;77193305;0;22930880;1024811963;0;1124936148;1126924945;67649570;48425518;2291;0;730220;5509136;122316735;61095620;0;7891005;0;0;68986625;191303360;927108;20057458;21894441;242569787;0;650172791;935621585;1126924945;
5943;811043033;2019-12-31;2019;MILES;3176;907935;76276812;0;77187923;0;0;0;7670914;0;7670914;84858837;71853;79887827;0;103968;79674;0;80143322;2725751;0;0;0;0;2725751;82869073;50000;0;30000;1909764;0;0;1989764;84858837;
5944;811043033;2019-12-31;2018;MILES;35318;916628;168581051;0;169532997;0;0;0;7696525;0;7696525;177229522;116667;169045243;0;95011;63425;0;169320346;0;0;0;0;5932289;5932289;175252635;50000;0;30000;1896887;0;0;1976887;177229522;
5945;800153993;2019-12-31;2019;MILES;117838036;12905974;4722070325;347661843;5200476178;8177927702;278520021;344254728;3659951600;278520021;12739174072;17939650250;158920929;3768525654;111385136;0;396896787;240203696;4675932202;845919321;4569037774;0;0;350169669;5765126764;10441058966;1513867797;1366472250;4685170841;-66919604;0;0;7498591284;17939650250;
5946;800153993;2019-12-31;2018;MILES;129954544;11607618;3579766212;210396140;3931724514;4777359941;82577400;301143476;5820570348;82577400;11064228565;14995953079;0;2729803635;131198875;0;272566771;217760039;3351329320;0;5235143619;0;0;378648625;5613792244;8965121564;1449967640;1251800158;3631453720;-302390003;0;0;6030831515;14995953079;
5947;900023333;2019-12-31;2019;MILES;555996;0;51995443;0;52551439;0;592137870;0;4396061783;592137870;5580337523;5632888962;0;58742392;0;0;12244790;0;70987182;0;0;0;0;0;0;70987182;23335004;809967569;4677349420;51249787;0;0;5561901780;5632888962;
5948;900023333;2019-12-31;2018;MILES;1446795;20522249;21543845;0;43512889;0;553209643;0;3635270896;553209643;4741690182;4785203071;0;59897986;0;0;5992007;0;65889993;0;0;341775;0;0;341775;66231768;23335004;809967569;3948231349;-62562619;0;0;4718971303;4785203071;
5949;900222662;2019-12-31;2019;MILES;255010;3414567;5428;0;3675005;0;0;507031;3154032;0;3661063;7336068;0;0;0;0;254504;0;254504;463943;915615;0;0;1372;1380930;1635434;250000;0;125000;5325634;0;0;5700634;7336068;
5950;900222662;2019-12-31;2018;MILES;16781;5273891;0;48296;5338968;0;0;274321;460321;0;734642;6073610;0;2193;0;7228;103931;0;113352;116722;376990;0;0;0;493712;607064;250000;0;125000;5091546;0;0;5466546;6073610;
5951;900678425;2019-12-31;2019;MILES;42591;1177257;148704;0;1368552;0;926445;7077864;35839726;926445;44770480;46139032;0;1060;0;8801;0;248;10109;0;0;517136;0;0;517136;527245;40211;11064366;29102008;5405202;0;0;45611787;46139032;
5952;900678425;2019-12-31;2018;MILES;40984;1109749;122747;0;1273480;0;969138;7077865;35895783;969138;44911924;46185404;0;0;0;7387;17526;217;25130;0;0;517136;0;0;517136;542266;40211;11064366;29717642;4820919;0;0;45643138;46185404;
5953;830116134;2019-12-31;2019;MILES;5484882;16772614;75417152;29569694;127244342;190835679;0;0;7638474;0;198474153;325718495;27203128;76361280;0;4208252;0;1408347;109181007;142099394;5357911;0;0;3454768;150912073;260093080;22075800;62915403;4690189;-24055977;0;0;65625415;325718495;
5954;830116134;2019-12-31;2018;MILES;6497705;8822174;92744764;24553541;132618184;199419226;0;0;23517151;0;222936377;355554561;25828239;92091328;0;4526013;0;0;122445580;145016496;9884190;14597537;0;0;169498223;291943803;22075800;62915403;4690189;-26070634;0;0;63610758;355554561;
5955;860509719;2019-12-31;2019;MILES;251129;35786;3387661;0;3674576;4531664;7812566;17448623;26917664;7812566;64523083;68197659;0;21444;0;37505;361554;0;420503;0;0;5688962;0;0;5688962;6109465;510000;4790000;16583917;30717717;0;9486560;62088194;68197659;
5956;860509719;2019-12-31;2018;MILES;813291;28420;9924259;0;10765970;4770636;0;14474918;26579043;0;45824597;56590567;0;4514;0;28212;371167;0;403893;0;0;4800532;0;0;4800532;5204425;510000;4790000;10002478;27148884;0;8934780;51386142;56590567;
5957;890301602;2019-12-31;2019;MILES;274757;27382406;15863990;2939021;46460174;140782546;167202;33212001;43968323;167202;218297274;264757448;14656142;66810632;4557954;3071054;2268108;574733;91938623;62508268;12580917;28635999;7267878;4519964;115513026;207451649;74647265;122661532;30009663;-170012661;0;0;57305799;264757448;
5958;890301602;2019-12-31;2018;MILES;334572;2751637;27679032;2687530;33452771;153210714;143051;59336550;42013621;143051;254846987;288299758;27496571;81134147;4015162;3153432;1988355;0;117787667;60589957;12413208;31166560;7062290;3371832;114603847;232391514;74647265;122661532;32130248;-173530801;0;0;55908244;288299758;
5959;860053523;2019-12-31;2019;MILES;1989567;2630711;1259926;92810;5973014;1711838;81814;0;4961174;81814;6836640;12809654;845586;1190788;1446947;0;367775;42554;3893650;0;0;37586;0;0;37586;3931236;2115921;0;381391;6381106;0;0;8878418;12809654;
5960;860053523;2019-12-31;2018;MILES;2565875;1717331;1356106;85721;5725033;864700;62419;0;4754887;62419;5744425;11469458;858999;1743439;283083;0;74222;40649;3000392;0;0;57349;0;0;57349;3057741;2115921;0;381391;5914405;0;0;8411717;11469458;
5961;900170693;2019-12-31;2019;MILES;2603927;327324;77825663;0;80756914;2671;0;48762138;59753820;0;108518629;189275543;0;0;0;1615;3309867;0;3311482;0;712166;3810700;0;0;4522866;7834348;2359739;1998491;83514594;87316782;0;6251589;181441195;189275543;
5962;900170693;2019-12-31;2018;MILES;2951727;247379;42779664;0;45978770;6676;0;45800171;63632545;0;109439392;155418162;0;0;0;1615;301508;0;303123;0;1360287;3495581;0;0;4855868;5158991;2359739;1998491;81924032;59933377;0;4043532;150259171;155418162;
5963;860001317;2019-12-31;2019;MILES;4142360;4969979;2951033;22998;12086370;3589503;4412603;0;137724959;4412603;150139668;162226038;18636186;10624377;3211872;2345226;1294229;10199368;46311258;84353897;32249108;10446206;0;8242651;135291862;181603120;11981625;114211658;11681862;-162789864;0;5537637;-19377082;162226038;
5964;860001317;2019-12-31;2018;MILES;4571216;20224248;27817182;23318;52635964;4225776;4296384;0;152901199;4296384;165719743;218355707;11786372;13754799;4672660;2592346;2274145;8628797;43709119;83648876;33186417;11320184;0;444178;128599655;172308774;11981625;114211658;22491773;-108175760;0;5537637;46046933;218355707;
5965;891800111;2019-12-31;2019;MILES;21969745;43536341;109005402;307864194;482375682;302659358;1951000;0;27801643;1951000;334363001;816738683;57406796;229353932;0;12393000;24704059;23681320;347539107;154788435;0;0;0;19274710;174063145;521602252;720368593;84461006;-2217171;-522464591;0;14988594;295136431;816738683;
5966;891800111;2019-12-31;2018;MILES;91858774;63754879;120786267;191659725;468059645;359380821;698000;0;86380055;698000;447156876;915216521;160840186;163224928;0;14952000;53603239;13850449;406470802;58437282;0;0;0;11955558;70392840;476863642;720368593;84461006;-1795392;-525983922;0;161302594;438352879;915216521;
5967;800127132;2019-12-31;2019;MILES;1630671;0;17111841;36476533;55219045;13471957;9198981;0;-7977092;9198981;23892827;79111872;83786;5731948;3027146;0;5166921;0;14009801;19288;0;1652272;0;26329;1697889;15707690;1998548;17247094;5818523;38340017;0;0;63404182;79111872;
5968;800127132;2019-12-31;2018;MILES;3484761;0;15107953;32144722;50737436;13757193;9001937;0;-7655263;9001937;24105804;74843240;0;5808204;3309238;0;3782773;0;12900215;0;0;1822629;0;70874;1893503;14793718;1998548;17247094;5818523;34985357;0;0;60049522;74843240;
5969;830112404;2019-12-31;2019;MILES;26073;52977;627227;0;706277;676437;320760;1004500;8173625;320760;10496082;11202359;0;39799;0;1631;588;0;42018;0;2073725;699282;0;0;2773007;2815025;117500;2838172;5377166;-402771;0;457267;8387334;11202359;
5970;830112404;2019-12-31;2018;MILES;24164;19458;1133628;0;1177250;741429;320760;1004500;7956642;320760;10344091;11521341;0;67340;0;812;5268;0;73420;0;2777106;84445;0;0;2861551;2934971;111000;2650230;4407711;961533;0;455896;8586370;11521341;
5971;900522845;2019-12-31;2019;MILES;41217;386222;14029230;0;14456669;47979828;0;0;265774045;0;313753873;328210542;0;24657767;0;0;0;0;24657767;0;59119738;20544453;0;0;79664191;104321958;26283;34644919;8882415;20158132;0;160176835;223888584;328210542;
5972;900522845;2019-12-31;2018;MILES;36330;336939;13056895;0;13430164;54378515;287477;0;261899655;287477;316853124;330283288;0;25897578;0;0;0;200159;26097737;0;63944547;21720168;0;0;85664715;111762452;26282;29928205;8882415;15267051;0;164416883;218520836;330283288;
5973;900462511;2019-12-31;2019;MILES;59838267;14514277;125868437;105514663;305735644;74538408;1250753;0;395019897;1250753;472059811;777795455;11116330;74267954;58575895;21471891;0;1510614;166942684;321624034;0;55737304;0;7986814;385348152;552290836;215190616;257401119;-1747686;-245339430;0;0;225504619;777795455;
5974;900462511;2019-12-31;2018;MILES;54491901;8534569;108090880;163792483;334909833;37146129;0;0;394317084;0;431463213;766373046;108447156;56035285;32625480;16996976;0;1086535;215191432;289701500;0;21697982;0;8249500;319648982;534840414;215190616;257401119;-409531;-240649572;0;0;231532632;766373046;
5975;800229035;2019-12-31;2019;MILES;67265403;48198558;116719641;113606780;345790382;391694091;14105007;0;8569573;14105007;428473678;774264060;14061492;161918712;0;2735316;28159;1703846;180447525;64421322;361856759;0;0;0;426278081;606725606;1644480;101660113;1877998;62355863;0;0;167538454;774264060;
5976;800229035;2019-12-31;2018;MILES;22935080;34653226;175749049;109342347;342679702;366279679;13945028;0;11712915;13945028;405882650;748562352;14087623;186957168;0;2818784;58627;2980562;206902764;40728900;358492754;0;0;0;399221654;606124418;1644480;101660113;1377936;37755405;0;0;142437934;748562352;
5977;800141506;2019-12-31;2019;MILES;910610;6434323;40619085;86008548;133972566;63498544;0;0;64045921;0;127544465;261517031;46061478;34015741;0;1526632;1907815;25091973;108603639;40255753;0;0;4715461;0;44971214;153574853;10044040;16500000;39113591;42284547;0;0;107942178;261517031;
5978;800141506;2019-12-31;2018;MILES;999603;4783320;29230401;82890352;117903676;64037713;0;0;54985628;0;119023341;236927017;56163181;31524800;0;1373212;907140;26658491;116626824;31459864;0;0;4402598;0;35862462;152489286;3017616;2500000;42479564;36440551;0;0;84437731;236927017;
5979;901084632;2019-12-31;2019;MILES;197001;0;14277581;0;14474582;0;0;7455198;19929399;0;27384597;41859179;341232;746333;0;0;42235;3700000;4829800;0;5370531;15960;0;0;5386491;10216291;10000;0;52014750;-20381862;0;0;31642888;41859179;
5980;901084632;2019-12-31;2018;MILES;31041;0;11461122;0;11492163;0;0;4750000;21520511;0;26270511;37762674;2897136;825;0;0;3812;0;2901773;0;0;0;0;0;0;2901773;10000;0;50238348;-15387447;0;0;34860901;37762674;
5981;860048112;2019-12-31;2019;MILES;7656577;571382;12704553;64669855;85602367;15898292;12482273;0;-2675852;12482273;38186986;123789353;45415411;19031165;0;0;594497;0;65041073;11336610;3084643;127751;0;407053;14956057;79997130;5668469;5650146;3189819;19043340;0;10240449;43792223;123789353;
5982;860048112;2019-12-31;2018;MILES;6332963;1268464;7994201;72224519;87820147;3302931;2724543;12639603;23517807;2724543;44909427;132729574;46296015;19628786;0;0;505278;0;66430079;16557869;5786453;22167;0;548832;22915321;89345400;5668469;5650146;3189819;18635291;0;10240449;43384174;132729574;
5983;811011909;2019-12-31;2019;MILES;3168424;488124;9446013;20114067;33216628;9754797;0;0;4373639;0;14128436;47345064;9202528;13000052;0;347470;1478867;0;24028917;6109045;0;121372;0;0;6230417;30259334;2600000;6364217;-145762;8267275;0;0;17085730;47345064;
5984;811011909;2019-12-31;2018;MILES;1884526;410300;7684546;22682306;32661678;9605715;0;0;4321809;0;13927524;46589202;12008455;11252627;0;256740;814718;0;24332540;6039612;0;29245;0;0;6068857;30401397;2600000;6364217;263494;6960094;0;0;16187805;46589202;
5985;860042603;2019-12-31;2019;MILES;568906;9444231;29031469;3503908;42548514;18007228;0;591067;2733335;0;21331630;63880144;787268;7980895;5508792;785548;2101357;2141684;19305544;6698371;42735473;2733335;0;0;52167179;71472723;1000000;29002531;766528;-38361857;0;219;-7592579;63880144;
5986;860042603;2019-12-31;2018;MILES;2546568;9243689;30626114;5502978;47919349;31528850;0;597267;2898733;0;35024850;82944199;1088705;6762537;6037953;813294;1438277;4272551;20413317;5211490;41907883;2898733;0;0;50018106;70431423;1000000;29002531;582293;-18072267;0;219;12512776;82944199;
5987;817001528;2019-12-31;2019;MILES;856938;4824577;14342026;12616516;32640057;58278273;0;0;30158417;0;88436690;121076747;4037266;45805120;756458;930028;1269376;104701;52902949;1975825;0;1748527;0;1779229;5503581;58406530;22828160;0;12800912;27041145;0;0;62670217;121076747;
5988;817001528;2019-12-31;2018;MILES;1886900;1520613;19728509;11493627;34629649;71102400;0;0;15079478;0;86181878;120811527;3450427;48417627;0;914242;1555160;2744069;57081525;3502281;0;1857535;0;255434;5615250;62696775;22828160;0;1674037;33612555;0;0;58114752;120811527;
5989;811027317;2019-12-31;2019;MILES;3053185;5484096;18395055;10453507;37385843;633197;529360;0;5328678;529360;7020595;44406438;5960544;13079192;0;315610;565682;68306;19989334;3719298;2849795;731006;0;0;7300099;27289433;10000000;327581;3467949;3312184;0;9291;17117005;44406438;
5990;811027317;2019-12-31;2018;MILES;1804749;4865187;18271989;17145859;42087784;710012;1030673;0;3921756;1030673;6693114;48780898;18447707;11546692;0;264289;141906;185452;30586046;2818647;0;676227;0;0;3494874;34080920;10000000;327581;3467949;895157;0;9291;14699978;48780898;
5991;901015072;2019-12-31;2019;MILES;388756;0;0;0;388756;0;7608;0;62267615;7608;62282831;62671587;0;0;0;0;547;0;547;0;2759883;0;0;0;2759883;2760430;44582424;0;5678413;9650320;0;0;59911157;62671587;
5992;901015072;2019-12-31;2018;MILES;2421;0;0;0;2421;0;5741;0;57053899;5741;57065381;57067802;0;1858;0;0;1395;0;3253;0;4924378;0;0;0;4924378;4927631;44582424;0;2514568;5043179;0;0;52140171;57067802;
5993;800027374;2019-12-31;2019;MILES;815450;3349888;28858158;14757820;47781316;32986718;612631;5137505;4820215;612631;44169700;91951016;17002999;13732819;0;25000;3633253;3594536;37988607;15553815;0;4289016;0;0;19842831;57831438;216250;0;14820004;9127271;0;9956053;34119578;91951016;
5994;800027374;2019-12-31;2018;MILES;1309895;3474939;26188538;16955488;47928860;34850475;263863;2393056;1038315;263863;38809572;86738432;16019336;15301931;0;15000;2375863;3277120;36989250;15673670;0;3164820;0;0;18838490;55827740;216250;0;14825024;5913365;0;9956053;30910692;86738432;
5995;860002837;2019-12-31;2019;MILES;4930957;24429331;51668286;94469508;175498082;5319362;0;5058124;46702191;0;57079677;232577759;66279918;35563515;0;1362921;455841;27993221;131655416;9835000;0;0;0;420083;10255083;141910499;556559;16545634;12901022;52585571;0;8078474;90667260;232577759;
5996;860002837;2019-12-31;2018;MILES;6449905;30072250;43588233;103755727;183866115;619107;0;4861978;45693280;0;51174365;235040480;65666972;53904722;0;844755;752900;24315300;145484649;12272400;0;0;0;516800;12789200;158273849;505212;10948840;13474406;51838173;0;0;76766631;235040480;
5997;860031699;2019-12-31;2019;MILES;3016787;1613659;4262875;11279959;20173280;12154677;0;1252759;5746081;0;19153517;39326797;100099;7655930;33182;0;377585;0;8166796;0;0;0;0;520448;520448;8687244;31209234;0;3598806;-4168487;0;0;30639553;39326797;
5998;860031699;2019-12-31;2018;MILES;3152670;1123558;6572039;9783192;20631459;11858534;0;1180874;4259074;0;17298482;37929941;117008;3403908;252582;0;572853;0;4346351;0;5879029;1419152;0;445213;7743394;12089745;31209234;0;3761126;-9130164;0;0;25840196;37929941;
5999;890903295;2019-12-31;2019;MILES;62728333;11927224;67463506;2423300;144542363;125144059;93693;220379;14062998;93693;139614822;284157185;30540351;42200363;1955433;10902346;5015902;18923;90633318;54285645;0;121191;0;10982439;65389275;156022593;348619;15535399;7108697;88336291;0;16805586;128134592;284157185;
6000;890903295;2019-12-31;2018;MILES;48955611;12588663;67055251;1442590;130042115;44318666;127587;173900;13363653;127587;58111393;188153508;1443986;42344481;1400244;9442282;5005126;9381;59645500;3167816;0;2026452;0;9934059;15128327;74773827;348619;15535399;7108697;74530130;0;15856836;113379681;188153508;
6001;900386417;2019-12-31;2019;MILES;11617161;8148015;81535910;27032039;128333125;41461498;13179704;0;3253544;13179704;71074450;199407575;2891661;37535298;8769556;3653938;19332165;1224256;73406874;10857373;0;1264524;0;712833;12834730;86241604;1062924;0;4543209;59775625;0;47784213;113165971;199407575;
6002;900386417;2019-12-31;2018;MILES;15645374;73651;60140353;20872695;96732073;36846264;100700;0;14753146;100700;51800810;148532883;1818227;20720168;8905371;2322966;13679111;717244;48163087;12054353;0;0;0;608855;12663208;60826295;1000000;0;4095957;36022143;0;46588488;87706588;148532883;
6003;800249805;2019-12-31;2019;MILES;799762;1102110;238779;0;2140651;117938;0;0;971379;0;1089317;3229968;992918;717534;0;125658;195686;0;2031796;482776;0;13871;0;0;496647;2528443;220000;0;110000;322727;0;48798;701525;3229968;
6004;800249805;2019-12-31;2018;MILES;560321;1240648;613576;0;2414545;149436;0;0;398920;0;548356;2962901;1276415;672305;0;123053;178567;0;2250340;0;0;15976;0;0;15976;2266316;220000;0;110000;329705;0;36880;696585;2962901;
6005;830057706;2019-12-31;2019;MILES;21801284;25875006;37415378;29108583;114200251;5955431;13574591;0;-12594989;13574591;20509624;134709875;85343596;29481353;759492;674016;4444616;594850;121297923;2260678;0;0;0;0;2260678;123558601;22314537;30106617;0;-41269880;0;0;11151274;134709875;
6006;830057706;2019-12-31;2018;MILES;18871964;23836251;40879574;27970133;111557922;1947838;14243506;0;-13079387;14243506;17355463;128913385;0;111199585;2611037;234170;5356636;0;119401428;0;0;0;0;0;0;119401428;22314537;30106617;0;-42909197;0;0;9511957;128913385;
6007;900348144;2019-12-31;2019;MILES;42;9472;21300306;1051911;22361731;0;49700713;8156627;-44153005;49700713;63405048;85766779;1092452;36587331;0;0;39;0;37679822;2549055;36860490;0;0;2749;39412294;77092116;210010;0;11284964;-2820311;0;0;8674663;85766779;
6008;900348144;2019-12-31;2018;MILES;42;8757;1754688;0;1763487;0;34686542;1873163;-25477569;34686542;45768678;47532165;1079282;36246810;0;0;12222;0;37338314;2518324;0;0;0;2749;2521073;39859387;210010;0;11284964;-3822196;0;0;7672778;47532165;
6009;800249704;2019-12-31;2019;MILES;5159522;6148223;15601118;19584102;46492965;30854634;0;0;4824048;0;35678682;82171647;23398164;7294687;982903;1568214;11554530;9857543;54656041;18428613;0;0;0;0;18428613;73084654;25951711;6340454;801391;-24006563;0;0;9086993;82171647;
6010;800249704;2019-12-31;2018;MILES;18435665;4064543;11604920;26331960;60437088;13577472;0;0;5199580;0;18777052;79214140;26449367;5874758;1660175;1370773;8104160;14483627;57942860;0;0;0;0;0;0;57942860;25951711;6340454;801391;-11822276;0;0;21271280;79214140;
6011;900010692;2019-12-31;2019;MILES;696508;5339679;29128682;29555710;64720579;30300052;0;0;9236344;0;39536396;104256975;7434920;52718110;838732;277238;1646046;196592;63111638;13351285;0;4437553;0;0;17788838;80900476;2000000;0;58100;15921713;0;5376686;23356499;104256975;
6012;900010692;2019-12-31;2018;MILES;1660537;5831192;37544371;36799271;81835371;28896578;0;0;11409976;0;40306554;122141925;7434761;79259702;747140;247166;1896815;279527;89865111;12911734;0;3722592;0;0;16634326;106499437;2000000;0;58100;9663186;0;3921202;15642488;122141925;
6013;805004835;2019-12-31;2019;MILES;2006651;0;10408661;1500732;13916044;5323269;111962;0;22245388;111962;27792581;41708625;0;3099014;0;730858;137302;297006;4264180;0;0;1576902;0;1459338;3036240;7300420;12644323;53364259;271603;-31915883;0;43903;34408205;41708625;
6014;805004835;2019-12-31;2018;MILES;873160;0;11402750;4196753;16472663;5502696;6851;0;32574931;6851;38091329;54563992;0;6496918;0;731288;664290;297006;8189502;0;0;1639660;0;1427798;3067458;11256960;12644323;53364259;271603;-23017056;0;43903;43307032;54563992;
6015;901009415;2019-12-31;2019;MILES;607;0;363688;0;364295;75066;6648887;36941235;-6648887;6648887;43665188;44029483;0;500634;0;0;69335;0;569969;0;8466000;0;0;0;8466000;9035969;316947;0;500000;34176567;0;0;34993514;44029483;
6016;901009415;2019-12-31;2018;MILES;84237;0;121364;0;205601;0;10556570;39840043;-10556570;10556570;50396613;50602214;0;1070668;0;0;92256;0;1162924;0;5136007;0;0;0;5136007;6298931;314947;0;500000;43488336;0;0;44303283;50602214;
6017;800013834;2019-12-31;2019;MILES;665751;2271272;172262959;73817100;249017082;34476729;68182028;0;68195986;68182028;239036771;488053853;111741510;65613404;0;3479874;1071591;3227850;185134229;88467592;42131138;6371758;0;0;136970488;322104717;4301843;0;6044950;112553042;0;43049301;165949136;488053853;
6018;800013834;2019-12-31;2018;MILES;3233723;2202756;158527357;73556569;237520405;24370730;57469455;0;77608850;57469455;216918490;454438895;87806121;55552848;0;3702047;1310487;8013917;156385420;92877100;24948065;5014630;0;0;122839795;279225215;4301843;0;6044950;121817586;0;43049301;175213680;454438895;
6019;901196014;2019-12-31;2019;MILES;2380949;111081214;503;0;113462666;8525;0;0;1758429109;0;1758437634;1871900300;0;10179023;0;0;0;0;10179023;0;0;67171339;0;0;67171339;77350362;197258000;1377306000;3234;219982704;0;0;1794549938;1871900300;
6020;901196014;2019-12-31;2018;MILES;273415;0;0;0;273415;0;3352;0;1602810480;3352;1602817184;1603090599;0;6133857;0;0;0;0;6133857;0;0;52637943;0;0;52637943;58771800;185889000;1297723000;0;60706799;0;0;1544318799;1603090599;
6021;860008278;2019-12-31;2019;MILES;55386;3198;0;0;58584;0;1651550;0;6886318;1651550;10189418;10248002;0;0;0;0;12;6;18;0;0;0;0;0;0;18;100625;196576;2912396;7038387;0;0;10247984;10248002;
6022;860008278;2019-12-31;2018;MILES;41263;0;87313;0;128576;0;1651550;0;6869226;1651550;10172326;10300902;0;0;0;0;19597;0;19597;0;0;0;0;0;0;19597;100625;196576;2395966;7588138;0;0;10281305;10300902;
6023;819004712;2019-12-31;2019;MILES;4864876;11175049;160347379;51038601;227425905;151649291;147061966;0;11894447;147061966;457667670;685093575;83236248;105138774;0;2501356;3761136;83104901;277742415;185856355;58920885;0;0;0;244777240;522519655;249026;12545420;124513;-33087290;0;182742251;162573920;685093575;
6024;819004712;2019-12-31;2018;MILES;3661340;15661533;114062012;39537452;172922337;149874989;160571187;0;-13301648;160571187;457715715;630638052;108619092;93453508;0;2548340;9524152;60638905;274783997;136686366;36515019;0;0;0;173201385;447985382;249026;12545420;124513;-7226978;0;176960689;182652670;630638052;
6025;860008414;2019-12-31;2019;MILES;234175;3083;0;0;237258;0;1694011;0;9115247;1694011;12503269;12740527;0;0;0;0;80;0;80;0;0;0;0;0;0;80;171083;218064;6475365;5875935;0;0;12740447;12740527;
6026;860008414;2019-12-31;2018;MILES;254624;0;45011;0;299635;0;1694011;0;9107280;1694011;12495302;12794937;0;0;0;0;22655;0;22655;0;0;0;0;0;0;22655;171083;218064;6021636;6361499;0;0;12772282;12794937;
6027;860035996;2019-12-31;2019;MILES;3136846;9664349;42620484;0;55421679;4719984;0;12568;94134;0;4826686;60248365;0;14040368;0;1927181;4349395;0;20316944;0;1813624;4362;0;881641;2699627;23016571;4735341;0;2407650;30088803;0;0;37231794;60248365;
6028;860035996;2019-12-31;2018;MILES;3757918;8149217;47894212;0;59801347;5499830;0;12568;1006387;0;6518785;66320132;0;14131473;0;1727141;6391606;0;22250220;0;11160370;0;0;1379536;12539906;34790126;4735341;0;2407650;24387015;0;0;31530006;66320132;
6029;800118334;2019-12-31;2019;MILES;707460;1863059;36612381;26761653;65944553;29345633;1023432;0;10394654;1023432;41787151;107731704;17564637;20411322;2552861;1514450;0;9904;42053174;0;0;1445495;0;0;1445495;43498669;1592910;15330493;822614;46487018;0;0;64233035;107731704;
6030;800118334;2019-12-31;2018;MILES;861562;3089925;34799589;30005157;68756233;30548414;1014479;0;10260990;1014479;42838362;111594595;21999100;19708163;2224727;1593045;0;8151;45533186;0;0;3222733;0;0;3222733;48755919;1592910;15333076;822614;45090076;0;0;62838676;111594595;
6031;860013652;2019-12-31;2019;MILES;12669007;5062141;55748925;0;73480073;0;0;22960184;2015848863;0;2038809047;2112289120;0;124191;0;131337;1035500;10823333;12114361;0;0;2288625;0;0;2288625;14402986;53433;6657917;882603233;1208571551;0;0;2097886134;2112289120;
6032;860013652;2019-12-31;2018;MILES;4008936;0;99245313;0;103254249;0;0;22960184;1931927806;0;1954887990;2058142239;0;4894968;0;86705;70588;8055282;13107543;0;0;2288625;0;0;2288625;15396168;53433;6657917;822013693;1214021028;0;0;2042746071;2058142239;
6033;860002304;2019-12-31;2019;MILES;154527709;54868592;71715120;471230990;752342411;529864838;0;70243745;164480679;0;764589262;1516931673;28163834;495929009;97426600;16263470;41275425;0;679058338;42320;0;0;0;44530669;44572989;723631327;1105063;9958948;454225150;328011185;0;0;793300346;1516931673;
6034;860002304;2019-12-31;2018;MILES;206030216;66788640;122898061;417851270;813568187;251331462;0;16527940;183055283;0;450914685;1264482872;31690621;573477962;144999362;16068222;57734257;0;823970424;42320;0;0;0;37440796;37483116;861453540;1105063;9958948;107049434;284915887;0;0;403029332;1264482872;
6035;890900122;2019-12-31;2019;MILES;29346;2943;0;0;32289;0;970425;0;8470746;970425;10411596;10443885;0;0;0;0;7;0;7;0;0;0;0;0;0;7;112814;231530;3113331;6986203;0;0;10443878;10443885;
6036;890900122;2019-12-31;2018;MILES;30400;0;45011;0;75411;0;970425;0;8464824;970425;10405674;10481085;0;0;0;0;9912;0;9912;0;0;0;0;0;0;9912;112814;231530;2654151;7472678;0;0;10471173;10481085;
6037;900377163;2019-12-31;2019;MILES;54453937;15537352;48814309;0;118805598;829372029;0;0;775693045;0;1605065074;1723870672;167873820;48140451;4340611;0;12387007;0;232741889;1039656775;0;0;0;118365058;1158021833;1390763722;47646050;729760127;1078316;-445377543;0;0;333106950;1723870672;
6038;900377163;2019-12-31;2018;MILES;73476213;10482109;61305893;0;145264215;839397185;0;0;381273870;0;1220671055;1365935270;30000000;53394988;4416203;0;11768709;0;99579900;775578292;0;0;0;112905760;888484052;988063952;47007990;666592127;1078316;-400613175;0;63806060;377871318;1365935270;
6039;860005331;2019-12-31;2019;MILES;13445;6504314;25997265;362642;32877666;939298;75261;0;77484;75261;1167304;34044970;0;6927991;0;0;166308;26596797;33691096;0;239274;0;0;250047;489321;34180417;25000;3996425;699491;-4856363;0;0;-135447;34044970;
6040;860005331;2019-12-31;2018;MILES;8189;988348;904276;466443;2367256;1104708;69654;0;29703;69654;1273719;3640975;0;3092655;0;0;263303;0;3355958;0;246409;87191;0;247426;581026;3936984;25000;3996425;721851;-5039285;0;0;-296009;3640975;
6041;890910354;2019-12-31;2019;MILES;1300231;14114714;41899014;28252770;85566729;47112442;0;1451768;1024752;0;49588962;135155691;28903037;10831940;0;755579;5057575;857106;46405237;6964245;9886310;0;218426;4140087;21209068;67614305;3000000;0;12389202;43612352;0;8539832;67541386;135155691;
6042;890910354;2019-12-31;2018;MILES;12762618;14035175;34740410;20068051;81606254;43041669;0;1454373;1161964;0;45658006;127264260;28109769;14613707;0;671566;6640322;964334;50999698;9679741;9964096;0;0;5286098;24929935;75929633;3000000;0;12389202;28848553;0;7096872;51334627;127264260;
6043;800070993;2019-12-31;2019;MILES;69281;2129792;9529913;2943952;14672938;62345013;1406354;0;1489042;1406354;66646763;81319701;6488184;5179939;0;835106;674580;12041;13189850;18929539;7148620;8721422;3114981;0;37914562;51104412;3330000;370000;8129573;9270102;0;9115614;30215289;81319701;
6044;800070993;2019-12-31;2018;MILES;1815710;1998194;12917760;2241333;18972997;60058611;0;0;1111673;0;61170284;80143281;9581599;4515764;0;724175;648669;77083;15547290;16102663;6777229;9007938;3114981;0;35002811;50550101;3330000;370000;8129573;8647993;0;9115614;29593180;80143281;
6045;860524513;2019-12-31;2019;MILES;548810;0;62842735;0;63391545;4364317;0;0;174881;0;4539198;67930743;21284279;45251457;0;0;0;0;66535736;3078875;0;0;0;0;3078875;69614611;3760000;1250000;115190;-6809058;0;0;-1683868;67930743;
6046;860524513;2019-12-31;2018;MILES;872072;0;44905204;0;45777276;1379571;0;0;216046;0;1595617;47372893;21783721;23647731;0;0;0;0;45431452;0;0;0;0;0;0;45431452;3760000;1250000;115190;-3183749;0;0;1941441;47372893;
6047;860028601;2019-12-31;2019;MILES;66849782;3443280;386149139;0;456442201;1472826;550482688;98090;-452458891;550482688;650077401;1106519602;353777859;13870629;0;1656342;7845162;3053954;380203946;305763265;0;0;0;6537268;312300533;692504479;9000274;108340732;250591745;45887290;0;195082;414015123;1106519602;
6048;860028601;2019-12-31;2018;MILES;52312570;2548210;376394497;0;431255277;1133680;561172275;100030;-488496774;561172275;635081486;1066336763;346202894;10238126;0;1268496;2952537;2638514;363300567;307010113;0;0;0;2684948;309695061;672995628;9000274;108340732;239729083;36088566;0;182480;393341135;1066336763;
6049;860526606;2019-12-31;2019;MILES;347341;1267564;20577420;17765389;39957714;12278464;35561929;0;-19603702;35561929;63798620;103756334;19277044;16927605;0;488402;0;2299302;38992353;4274173;0;3994757;0;0;8268930;47261283;1000000;0;11493323;44001728;0;0;56495051;103756334;
6050;860526606;2019-12-31;2018;MILES;2246235;547589;15913296;14085505;32792625;12445527;23986050;0;-13406259;23986050;47011368;79803993;10285594;10394754;0;404505;0;8604;21093457;5768200;0;3476789;0;832022;10077011;31170468;1000000;0;6653465;40980060;0;0;48633525;79803993;
6051;900966105;2019-12-31;2019;MILES;101090;1515366;20079763;16027709;37723928;345355;0;0;1635571;0;1980926;39704854;283673;37203154;0;217838;212839;0;37917504;0;0;59586;0;28772;88358;38005862;6031000;0;-11182;-4320826;0;0;1698992;39704854;
6052;900966105;2019-12-31;2018;MILES;719774;1704754;14978410;10939906;28342844;387105;0;0;1936119;0;2323224;30666068;0;28048783;0;160907;202959;0;28412649;0;0;6876;0;18039;24915;28437564;6031000;0;-9881;-3792615;0;0;2228504;30666068;
6053;900553004;2019-12-31;2019;MILES;1125634;1471325;54245587;414178;57256724;3344210;0;23484736;65763675;0;92592621;149849345;6319946;60744337;0;791560;1460304;16594603;85910750;0;0;4902566;0;1320482;6223048;92133798;15634170;0;1271332;3540910;0;37269135;57715547;149849345;
6054;900553004;2019-12-31;2018;MILES;138014;63875;67868100;0;68069989;5938806;0;23399745;53485476;0;82824027;150894016;4003903;48048664;0;213153;876732;11340521;64482973;0;0;1502194;0;838829;2341023;66823996;15634170;0;1271332;12561572;0;54602946;84070020;150894016;
6055;830501113;2019-12-31;2019;MILES;749;62786;4774316;0;4837851;116466;0;20079424;24690430;0;44886320;49724171;15833939;0;0;9765;0;1222014;17065718;0;0;877272;0;0;877272;17942990;2774173;0;1098673;27908335;0;0;31781181;49724171;
6056;830501113;2019-12-31;2018;MILES;5229;0;25417460;0;25422689;0;0;16076823;20683180;0;36760003;62182692;30308972;0;0;0;142892;36341;30488205;0;0;877272;0;0;877272;31365477;2774173;0;1033495;27009547;0;0;30817215;62182692;
6057;901193512;2019-12-31;2019;MILES;0;0;0;0;0;0;0;0;5275022;0;5275022;5275022;0;1713;0;0;0;0;1713;0;0;0;0;0;0;1713;140486;0;0;-1713;0;5134536;5273309;5275022;
6058;901193512;2019-12-31;2018;MILES;0;0;0;0;0;0;0;0;5275022;0;5275022;5275022;0;0;0;0;0;0;0;0;0;0;0;0;0;0;140486;0;0;0;0;5134536;5275022;5275022;
6059;900411117;2019-12-31;2019;MILES;3622;12317;0;0;15939;0;10149728;0;59809581;10149728;80109037;80124976;0;520;0;0;8275;0;8795;0;13277780;0;0;0;13277780;13286575;7000000;0;58346684;532203;0;959514;66838401;80124976;
6060;900411117;2019-12-31;2018;MILES;11181;9930;0;0;21111;0;0;0;51155903;0;51155903;51177014;0;0;0;0;1;0;1;0;2977494;32125;0;0;3009619;3009620;7000000;0;38452152;1755728;0;959514;48167394;51177014;
6061;860001307;2019-12-31;2019;MILES;74626634;6329170;97367264;448092255;626415323;196209700;0;8840573;94297562;0;299347835;925763158;149079511;211211895;1296817;7575690;39093068;16824480;425081461;76914367;1356547;58469502;0;28211268;164951684;590033145;6000000;0;183525888;41987794;0;104216331;335730013;925763158;
6062;860001307;2019-12-31;2018;MILES;11760933;4906594;78774631;392092565;487534723;199073921;0;8746408;32262256;0;240082585;727617308;70869078;158936169;1036849;8248034;44511847;0;283601977;64146976;2378978;41579252;0;4135785;112240991;395842968;6000000;0;155058711;60209413;0;110506216;331774340;727617308;
6063;900418536;2019-12-31;2019;MILES;263855;1490852;380589;1798479;3933775;137929;0;0;14945008;0;15082937;19016712;4565571;2902791;59939;149545;88540;0;7766386;2000000;0;484316;0;4586991;7071307;14837693;1500000;2030000;88445;560574;0;0;4179019;19016712;
6064;900418536;2019-12-31;2018;MILES;70290;8117378;421542;4263560;12872770;1461991;0;0;3715219;0;5177210;18049980;4713892;2263666;368258;158019;463939;2941831;10909605;2000000;0;478053;0;535675;3013728;13923333;1500000;2030000;69745;526902;0;0;4126647;18049980;
6065;800142811;2019-12-31;2019;MILES;1430214;976168;10202589;8026407;20635378;7254795;0;4995000;3818703;0;16068498;36703876;12711;6479824;82021;157244;104866;5360;6842026;0;0;2250930;0;0;2250930;9092956;561900;0;120000;19437323;0;7491697;27610920;36703876;
6066;800142811;2019-12-31;2018;MILES;4892517;478091;8956997;7442522;21770127;8905531;0;5955504;3046851;0;17907886;39678013;15433;2291420;9919;176947;136041;24437;2654197;0;0;2231752;0;0;2231752;4885949;279780;0;120000;26922251;0;7470033;34792064;39678013;
6067;800146616;2019-12-31;2019;MILES;51365476;123085575;18814065;0;193265116;13594521;0;8458410;301896676;0;323949607;517214723;1270103;205822;0;212383;2336758;79044;4104110;85557822;0;5097181;0;0;90655003;94759113;4000000;0;89663090;206554522;0;122237998;422455610;517214723;
6068;800146616;2019-12-31;2018;MILES;76378212;83676922;6384037;0;166439171;27932048;0;5876543;276974451;0;310783042;477222213;303566;62293;0;313469;1864133;93819;2637280;90299060;0;5610309;0;0;95909369;98546649;4000000;0;72324628;178579361;0;123771575;378675564;477222213;
6069;800150267;2019-12-31;2019;MILES;187517;21845097;9035969;8860214;39928797;22787593;0;6928568;22534796;0;52250957;92179754;1790850;8073482;360321;459640;1027747;1390776;13102816;29956871;143741;1479156;0;0;31579768;44682584;13487000;0;628923;-5972097;0;39353344;47497170;92179754;
6070;800150267;2019-12-31;2018;MILES;1059923;31670609;13409759;10188768;56329059;23883241;0;7696873;32642058;0;64222172;120551231;2538330;13195642;156251;417719;968693;815086;18091721;27590845;143741;1575744;0;0;29310330;47402051;13487000;0;628923;-6546903;0;65580160;73149180;120551231;
6071;860061173;2019-12-31;2019;MILES;361103;3343372;864325;0;4568800;200362263;0;0;31188242;0;231550505;236119305;3930511;155886;0;0;275076;0;4361473;75860451;36768285;0;0;0;112628736;116990209;8165700;0;4513356;10922159;0;95527881;119129096;236119305;
6072;860061173;2019-12-31;2018;MILES;195522;4088939;1663103;0;5947564;155392472;0;0;29951518;0;185343990;191291554;4257877;5525652;0;0;403396;0;10186925;79149572;25318701;0;0;0;104468273;114655198;8165700;0;4193618;8974270;0;55302768;76636356;191291554;
6073;800047031;2019-12-31;2019;MILES;28327210;4353911;16773356;34124557;83579034;115730261;12558783;19557678;315890283;12558783;476295788;559874822;76515;33577818;0;1535080;5736291;25819400;66745104;47398;0;23849642;0;4401906;28298946;95044050;47410196;102471790;134704635;180244151;0;0;464830772;559874822;
6074;800047031;2019-12-31;2018;MILES;23513535;1672886;16735292;36886419;78808132;115315541;9789594;19758188;281533793;9789594;436186710;514994842;120007;41211192;0;1868938;13652250;25107228;81959615;64470;0;23560550;0;1017000;24642020;106601635;47410196;102471790;69407240;189103981;0;0;408393207;514994842;
6075;900082107;2019-12-31;2019;MILES;2174220;0;71055509;91739865;164969594;1367742;0;24864939;54495690;0;80728371;245697965;0;10902156;0;1072800;676998;0;12651954;0;58068737;5783174;0;132530795;196382706;209034660;3027834;0;3996459;404285;0;29234727;36663305;245697965;
6076;900082107;2019-12-31;2018;MILES;2945701;182500;28115097;122041102;153284400;1967733;0;28011741;15021067;0;45000541;198284941;0;12862109;0;789445;443948;0;14095502;0;50606503;3457908;0;102658993;156723404;170818906;3027834;0;1858301;2157078;0;20422822;27466035;198284941;
6077;813000008;2019-12-31;2019;MILES;1274272;7493811;11999034;1129059;21896176;35035084;4067285;805007;3427572;4067285;47402233;69298409;336626;5303645;0;567986;5042584;94399;11345240;843584;25467982;2690151;0;0;29001717;40346957;6650000;0;1288057;7575522;0;13437873;28951452;69298409;
6078;813000008;2019-12-31;2018;MILES;3128222;3528513;11438196;1254709;19349640;34252051;2292818;805007;4429219;2292818;44071913;63421553;396189;4502120;0;436769;2580928;29422;7945428;1270776;26573693;2179253;0;130722;30154444;38099872;6650000;0;1288057;3706682;0;13676942;25321681;63421553;
6079;891300238;2019-12-31;2019;MILES;8691421;32960100;73540162;24933454;140125137;913198348;595124;0;84327508;595124;998716104;1138841241;24069978;62437986;1754913;13639102;12536258;4204609;118642846;160799526;0;95577148;0;50654850;307031524;425674370;12654;998415;175588223;537038414;0;-470835;713166871;1138841241;
6080;891300238;2019-12-31;2018;MILES;5297286;24303724;78487168;25210324;133298502;896093472;411660;0;79899068;411660;976815860;1110114362;29711255;54012889;652958;12428724;10617554;255177;107678557;183436411;0;95494834;0;39912336;318843581;426522138;12654;998415;156912489;526030689;0;-362023;683592224;1110114362;
6081;890102110;2019-12-31;2019;MILES;12415919;0;95764064;38637550;146817533;133920103;10051208;1895400;18547162;10051208;174465081;321282614;10992338;27893205;34222667;1936002;1298687;78242391;154585290;68860257;4320;0;0;6990508;75855085;230440375;16964117;10505433;10938366;-34878325;0;87312648;90842239;321282614;
6082;890102110;2019-12-31;2018;MILES;6642978;0;109254843;37741385;153639206;140952540;13879417;1895400;12258487;13879417;182865261;336504467;65718204;27459701;17046127;2238372;1481614;84535412;198479430;38239430;0;0;0;13042237;51281667;249761097;16964117;10505433;10938366;-38293900;0;86629354;86743370;336504467;
6083;860005080;2019-12-31;2019;MILES;7707678;5783226;29759425;22092055;65342384;42864664;0;26047816;12242847;0;81155327;146497711;17135057;26280575;200004;1366563;1825527;4505572;51313298;23949577;3491492;9215958;0;765588;37422615;88735913;8000000;0;5593033;39628518;0;4540247;57761798;146497711;
6084;860005080;2019-12-31;2018;MILES;13272236;6291009;31385984;19688200;70637429;50205758;4333002;25160839;2968078;4333002;87000679;157638108;8712762;36774358;86574;1287151;1464714;5113116;53438675;30800743;5216857;9483848;0;711327;46212775;99651450;8000000;0;5570892;40467950;0;3947816;57986658;157638108;
6085;900148608;2019-12-31;2019;MILES;1131278;2663982;960982;0;4756242;916727;0;0;0;0;916727;5672969;71355;14521;0;1750;169340;21225;278191;523268;0;244089;0;0;767357;1045548;1200000;435000;1029853;1962568;0;0;4627421;5672969;
6086;900148608;2019-12-31;2018;MILES;1239279;3417431;170490;0;4827200;1234334;0;0;96596;0;1330930;6158130;263899;4322;0;11080;48618;137589;465508;1055598;0;356302;0;0;1411900;1877408;1200000;435000;1019131;1626591;0;0;4280722;6158130;
6087;890204814;2019-12-31;2019;MILES;9212065;10344168;20847171;11775609;52179013;52941689;0;0;4268891;0;57210580;109389593;8237347;6697910;0;637402;0;14440989;30013648;39952997;0;9053652;0;248109;49254758;79268406;5000000;0;2500000;20583000;0;2038187;30121187;109389593;
6088;890204814;2019-12-31;2018;MILES;3631798;6723505;14873157;5532973;30761433;51017528;0;0;3387077;0;54404605;85166038;7157799;4956326;0;565669;0;3686509;16366303;35698389;0;7808360;0;188273;43695022;60061325;5000000;0;2500000;14773809;0;2830904;25104713;85166038;
6089;891300237;2019-12-31;2019;MILES;14703481;87436110;76749296;36545724;215434611;1368718906;24256069;0;615872750;24256069;2033103794;2248538405;97852389;117829663;1984558;15813817;8157654;4857102;246495183;623549360;0;119465741;0;28435373;771450474;1017945657;6601011;146082044;316962244;760947449;0;0;1230592748;2248538405;
6090;891300237;2019-12-31;2018;MILES;5854086;72632561;77552316;35860551;191899514;1247516202;970605;0;649041788;970605;1898499200;2090398714;42624670;134912620;1893000;14741137;8601444;1022482;203795353;536304357;0;141213901;0;24892542;702410800;906206153;6601011;146082044;307170033;724339473;0;0;1184192561;2090398714;
6091;890906413;2019-12-31;2019;MILES;21179120;115406713;253720830;32693184;422999847;19182883;0;0;483080165;0;502263048;925262895;44759497;99125497;16450489;3320876;1731788;0;165388147;0;79928570;1259741;0;76536908;157725219;323113366;45000000;0;76474064;469464804;0;11210661;602149529;925262895;
6092;890906413;2019-12-31;2018;MILES;45781003;101404227;279465428;33158765;459809423;21580869;0;0;272775309;0;294356178;754165601;54188417;91438999;16204236;2896636;6202301;0;170930589;0;82236894;2373797;0;58169128;142779819;313710408;44944550;0;35350297;348949685;0;11210661;440455193;754165601;
6093;891300959;2019-12-31;2019;MILES;2936794;7088322;61273494;76957096;148255706;127741906;455152;7785853;7971941;455152;144410004;292665710;41077415;51573374;0;2666265;672925;127258;96117237;14443626;0;27290728;0;4067176;45801530;141918767;66000;0;59440394;90396135;0;844414;150746943;292665710;
6094;891300959;2019-12-31;2018;MILES;7184549;6685326;59467344;85394887;158732106;132048752;521042;7626884;8059782;521042;148777502;307509608;29098486;55184888;0;2390216;5641676;59524;92374790;27328335;0;27758220;0;5528839;60615394;152990184;66000;0;60623787;92891399;0;938238;154519424;307509608;
6095;891104736;2019-12-31;2019;MILES;531451;2428509;6895137;4944396;14799493;3499966;0;4784405;2815391;0;11099762;25899255;383453;3453679;0;280768;625120;828729;5571749;813083;212080;152338;0;434244;1611745;7183494;1340118;3689038;19138;13667467;0;0;18715761;25899255;
6096;891104736;2019-12-31;2018;MILES;590219;3514281;5257203;5030698;14392401;4447483;0;4784405;1721098;0;10952986;25345387;484087;3136035;0;233305;509179;588098;4950704;957645;255333;152338;0;533682;1898998;6849702;1340118;3689038;19138;13447391;0;0;18495685;25345387;
6097;900318567;2019-12-31;2019;MILES;121286;8586382;12752915;7316265;28776848;25962462;0;0;3434713;0;29397175;58174023;1560270;6843768;485965;0;4214764;0;13104767;0;20019788;205891;0;373536;20599215;33703982;54557992;0;0;-30087951;0;0;24470041;58174023;
6098;900318567;2019-12-31;2018;MILES;1850191;4004687;14821753;7383222;28059853;31248305;0;0;3980760;0;35229065;63288918;8034236;6571555;600636;0;1603922;0;16810349;0;16301883;13822;0;343236;16658941;33469290;54557992;0;0;-24738364;0;0;29819628;63288918;
6099;860509514;2019-12-31;2019;MILES;48253342;1955300;71608271;232370487;354187400;61470943;5855707;26731134;54252027;5855707;154165518;508352918;249455733;63543239;11490000;3438179;26707876;5410486;360045513;5493060;24451170;5597550;0;28589128;64130908;424176421;10240621;12524195;5303007;20281585;0;35827089;84176497;508352918;
6100;860509514;2019-12-31;2018;MILES;67849902;4193845;59539178;190712421;322295346;65823656;4524568;27947248;25876187;4524568;128696227;450991573;234444379;56515659;7665868;2881145;32669322;0;334176373;6038538;20900872;5252996;0;0;32192406;366368779;10240621;12524195;3782738;18815493;0;39259747;84622794;450991573;
6101;900054711;2019-12-31;2019;MILES;1704107;31527020;1146139;49458336;83835602;33021649;0;0;42541387;0;75563036;159398638;40272644;15556241;388921;1660836;15622028;0;73500670;40779630;0;0;0;0;40779630;114280300;11224186;12253502;999279;20641371;0;0;45118338;159398638;
6102;900054711;2019-12-31;2018;MILES;889539;26657823;2481671;67888572;97917605;31191491;0;0;44706002;0;75897493;173815098;56813396;7991180;1182707;1119337;8823328;0;75929948;35830151;0;0;0;0;35830151;111760099;10727114;9864574;999279;40464032;0;0;62054999;173815098;
6103;860041813;2019-12-31;2019;MILES;1061121;0;17901290;8976391;27938802;58883912;0;0;38459423;0;97343335;125282137;7107344;7172323;0;1030247;682137;50344;16042395;27433333;0;4466533;0;2851420;34751286;50793681;3500000;0;1790260;6660289;0;62537907;74488456;125282137;
6104;860041813;2019-12-31;2018;MILES;116014;0;15834900;8447072;24397986;58580568;0;0;32323286;0;90903854;115301840;0;7466218;0;1034631;763522;27073;9291444;27838580;0;4466533;0;3849171;36154284;45445728;3500000;0;1790260;3001949;0;61563903;69856112;115301840;
6105;860045623;2019-12-31;2019;MILES;265390;2759856;4074571;7813620;14913437;18429993;0;3844349;5101120;0;27375462;42288899;3034285;2343863;0;1218703;986321;2599861;10183033;5131568;4204127;1516345;0;9243100;20095140;30278173;3250000;0;397840;8362886;0;0;12010726;42288899;
6106;860045623;2019-12-31;2018;MILES;1154776;1595663;3644775;1941994;8337208;17519496;0;2842438;4970837;0;25332771;33669979;1730936;1245485;0;1031820;837988;1857393;6703622;3025510;4345735;1522372;0;6603458;15497075;22200697;3000000;0;369006;8100276;0;0;11469282;33669979;
6107;901253015;2019-12-31;2019;MILES;40795280;16691782;122542813;0;180029875;401606831;0;0;4986162;0;406592993;586622868;177626537;31833192;0;758583;0;4152530;214370842;77431557;0;12415450;0;0;89847007;304217849;10000000;231815139;0;15579440;0;25010440;282405019;586622868;
6108;860038955;2019-12-31;2019;MILES;18038064;2259068;20632825;16167732;57097689;45691849;0;0;9699;0;45701548;102799237;18154392;9370184;0;1535079;1220724;0;30280379;12216071;0;6013407;0;0;18229478;48509857;5913840;0;27695250;10356045;0;10324245;54289380;102799237;
6109;860038955;2019-12-31;2018;MILES;9018654;1197011;26222264;13570034;50007963;35711628;0;0;140906;0;35852534;85860497;10524845;11052802;0;1481346;1089082;0;24148075;4373243;0;6173694;0;0;10546937;34695012;5913840;0;27717569;7209831;0;10324245;51165485;85860497;
6110;800144340;2019-12-31;2019;MILES;1727197;103704;980632;0;2811533;253333;3851517;48843265;-11822;3851517;56787810;59599343;0;3232104;0;0;149202;369351;3750657;0;5979943;3783771;0;0;9763714;13514371;1814423;0;1680614;42589935;0;0;46084972;59599343;
6111;800144340;2019-12-31;2018;MILES;939383;1104;1317235;0;2257722;294503;4187264;50784551;-1692556;4187264;57761026;60018748;0;3245946;0;0;43025;977463;4266434;0;5518694;0;0;0;5518694;9785128;1814423;0;1680614;46738583;0;0;50233620;60018748;
6112;800212840;2019-12-31;2019;MILES;4419459;17526668;82945560;26439855;131331542;24838745;0;0;243838964;0;268677709;400009251;71448260;77920460;0;3902340;0;0;153271060;12045872;0;0;0;168050;12213922;165484982;13035844;174057709;-5627125;53057841;0;0;234524269;400009251;
6113;800212840;2019-12-31;2018;MILES;14673018;17106480;75673988;23842276;131295762;12447140;0;0;242957805;0;255404945;386700707;79208531;80443089;0;2988460;0;0;162640080;431552;0;0;0;280982;712534;163352614;31985097;155158514;-2943969;39148451;0;0;223348093;386700707;
6114;890106814;2019-12-31;2019;MILES;1196406;0;51740245;49233852;102170503;82084868;0;0;3285138;0;85370006;187540509;79156952;8941060;0;386445;35847;15135;88535439;26744042;0;5752512;0;85673;32582227;121117666;16257568;0;10696767;15703135;0;23765373;66422843;187540509;
6115;890106814;2019-12-31;2018;MILES;3031956;0;55306808;43937002;102275766;72409697;0;0;1739817;0;74149514;176425280;80513822;11271703;0;317452;1397274;1123;93501374;22082229;0;4865758;0;80785;27028772;120530146;16257568;0;6748092;9124101;0;23765373;55895134;176425280;
6116;860524337;2019-12-31;2019;MILES;1462757;174797;87526987;0;89164541;688674;0;0;9191762;0;9880436;99044977;44257785;32390829;0;345155;504792;326705;77825266;0;0;0;0;60511;60511;77885777;7352212;28300;2761614;11017074;0;0;21159200;99044977;
6117;860524337;2019-12-31;2018;MILES;1788418;402194;102010470;0;104201082;12584;0;0;4727673;0;4740257;108941339;55413619;37006108;0;257274;254486;112175;93043662;0;0;0;0;53953;53953;93097615;7352212;28300;2518454;5944758;0;0;15843724;108941339;
6118;830058056;2019-12-31;2019;MILES;51327;3789574;44295308;0;48136209;2197456;0;0;13052316;0;15249772;63385981;9671713;16259161;7888976;1804946;1125857;3986843;40737496;1070118;0;0;0;0;1070118;41807614;1000000;0;8566075;12012292;0;0;21578367;63385981;
6119;830058056;2019-12-31;2018;MILES;1781232;1029090;36186968;0;38997290;523114;0;0;14885545;0;15408659;54405949;2949234;12632394;13918082;689060;3327617;150504;33666891;5277;0;0;0;736718;741995;34408886;1000000;0;8566075;10430988;0;0;19997063;54405949;
6120;900248016;2019-12-31;2019;MILES;183433;439722;706337;1773085;3102577;3806579;0;0;1936724;0;5743303;8845880;117740;263307;0;85299;0;0;466346;1893211;5000;0;0;0;1898211;2364557;343104;7940836;102327;-3929735;0;2024791;6481323;8845880;
6121;900248016;2019-12-31;2018;MILES;10010;327417;2369708;1522229;4229364;3845515;0;0;193647;0;4039162;8268526;72217;229902;0;61921;0;0;364040;503238;4225748;155908;0;1617409;6502303;6866343;343104;0;102327;-1055689;0;2012441;1402183;8268526;
6122;890307989;2019-12-31;2019;MILES;1102899;193610;2190114;0;3486623;0;0;0;96948641;0;96948641;100435264;0;848716;0;0;351;0;849067;0;838464;4014;0;0;842478;1691545;2462130;0;42258696;44141155;0;9881738;98743719;100435264;
6123;890307989;2019-12-31;2018;MILES;588412;0;0;0;588412;0;0;0;81125755;0;81125755;81714167;0;11900;0;0;369181;0;381081;0;0;0;0;0;0;381081;2462130;0;23935973;46029102;0;8905881;81333086;81714167;
6124;830071114;2019-12-31;2019;MILES;4080329;12825436;24969890;1696709;43572364;11043073;0;0;6544877;0;17587950;61160314;13899102;14135755;0;912134;715310;11962935;41625236;2231944;0;1137113;0;1681414;5050471;46675707;3800000;0;2076044;4140050;0;4468513;14484607;61160314;
6125;830071114;2019-12-31;2018;MILES;391025;11479067;20928147;830166;33628405;11676133;0;0;4802457;0;16478590;50106995;11472614;7231662;0;744663;157008;3720969;23326916;3884751;0;1137892;0;1506775;6529418;29856334;3800000;0;1748581;9815877;0;4886203;20250661;50106995;
6126;860002302;2019-12-31;2019;MILES;13303289;0;53786676;36565865;103655830;210678396;0;0;8720908;0;219399304;323055134;1512389;44697565;161295;2976876;4462434;476309;54286868;0;0;19897373;0;13526245;33423618;87710486;606922;14771326;100971124;91889727;0;27105549;235344648;323055134;
6127;860002302;2019-12-31;2018;MILES;9567975;0;80737577;38785964;129091516;201840690;0;4882881;4422762;0;211146333;340237849;324069;56185853;948546;2709889;5790126;1693600;67652083;0;0;22065775;0;12682938;34748713;102400796;606922;14771326;102160079;93189269;0;27109457;237837053;340237849;
6128;830078515;2019-12-31;2019;MILES;6202270;38997874;209214020;596217;255010381;212107199;0;0;347382985;0;559490184;814500565;15682811;139871598;0;0;0;24266055;179820464;224650051;0;110146993;0;0;334797044;514617508;191468913;133308000;3154122;-28047978;0;0;299883057;814500565;
6129;830078515;2019-12-31;2018;MILES;663228;30535745;193501840;0;224700813;79300096;160603895;0;36791761;160603895;437299647;662000460;9403115;77761101;0;0;0;13696763;100860979;164756898;0;97490803;0;0;262247701;363108680;191468913;133308000;3154122;-29039255;0;0;298891780;662000460;
6130;891100445;2019-12-31;2019;MILES;76461104;13105036;207849621;155147310;452563071;357942261;30994984;4099650;73720836;30994984;497752715;950315786;253741420;67701907;0;4765746;6400442;0;332609515;17768292;0;43370581;0;0;61138873;393748388;7388423;132673028;139531280;276974667;0;0;556567398;950315786;
6131;891100445;2019-12-31;2018;MILES;76451675;14257606;190380461;215140222;496229964;334538194;12520160;4052650;82094061;12520160;445725225;941955189;330975704;47758733;0;4713891;3415106;0;386863434;31040915;0;35708234;0;0;66749149;453612583;7209892;120094010;122991543;238047161;0;0;488342606;941955189;
6132;890300918;2019-12-31;2019;MILES;698624;1560947;7337558;6729503;16326632;14830041;0;5976701;14598884;0;35405626;51732258;6334660;2378239;0;406097;355965;75754;9550715;13428349;0;712223;0;0;14140572;23691287;12400000;0;6353674;593418;0;8693879;28040971;51732258;
6133;890300918;2019-12-31;2018;MILES;850998;1399259;8700949;5512953;16464159;15060762;0;6060483;14712988;0;35834233;52298392;2036242;3081801;0;334884;267355;121011;5841293;16633439;0;803701;0;0;17437140;23278433;12400000;0;6447556;1303647;0;8868756;29019959;52298392;
6134;860029415;2019-12-31;2019;MILES;1061094;2510042;9876192;7015685;20463013;36064217;0;0;18839366;0;54903583;75366596;2287637;8003137;166914;527709;943757;0;11929154;6085161;0;5768555;0;175613;12029329;23958483;11575186;583467;568097;19784590;0;18896773;51408113;75366596;
6135;860029415;2019-12-31;2018;MILES;332601;3777346;16581739;7793546;28485232;32502725;0;0;15288784;0;47791509;76276741;11808980;11239535;30698;394432;218175;0;23691820;3128363;0;6049083;0;0;9177446;32869266;11575186;583467;630343;16441425;0;14177054;43407475;76276741;
6136;900283417;2019-12-31;2019;MILES;3709783;216594;0;0;3926377;0;0;0;14164176;0;14164176;18090553;0;20460;0;0;0;0;20460;0;0;0;0;0;0;20460;3881000;0;2745761;9044794;0;2398538;18070093;18090553;
6137;900283417;2019-12-31;2018;MILES;9845;0;2440202;0;2450047;0;0;0;13447988;0;13447988;15898035;0;304;0;0;8994;0;9298;0;0;0;0;0;0;9298;3881000;0;2745761;6723627;0;2538349;15888737;15898035;
6138;900422614;2019-12-31;2019;MILES;41363225;71247008;105533471;0;218143704;33119194;0;0;609997985;0;643117179;861260883;7118966;79861650;0;6008683;0;21368177;114357476;189766563;0;87795877;0;2045445;279607885;393965361;921258;656289592;-13656090;-176259238;0;0;467295522;861260883;
6139;900422614;2019-12-31;2018;MILES;41363225;71247008;105533471;0;218143704;33119194;0;0;609997985;0;643117179;861260883;7118966;79861650;0;6008683;0;21368177;114357476;189766563;0;87795877;0;2045445;279607885;393965361;921258;656289592;-13656090;-176259238;0;0;467295522;861260883;
6140;890900652;2019-12-31;2019;MILES;3303771;5770111;30171650;70237199;109482731;92239980;0;744397;26259315;0;119243692;228726423;12442520;27551969;0;3195732;2345381;193767;45729369;22695155;1700000;1079192;0;0;25474347;71203716;9932412;664118;9780583;137145594;0;0;157522707;228726423;
6141;890900652;2019-12-31;2018;MILES;2701525;6601295;40812905;69873200;119988925;90717908;0;744397;17918802;0;109381107;229370032;4107621;34011115;0;2736471;7554701;99375;48509283;30794808;1700000;1114116;0;0;33608924;82118207;9932412;664118;9988599;126666696;0;0;147251825;229370032;
6142;890200463;2019-12-31;2019;MILES;10672941;111210;17834418;24804070;53422639;411408039;359838;21957;99866478;359838;512016150;565438789;0;143312869;0;7185922;1221239;9543207;161263237;0;0;55136103;0;14838549;69974652;231237889;305131;78273;89910649;143728507;0;100178340;334200900;565438789;
6143;890200463;2019-12-31;2018;MILES;13607069;83253;14292968;21483137;49466427;428844622;118008;0;82169463;118008;511250101;560716528;0;167813536;0;6543336;2851104;7009257;184217233;0;0;57725373;0;9467357;67192730;251409963;305131;78273;72703487;136041334;0;100178340;309306565;560716528;
6144;860000018;2019-12-31;2019;MILES;31550190;46764956;93531923;15178760;187025829;22307354;0;0;3612285;0;25919639;212945468;37142579;65749372;105832;0;15768351;62173556;180939690;15362990;0;679875;0;2283896;18326761;199266451;6835408;0;3628968;3135222;0;79419;13679017;212945468;
6145;860000018;2019-12-31;2018;MILES;24643312;31186993;83036999;11383522;150250826;22250768;0;0;2823899;0;25074667;175325493;1362304;71751202;62140;0;6895298;63367876;143438820;13709269;0;755625;0;3843501;18308395;161747215;6835408;0;3234351;3414426;0;94093;13578278;175325493;
6146;900337718;2019-12-31;2019;MILES;20618;955;3099;0;24672;1694976;0;0;32049105;0;33744081;33768753;0;1943;0;0;535;453;2931;0;0;136645;0;0;136645;139576;100000;0;1707839;1664080;0;30157258;33629177;33768753;
6147;900337718;2019-12-31;2018;MILES;15423;66;261;0;15750;1723069;0;0;27628382;0;29351451;29367201;0;3255;0;0;452;75;3782;0;0;62788;0;52224;115012;118794;100000;0;1707839;1773468;0;25667100;29248407;29367201;
6148;800013638;2019-12-31;2019;MILES;17069225;1209322;3593044;1295558;23167149;9437276;0;0;3010645;0;12447921;35615070;0;2536031;0;954724;542437;32353;4065545;1066392;0;492884;0;1730438;3289714;7355259;1327007;6102461;9106270;11724073;0;0;28259811;35615070;
6149;800013638;2019-12-31;2018;MILES;13993969;1812962;3798735;1251749;20857415;10109522;0;0;1725846;0;11835368;32692783;0;2446802;0;904773;923670;27072;4302317;0;0;631187;0;2343474;2974661;7276978;1327007;6102461;6895546;11090791;0;0;25415805;32692783;
6150;890106527;2019-12-31;2019;MILES;772176;29979018;468731774;150791023;650273991;241041459;44569104;0;156463310;44569104;486642977;1136916968;162696165;403240309;0;0;27656978;0;593593452;316300442;0;0;0;0;316300442;909893894;1799999;162276184;68925658;-5978767;0;0;227023074;1136916968;
6151;890106527;2019-12-31;2018;MILES;1601440;27082499;391346104;153696052;573726095;222383825;43331170;0;142097228;43331170;451143393;1024869488;102663858;363548411;0;0;28380302;0;494592571;341673464;0;0;0;0;341673464;836266035;1799999;162276184;68925658;-44398388;0;0;188603453;1024869488;
6152;891300120;2019-12-31;2019;MILES;3349721;520000;3434296;1220352;8524369;5171584;0;0;676229;0;5847813;14372182;6139;122557;0;569269;376789;0;1074754;0;0;566;0;0;566;1075320;276834;3029921;10012971;-22864;0;0;13296862;14372182;
6153;891300120;2019-12-31;2018;MILES;2843019;520000;3665828;1404781;8433628;5321497;0;0;671096;0;5992593;14426221;4631;143650;0;537500;425280;0;1111061;0;0;14945;0;0;14945;1126006;276834;3029921;9388745;604715;0;0;13300215;14426221;
6154;890903035;2019-12-31;2019;MILES;20159595;64366963;351793726;11142151;447462435;28476611;0;2301561;239639866;0;270418038;717880473;45814745;83153735;0;0;11313826;5400273;145682579;1118562;40313118;8622047;0;23848131;73901858;219584437;108260000;20;26146428;363889588;0;0;498296036;717880473;
6155;890903035;2019-12-31;2018;MILES;8399503;71824812;354478007;15263960;449966282;26777148;0;2301561;135090764;0;164169473;614135755;2713274;77301123;0;0;6955671;6260366;93230434;411704;14097393;13673928;0;15401107;43584132;136814566;108260000;20;24313286;342002953;0;2744930;477321189;614135755;
6156;830513773;2019-12-31;2019;MILES;9368300;20029179;52801576;0;82199055;10135244;0;0;16347936;0;26483180;108682235;6952050;19309026;0;5067274;6902018;3805232;42035600;0;9053474;0;0;291551;9345025;51380625;31466294;5019692;4402812;16412812;0;0;57301610;108682235;
6157;830513773;2019-12-31;2018;MILES;8454858;18332590;42362865;0;69150313;5850225;9207766;0;2250335;9207766;26516092;95666405;106615;19763480;0;4655704;4656949;0;29182748;0;5377859;0;0;15100000;20477859;49660607;31466294;5019692;3553052;5966760;0;0;46005798;95666405;
6158;811041746;2019-12-31;2019;MILES;1794558;355224;7975479;43344068;53469329;3758269;0;6054700;5804492;0;15617461;69086790;26248969;7611016;0;0;2144935;853195;36858115;0;0;113167;0;67398;180565;37038680;1078880;45000;539440;30384790;0;0;32048110;69086790;
6159;811041746;2019-12-31;2018;MILES;8149993;128990;11917934;32165437;52362354;1739675;0;3768525;1038784;0;6546984;58909338;23774415;5508647;0;0;3469559;934304;33686925;0;0;432091;0;0;432091;34119016;1078880;45000;539440;23127002;0;0;24790322;58909338;
6160;900215262;2019-12-31;2019;MILES;38912;36985044;1388274;1346758;39758988;143285736;0;1705;23036510;0;166323951;206082939;12578169;6116320;0;1004015;1931986;2132511;23763001;0;0;7356864;0;89598918;96955782;120718783;9114825;14871824;1931997;48991364;0;10454146;85364156;206082939;
6161;900215262;2019-12-31;2018;MILES;124056;28454017;3768147;850621;33196841;145102563;0;1705;18710977;0;163815245;197012086;12494049;7927502;0;1095102;1394831;1680649;24592133;0;0;6925216;0;84315962;91241178;115833311;9114825;14871824;1302252;45435728;0;10454146;81178775;197012086;
6162;860026753;2019-12-31;2019;MILES;14804441;20484042;118560569;172154710;326003762;254895604;0;802975;18664023;0;274362602;600366364;274326058;31868100;0;2400733;11923923;24277;320543091;5548876;0;30541526;0;2014085;38104487;358647578;22407781;17812948;88468084;113029973;0;0;241718786;600366364;
6163;860026753;2019-12-31;2018;MILES;9622422;22786004;124284588;266120016;422813030;268239488;0;238895;11940621;0;280419004;703232034;340534210;60374168;0;2563515;3980822;692285;408145000;30307937;0;26379423;0;1950930;58638290;466783290;22407781;17812948;88462424;107765591;0;0;236448744;703232034;
6164;901112319;2019-12-31;2019;MILES;20572372;256514;172621;0;21001507;1035097;156335442;0;-126407731;156335442;187298250;208299757;0;4064340;0;68888;0;140867;4274095;0;58502;819682;0;116823;995007;5269102;15084212;197335482;607627;-9996666;0;0;203030655;208299757;
6165;901112319;2019-12-31;2018;MILES;996264;45731;159900;0;1201895;367908;119631261;0;-114968897;119631261;124661533;125863428;0;170144;862064;134078;980318;481855;2628459;0;0;0;0;218484;218484;2846943;9054183;121435507;607627;-8080832;0;0;123016485;125863428;
6166;860005224;2019-12-31;2019;MILES;72247781;245991239;2661582382;286626609;3266448011;2443597187;8606094;0;4094690278;8606094;6555499653;9821947664;72487426;2117054117;71524519;0;308253466;0;2569319528;65797869;2595193932;283284035;0;576115772;3520391608;6089711136;791336;142296356;2123137912;1466010924;0;0;3732236528;9821947664;
6167;860005224;2019-12-31;2018;MILES;123268730;272037396;2557795310;270363408;3223464844;2300856759;16226177;0;3883803863;16226177;6217112976;9440577820;56377115;2040677490;53030548;0;296674482;0;2446759635;69769228;2577258352;32063913;0;724009898;3403101391;5849861026;791336;142296356;1890285960;1557343142;0;0;3590716794;9440577820;
6168;890906197;2019-12-31;2019;MILES;137404;454283;5570688;8385470;14547845;35871239;0;5446791;1225795;0;42543825;57091670;6061925;5537502;0;0;0;1683646;13283073;17443173;0;637439;0;0;18080612;31363685;1000000;0;2034144;1871054;0;20822787;25727985;57091670;
6169;890906197;2019-12-31;2018;MILES;227805;465859;6558971;8397060;15649695;31091218;0;9453004;1225795;0;41770017;57419712;7732255;5581124;0;0;0;1600358;14913737;15475340;0;637439;0;0;16112779;31026516;1000000;0;2034144;1619360;0;21739692;26393196;57419712;
6170;900313945;2019-12-31;2019;MILES;2582565;2567774;1410475;11462407;18023221;37200779;0;0;636037;0;37836816;55860037;6845224;2840339;0;233521;573532;1608910;12101526;8393300;6405187;1208785;0;0;16007272;28108798;13439946;0;1592597;124048;0;12594648;27751239;55860037;
6171;900313945;2019-12-31;2018;MILES;1608373;1421057;800261;9969605;13799296;28802704;0;0;310384;0;29113088;42912384;4832102;3323719;0;202290;325151;1020378;9703640;8616659;5282463;599894;0;0;14499016;24202656;10541349;0;1116182;-649089;0;7701286;18709728;42912384;
6172;800136561;2019-12-31;2019;MILES;9575292;7668002;59031696;147384158;223659148;5383216;0;0;138256342;0;143639558;367298706;86314274;43974100;7860847;0;3189750;65713082;207052053;0;0;684704;0;8614690;9299394;216351447;24000000;0;32682698;94264561;0;0;150947259;367298706;
6173;800136561;2019-12-31;2018;MILES;11502890;6015598;55431935;93303221;166253644;5495169;0;0;179166048;0;184661217;350914861;96662820;54483042;4118601;923035;2694565;45612376;204494439;0;0;568846;0;18078067;18646913;223141352;24000000;0;30778590;72994919;0;0;127773509;350914861;
6174;830034723;2019-12-31;2019;MILES;24656046;0;25176672;0;49832718;3838249;0;20601663;5525523928;0;5549963840;5599796558;163857000;123461740;0;1395736;22249932;0;310964408;0;0;1014531;0;0;1014531;311978939;19414801;35836843;4321235467;346353935;0;564976573;5287817619;5599796558;
6175;830034723;2019-12-31;2018;MILES;2231758;0;24077909;0;26309667;12621029;0;12400454;4880948036;0;4905969519;4932279186;1360720;120922570;0;1340608;17722234;0;141346132;0;0;1093265;0;0;1093265;142439397;19414801;35836843;3998131408;171480164;0;564976573;4789839789;4932279186;
6176;830501720;2019-12-31;2019;MILES;621453;1220691;21477;0;1863621;38952;0;0;1054556;0;1093508;2957129;0;139161;0;88980;0;1690174;1918315;271637;0;0;0;0;271637;2189952;50000;0;394385;322792;0;0;767177;2957129;
6177;830501720;2019-12-31;2018;MILES;1013788;1292154;28334;0;2334276;51779;0;0;488799;0;540578;2874854;0;88046;0;96602;0;2261598;2446246;0;0;0;0;0;0;2446246;50000;0;117452;261156;0;0;428608;2874854;
6178;830059718;2019-12-31;2019;MILES;5643597;35161096;14258350;0;55063043;31119676;0;0;33363410;0;64483086;119546129;7400545;18664941;0;6745669;4817384;0;37628539;2876493;0;7315832;0;0;10192325;47820864;4000000;0;21936829;31164700;0;14623736;71725265;119546129;
6179;830059718;2019-12-31;2018;MILES;6166449;24695851;6196072;0;37058372;24693789;0;0;22855643;0;47549432;84607804;8991309;13237401;0;4652250;3182779;0;30063739;3371390;0;7657100;0;0;11028490;41092229;4000000;0;18323743;14371662;0;6820170;43515575;84607804;
6180;860061284;2019-12-31;2019;MILES;15936293;1560180;900174;0;18396647;25309845;5630520;395497359;90314015;5630520;522382259;540778906;0;2573646;0;0;5705643;0;8279289;42159463;67395854;1421702;0;718721;111695740;119975029;14777624;83859833;1959841;241517936;0;78688643;420803877;540778906;
6181;860061284;2019-12-31;2018;MILES;3461931;2260459;760699;0;6483089;24249742;0;379398903;95386184;0;499034829;505517918;0;9718050;0;0;6366472;0;16084522;53627057;33137208;1305930;0;2867705;90937900;107022422;14777624;83859833;1959841;242187064;0;55711134;398495496;505517918;
6182;860028238;2019-12-31;2019;MILES;38735928;136381;16483200;7561395;62916904;19203202;3163575;0;24803872;3163575;50334224;113251128;678598;14958640;8090380;590182;3667910;65452;28051162;11636418;0;1448378;0;6629579;19714375;47765537;1130000;0;26640045;17070638;0;20644908;65485591;113251128;
6183;860028238;2019-12-31;2018;MILES;39863597;116559;15314526;6090176;61384858;15685187;3614093;0;9995129;3614093;32908502;94293360;466072;9124308;4395657;470323;5171946;215309;19843615;0;0;1626667;0;5636637;7263304;27106919;1130000;0;19991560;28930250;0;17134631;67186441;94293360;
6184;860515523;2019-12-31;2019;MILES;1531263;79722;7980238;16655287;26246510;235946;11647840;0;38299389;11647840;61831015;88077525;0;2371934;0;0;306028;353496;3031458;15742412;36994011;0;0;28633442;81369865;84401323;250000;0;150000;3276202;0;0;3676202;88077525;
6185;860515523;2019-12-31;2018;MILES;1540327;9673;11033926;11941493;24525419;255233;11653500;0;36907298;11653500;60469531;84994950;0;1739117;0;0;331782;469736;2540635;14562904;36860634;0;0;26631389;78054927;80595562;250000;0;150000;3999388;0;0;4399388;84994950;
6186;860078622;2019-12-31;2019;MILES;103693;5920188;15648511;0;21672392;71286947;0;0;48599796;0;119886743;141559135;13145486;9745820;742488;1092976;1814742;10393625;36935137;28502630;0;0;0;37409596;65912226;102847363;27539518;14428971;362916;-8323215;0;4703582;38711772;141559135;
6187;860078622;2019-12-31;2018;MILES;602854;4523410;10901606;0;16027870;73607319;0;0;5977505;0;79584824;95612694;4203070;10028873;771993;1092935;2116317;47093;18260281;27391978;0;0;0;3708320;31100298;49360579;27539518;14428971;362916;-4647977;0;8568687;46252115;95612694;
6188;860014923;2019-12-31;2019;MILES;13884014;2545021;79132221;0;95561256;42568444;13213927;94821;54585177;13213927;123676296;219237552;8088638;34256279;0;0;13203897;17706787;73255601;34285245;0;6249402;0;4626564;45161211;118416812;33403;37644588;27971717;35171032;0;0;100820740;219237552;
6189;860014923;2019-12-31;2018;MILES;31304163;1455422;77583418;0;110343003;38287962;16856220;98026;8337477;16856220;80435905;190778908;0;41030551;0;0;12601939;45359439;98991929;0;0;4113183;0;4480827;8594010;107585939;33403;37644588;5981169;39533809;0;0;83192969;190778908;
6190;800181122;2019-12-31;2019;MILES;62349;101415;3502080;0;3665844;0;7028002;13707796;464473000;7028002;492236800;495902644;0;0;0;0;619;0;619;0;33563288;1169903;0;0;34733191;34733810;1125000;10325000;395806263;53912571;0;0;461168834;495902644;
6191;800181122;2019-12-31;2018;MILES;34393;203470;532458;0;770321;0;15294107;13707796;335482759;15294107;379778769;380549090;0;590542;0;0;317819;0;908361;0;38594864;1300673;0;0;39895537;40803898;1125000;10325000;338476088;-10180896;0;0;339745192;380549090;
6192;891102723;2019-12-31;2019;MILES;35251186;76697424;147976502;26347839;286272951;75118092;0;0;85932097;0;161050189;447323140;121823043;96174349;2310700;0;20752057;26570206;267630355;61945914;0;0;0;3708660;65654574;333284929;94880588;70494881;3124080;-54461338;0;0;114038211;447323140;
6193;891102723;2019-12-31;2018;MILES;19672006;62257086;167117205;9637522;258683819;51289600;0;0;65434967;0;116724567;375408386;89298619;84547249;0;0;20639851;23765932;218251651;36579610;0;0;0;5829832;42409442;260661093;94880588;70494881;3090504;-53718680;0;0;114747293;375408386;
6194;900626723;2019-12-31;2019;MILES;327781;52885812;25282740;0;78496333;5934;0;0;10767758;0;10773692;89270025;0;11982165;0;0;276684;0;12258849;52791758;1667150;0;0;0;54458908;66717757;1461111;44663085;0;-23571928;0;0;22552268;89270025;
6195;900626723;2019-12-31;2018;MILES;558047;50799773;8223415;0;59581235;6177;0;0;2473876;0;2480053;62061288;0;7596992;0;0;962716;20042;8579750;27301071;0;0;0;0;27301071;35880821;1461111;44663085;0;-19943729;0;0;26180467;62061288;
6196;860049921;2019-12-31;2019;MILES;15666650;25795239;44125894;4303232;89891015;26198618;0;0;159586857;0;185785475;275676490;0;28873750;600000;9552499;9858326;14613040;63497615;0;0;0;0;27949078;27949078;91446693;135546166;0;2885889;45797742;0;0;184229797;275676490;
6197;860049921;2019-12-31;2018;MILES;12311777;25853895;33893204;3024354;75083230;20479413;0;0;137041836;0;157521249;232604479;0;24583598;2627687;7140013;10276030;4724761;49352089;0;0;0;0;56223079;56223079;105575168;91355222;0;1397305;34276784;0;0;127029311;232604479;
6198;900139569;2019-12-31;2019;MILES;1828190;2045145;3704034;4724733;12302102;23132074;0;0;73295;0;23205369;35507471;0;4897654;0;0;0;0;4897654;9195655;0;0;0;0;9195655;14093309;15940604;72270377;112414;-66909233;0;0;21414162;35507471;
6199;900139569;2019-12-31;2018;MILES;2062548;2019085;2431845;6121000;12634478;22142695;0;0;113229;0;22255924;34890402;0;3548079;0;0;0;0;3548079;9287379;0;0;0;0;9287379;12835458;15646489;69623341;112414;-63327300;0;0;22054944;34890402;
6200;800221843;2019-12-31;2019;MILES;22632;65781;593729;960625;1642767;14000;3025517;913634;5142159;3025517;12120827;13763594;0;1065995;0;100533;5087;9029;1180644;1478081;198693;59869;0;0;1736643;2917287;2689000;0;762055;7395252;0;0;10846307;13763594;
6201;800221843;2019-12-31;2018;MILES;148825;4481;253627;164788;571721;14000;3237390;894621;4970934;3237390;12354335;12926056;0;81367;0;17860;34754;10249;144230;1413290;227693;10525;0;0;1651508;1795738;2689000;0;759722;7681596;0;0;11130318;12926056;
6202;900854544;2019-12-31;2019;MILES;375762;34051;2723693;0;3133506;119800;6163603;6893243;15193656;6163603;34533905;37667411;0;269771;0;13045;416;0;283232;3839351;0;17598;0;33796972;37653921;37937153;50000;0;0;-319742;0;0;-269742;37667411;
6203;900854544;2019-12-31;2018;MILES;327118;126449;904673;0;1358240;9996;6261331;7261373;17025665;6261331;36819696;38177936;0;188005;0;19288;16051;0;223344;3799913;0;45150;0;34376834;38221897;38445241;50000;0;0;-317305;0;0;-267305;38177936;
6204;860008018;2019-12-31;2019;MILES;19825361;55460455;62201946;124934;137612696;2446283;0;0;3113836;0;5560119;143172815;4777079;31456368;0;8687339;9315776;712400;54948962;0;0;0;0;304032;304032;55252994;17660788;53576;15373368;54832089;0;0;87919821;143172815;
6205;860008018;2019-12-31;2018;MILES;35672119;13969806;55068467;142917;104853309;1627314;0;0;2952087;0;4579401;109432710;3598744;29509977;0;8012054;15416358;0;56537133;0;0;0;0;12242;12242;56549375;6021643;53576;13884784;32923332;0;0;52883335;109432710;
6206;900280623;2019-12-31;2019;MILES;91672;37647;6904807;57801;7091927;175703;1091839;0;-1091839;1091839;1267542;8359469;0;3833799;0;28553;149568;0;4011920;0;68324;16980;0;0;85304;4097224;6798802;567838;23845;-3128240;0;0;4262245;8359469;
6207;900280623;2019-12-31;2018;MILES;174041;18896;6794572;143239;7130748;180862;786223;0;-781369;786223;971939;8102687;0;3023153;0;24591;102409;0;3150153;0;63399;9849;0;0;73248;3223401;6798802;567838;23845;-2511199;0;0;4879286;8102687;
6208;800175223;2019-12-31;2019;MILES;1073432;0;5463465;6963295;13500192;4320577;0;0;366624;0;4687201;18187393;7502488;7900302;0;268677;224654;329324;16225445;0;1540486;205675;0;0;1746161;17971606;330000;0;233118;-347331;0;0;215787;18187393;
6209;800175223;2019-12-31;2018;MILES;843502;0;5017624;6584676;12445802;3216815;0;0;307487;0;3524302;15970104;9395242;5349632;0;215302;25962;768769;15754907;0;0;250;0;0;250;15755157;330000;0;233118;-348171;0;0;214947;15970104;
6210;802022622;2019-12-31;2019;MILES;28001;8006957;7520139;7598394;23153491;23796336;0;0;3780305;0;27576641;50730132;8402996;9500427;0;0;499428;529997;18932848;44198;8138708;0;302784;9124878;17610568;36543416;7215723;17648296;462767;-11140070;0;0;14186716;50730132;
6211;802022622;2019-12-31;2018;MILES;347011;4219628;10410920;4879168;19856727;20281000;0;0;5640095;0;25921095;45777822;3562274;10994090;0;0;341471;223772;15121607;0;8876765;3526;527785;5905631;15313707;30435314;7215723;17648296;462767;-9991858;0;7580;15342508;45777822;
6212;830507323;2019-12-31;2019;MILES;39177;1441858;3387565;374129;5242729;1013953;0;0;53076;0;1067029;6309758;593055;859405;0;0;0;25332;1477792;400347;0;0;0;1790887;2191234;3669026;500000;100000;118352;1922380;0;0;2640732;6309758;
6213;830507323;2019-12-31;2018;MILES;189914;1069436;3015765;508737;4783852;939934;0;0;1830;0;941764;5725616;258333;951430;0;0;0;42648;1252411;133333;0;0;0;1901481;2034814;3287225;500000;100000;66944;1771447;0;0;2438391;5725616;
6214;900186129;2019-12-31;2019;MILES;56189;490973;15389613;58303;15995078;783361;770;0;-770;770;784131;16779209;264898;164240;0;49398;1863140;29377;2371053;0;9075500;0;0;0;9075500;11446553;50000;0;542778;4739878;0;0;5332656;16779209;
6215;900186129;2019-12-31;2018;MILES;102314;47382;17454195;301622;17905513;787812;770;0;-770;770;788582;18694095;702;2109631;0;25461;863290;29133;3028217;0;9965500;0;0;3888;9969388;12997605;50000;0;542778;5103712;0;0;5696490;18694095;
6216;901112025;2019-12-31;2019;MILES;5014943;3890415;67605179;490991;77001528;31210351;473610972;0;-43124045;473610972;935308250;1012309778;0;19354753;0;595598;0;4481341;24431692;0;543881;11976130;0;418327;12938338;37370030;40628515;555418499;108285629;211474352;0;59132753;974939748;1012309778;
6217;901112025;2019-12-31;2018;MILES;3067283;347633;62342127;0;65757043;2453878;167092255;0;14386350;167092255;351024738;416781781;0;2985169;0;198142;0;662924;3846235;0;0;6344367;0;199302;6543669;10389904;23380787;272866219;2854000;107290871;0;0;406391877;416781781;
6218;900498132;2019-12-31;2019;MILES;90870304;31970166;10935143;0;133775613;0;13713117;0;429132441;13713117;456558675;590334288;0;13386229;777190;0;5760737;17737586;37661742;84526986;0;165546;0;0;84692532;122354274;10131;9502051;0;458467832;0;0;467980014;590334288;
6219;900498132;2019-12-31;2018;MILES;1146662;3667380;12191550;0;17005592;0;13268395;0;404860313;13268395;431397103;448402695;19351;22788210;554025;0;376563;4598227;28336376;15834083;0;0;0;0;15834083;44170459;10130;8288443;0;395933663;0;0;404232236;448402695;
6220;830060020;2019-12-31;2019;MILES;2584967;961855;22236956;7420985;33204763;3303383;0;0;2973276;0;6276659;39481422;110005;20845322;0;407203;335171;0;21697701;4300000;0;651757;0;761367;5713124;27410825;1600000;0;1572679;8129291;0;768627;12070597;39481422;
6221;830060020;2019-12-31;2018;MILES;4572794;2003256;7365996;454578;14396624;3438392;0;0;2415059;0;5853451;20250075;0;5978037;11137;437864;825570;0;7252608;103626;0;465239;0;3745423;4314288;11566896;1600000;0;1937304;4555125;0;590750;8683179;20250075;
6222;860519235;2019-12-31;2019;MILES;1750938;714404;21843389;3257155;27565886;58240019;0;0;27835112;0;86075131;113641017;937976;14113128;540453;4642084;2457231;10991479;33682351;11360631;168633;893866;0;11082471;23505601;57187952;6177530;0;32764283;13801182;0;3710070;56453065;113641017;
6223;860519235;2019-12-31;2018;MILES;6448602;312700;17268880;3239990;27270172;45029131;0;0;6444587;0;51473718;78743890;869804;10793757;517302;4430236;2511454;41496;19164049;6945523;384115;1018917;0;0;8348555;27512604;6177530;0;27177108;14166578;0;3710070;51231286;78743890;
6224;900123726;2019-12-31;2019;MILES;278866;0;20531726;0;20810592;0;0;0;213136690;0;213136690;233947282;0;3056;0;0;1813808;21492507;23309371;0;0;0;0;0;0;23309371;2270000;0;122491537;85876374;0;0;210637911;233947282;
6225;900123726;2019-12-31;2018;MILES;287402;297976;35324594;0;35909972;0;0;0;209425263;0;209425263;245335235;0;2796452;0;0;248062;35324594;38369108;0;0;0;0;0;0;38369108;2270000;0;119586395;85109732;0;0;206966127;245335235;
6226;860524750;2019-12-31;2019;MILES;1625471;3911136;8326476;8521093;22384176;9820913;0;0;4246513;0;14067426;36451602;0;11316099;0;686446;566032;1116725;13685302;89824;0;0;1119646;4435694;5645164;19330466;500000;1457681;-82784;15246239;0;0;17121136;36451602;
6227;860524750;2019-12-31;2018;MILES;3608829;0;10921688;6893581;21424098;10031086;0;0;4159714;0;14190800;35614898;0;14462853;0;0;336186;0;14799039;1026649;0;440125;0;4150391;5617165;20416204;500000;1457681;263490;12977523;0;0;15198694;35614898;
6228;890800148;2019-12-31;2019;MILES;8532935;7843556;37566331;37443206;91386028;61986934;0;0;23067529;0;85054463;176440491;132968;35955102;0;0;2259286;3543153;41890509;941896;0;6883778;0;359167;8184841;50075350;15262063;2232715;0;108756065;0;114298;126365141;176440491;
6229;890800148;2019-12-31;2018;MILES;6696634;3933213;36419077;34396110;81445034;61086856;0;0;20192974;0;81279830;162724864;92013;34186320;0;0;4180249;3391206;41849788;0;0;6391369;0;245338;6636707;48486495;15262063;2232715;0;96629293;0;114298;114238369;162724864;
6230;860006928;2019-12-31;2019;MILES;7822423;4734585;68148831;0;80705839;21362634;0;6533940;11196520;0;39093094;119798933;3504776;74704074;0;0;1750413;0;79959263;41095426;0;4042863;0;835323;45973612;125932875;7450838;0;2974517;-16811555;0;252258;-6133942;119798933;
6231;860006928;2019-12-31;2018;MILES;2271150;1759033;60279995;0;64310178;8091320;0;5985643;11967743;0;26044706;90354884;2834833;49794942;0;0;1694900;0;54324675;23398200;0;0;0;841050;24239250;78563925;7450838;0;2579849;1508014;0;252258;11790959;90354884;
6232;800022127;2019-12-31;2019;MILES;27017504;44033850;82315160;4914969;158281483;26982805;194278309;16736742;-146722192;194278309;285553973;443835456;0;39811910;0;3505763;0;0;43317673;0;10334143;14993114;0;25433734;50760991;94078664;211864510;145427759;91006764;-98542241;0;0;349756792;443835456;
6233;800022127;2019-12-31;2018;MILES;2281823;22727676;108868973;4508475;138386947;35936714;138002967;18981642;-63540837;138002967;267383453;405770400;0;32566431;9973252;2737981;0;0;45277664;0;17828590;14896328;0;28645225;61370143;106647807;170262916;113935353;49439813;-34515489;0;0;299122593;405770400;
6234;800157686;2019-12-31;2019;MILES;46090;3845678;10656748;2850;14551366;7609;805255;0;1363424;805255;2981543;17532909;0;1232486;0;4992948;28992;0;6254426;0;0;0;0;788518;788518;7042944;3332123;74022;2639168;4444652;0;0;10489965;17532909;
6235;800157686;2019-12-31;2018;MILES;13277;3779525;10699423;1362;14493587;9207;1000498;0;1209919;1000498;3220122;17713709;0;1215051;0;5153013;41710;0;6409774;0;0;0;0;1048535;1048535;7458309;3332123;74022;2681163;4168092;0;0;10255400;17713709;
6236;830129289;2019-12-31;2019;MILES;6945927;22101841;42885024;11450546;83383338;58730180;96372019;0;-41453420;96372019;210020798;293404136;18441427;24785663;1983473;1271999;3187861;135381;49805804;68004847;37517967;22320612;0;15994311;143837737;193643541;21380000;5000000;7487162;60303177;0;5590256;99760595;293404136;
6237;830129289;2019-12-31;2018;MILES;11016595;23219644;59727319;11942586;105906144;61189243;41896375;0;1750516;41896375;146732509;252638653;25769989;28387952;1095579;2806906;3118773;8883;61188082;56147484;4201996;11205934;0;21670129;93225543;154413625;21380000;5000000;6340924;59997334;0;5506770;98225028;252638653;
6238;805017133;2019-12-31;2019;MILES;68645;1365159;7263126;4555912;13252842;4611855;0;0;263127;0;4874982;18127824;4902591;4145054;0;0;631488;365414;10044547;886367;0;194859;0;141586;1222812;11267359;500000;0;248202;6112263;0;0;6860465;18127824;
6239;805017133;2019-12-31;2018;MILES;291200;642642;5090501;6245103;12269446;4774474;0;0;233199;0;5007673;17277119;4262218;3847035;0;0;108396;462408;8680057;305674;0;172312;0;536870;1014856;9694913;500000;0;243496;6838710;0;0;7582206;17277119;
6240;900397327;2019-12-31;2019;MILES;0;3770;456120;0;459890;0;0;0;97159772;0;97159772;97619662;0;0;0;0;0;0;0;10143634;0;0;0;0;10143634;10143634;100000;26507660;5968424;15317004;0;39582940;87476028;97619662;
6241;900397327;2019-12-31;2018;MILES;0;7962;456120;0;464082;0;0;0;89963875;0;89963875;90427957;0;0;0;0;5181;0;5181;10158200;0;0;0;0;10158200;10163381;100000;26507660;5968424;8129573;0;39558919;80264576;90427957;
6242;900571526;2019-12-31;2019;MILES;78433;3127357;0;0;3205790;0;0;2877294;4765315;0;7642609;10848399;0;1248631;0;1703;44661;0;1294995;170451;3052551;0;0;0;3223002;4517997;1000000;0;250353;4559595;0;520454;6330402;10848399;
6243;900571526;2019-12-31;2018;MILES;32629;3687307;0;0;3719936;0;0;3052292;4218859;0;7271151;10991087;0;772091;0;554;77722;0;850367;183953;2887866;0;0;0;3071819;3922186;1000000;0;154853;3695643;0;2218405;7068901;10991087;
6244;860027326;2019-12-31;2019;MILES;459025;0;12489967;11163174;24112166;17338264;1281691;0;-889923;1281691;19011723;43123889;2800107;10321514;32360;583113;2104626;170977;16012697;1680661;0;9499;0;14764086;16454246;32466943;7000000;0;992783;2664163;0;0;10656946;43123889;
6245;860027326;2019-12-31;2018;MILES;521659;0;11340165;9709048;21570872;17633841;1140081;0;-723321;1140081;19190682;40761554;2276484;9846111;32814;560622;1352593;143490;14212114;1828364;0;21081;0;14863803;16713248;30925362;7000000;0;992783;1843409;0;0;9836192;40761554;
6246;900042741;2019-12-31;2019;MILES;41813;3630745;8238311;272686;12183555;4233448;15806629;0;-15355350;15806629;20491356;32674911;0;336427;3297;29989;197471;0;567184;968131;9077787;92192;0;512175;10650285;11217469;12284770;8333350;1992338;-1153016;0;0;21457442;32674911;
6247;900042741;2019-12-31;2018;MILES;794468;3558350;3802875;557158;8712851;4555405;24453665;0;-24453665;24453665;29009070;37721921;0;775668;81836;80120;505181;0;1442805;968131;11717362;585106;0;610517;13881116;15323921;12284770;8333350;1992338;-212458;0;0;22398000;37721921;
6248;900636944;2019-12-31;2019;MILES;530876;240550;1744166;0;2515592;150124;100801;4241319;60053601;100801;64646646;67162238;7436140;39487;0;61584;72861;0;7610072;0;0;1850522;0;0;1850522;9460594;13116818;54196960;31736508;-41545612;0;196970;57701644;67162238;
6249;900636944;2019-12-31;2018;MILES;652127;130691;2585189;0;3368007;165389;451;3919400;76656258;451;80741949;84109956;14011253;1110994;0;61224;393861;0;15577332;0;0;1439179;0;0;1439179;17016511;13116818;54196960;36170939;-36588242;0;196970;67093445;84109956;
6250;830119051;2019-12-31;2019;MILES;8817008;4409634;11702515;2983549;27912706;17620372;8403283;0;31514468;8403283;65941406;93854112;13646190;8950314;0;1009464;2149771;0;25755739;25150921;17151947;2421249;0;15871687;60595804;86351543;5502370;841267;2260977;-3713119;0;2611074;7502569;93854112;
6251;830119051;2019-12-31;2018;MILES;3976341;3983155;13697244;2996670;24653410;18892264;22194547;0;8197747;22194547;71479105;96132515;876400;14685794;0;908266;1094323;0;17564783;36792023;20463437;1528861;0;4480353;63264674;80829457;5502370;841267;2180212;5332767;0;1446442;15303058;96132515;
6252;830058632;2019-12-31;2019;MILES;100;1205;0;0;1305;0;0;0;190472099;0;190472099;190473404;0;5961;0;0;0;0;5961;0;202963;0;0;0;202963;208924;6944303;95112114;59493760;-165390032;0;194104335;190264480;190473404;
6253;830058632;2019-12-31;2018;MILES;100;1198;0;0;1298;0;0;0;162346633;0;162346633;162347931;0;30875;0;0;0;0;30875;0;132414;0;0;0;132414;163289;6944303;95112114;41555887;-161413453;0;179985791;162184642;162347931;
6254;813003433;2019-12-31;2019;MILES;266756;318184;7862525;12395577;20843042;1500629;0;437569;5649189;0;7587387;28430429;6086170;1066981;0;111345;38506;0;7303002;0;0;42173;0;15574673;15616846;22919848;1168500;0;1101505;3094251;0;146325;5510581;28430429;
6255;813003433;2019-12-31;2018;MILES;158465;335332;8090093;11158741;19742631;1404383;0;437569;1838336;0;3680288;23422919;7091859;1834057;0;102378;56097;0;9084391;0;0;68580;0;9749891;9818471;18902862;1168500;0;389033;2816199;0;146325;4520057;23422919;
6256;860002519;2019-12-31;2019;MILES;95218;52214984;10966844;0;63277046;0;0;0;372699936;0;372699936;435976982;0;518476;0;0;3890;0;522366;0;0;1212000;0;47183996;48395996;48918362;72490740;59263517;168926195;86378168;0;0;387058620;435976982;
6257;860002519;2019-12-31;2018;MILES;88903;0;0;0;88903;0;0;0;369007059;0;369007059;369095962;0;420139;0;0;160488;0;580627;0;0;1212000;0;17600360;18812360;19392987;72490740;59263517;168001202;49947516;0;0;349702975;369095962;
6258;900123725;2019-12-31;2019;MILES;1394;323461;0;0;324855;0;556535;0;141920132;556535;143033202;143358057;0;5980;0;0;0;0;5980;0;0;0;0;0;0;5980;6856024;0;188582445;-72057392;0;19971000;143352077;143358057;
6259;900123725;2019-12-31;2018;MILES;25546;341528;0;0;367074;0;539213;0;190614202;539213;191692628;192059702;0;16;0;0;12783;0;12799;0;0;0;0;0;0;12799;6856024;0;187874790;-22654911;0;19971000;192046903;192059702;
6260;800073741;2019-12-31;2019;MILES;229075;284008;383021;921786;1817890;860875;792662;8837395;1237177;792662;12520771;14338661;78013;125943;0;0;158578;21933;384467;375000;1697993;773408;0;439895;3286296;3670763;1365531;59111;224685;292582;0;8725989;10667898;14338661;
6261;800073741;2019-12-31;2018;MILES;498765;59111;809576;3636481;5003933;881412;1354753;6315368;170124;1354753;10076410;15080343;84751;337896;0;0;103847;18240;544734;450000;2977515;773408;0;64888;4265811;4810545;1260013;59111;205416;192693;0;8552565;10269798;15080343;
6262;860532426;2019-12-31;2019;MILES;6510164;845407;3386057;0;10741628;140807;0;0;6588272;0;6729079;17470707;580344;4317085;0;609608;263670;8301746;14072453;0;0;0;0;302596;302596;14375049;110000;0;1441181;1544477;0;0;3095658;17470707;
6263;860532426;2019-12-31;2018;MILES;7045592;672822;6148473;0;13866887;16265;0;0;8034018;0;8050283;21917170;0;3211725;0;763048;350898;9986149;14311820;0;4062188;0;0;680756;4742944;19054764;110000;0;1748704;1003702;0;0;2862406;21917170;
6264;830058148;2019-12-31;2019;MILES;4544648;8156894;55931367;0;68632909;5623885;0;0;84086190;0;89710075;158342984;1781901;39308814;0;794847;0;154351;42039913;3957767;63359783;0;0;0;67317550;109357463;7455210;0;5389339;36140972;0;0;48985521;158342984;
6265;830058148;2019-12-31;2018;MILES;2662718;6284198;39216844;0;48163760;4091632;0;0;41706425;0;45798057;93961817;0;23520121;0;516026;0;135093;24171240;0;28301181;0;0;0;28301181;52472421;7455210;0;5389339;28644847;0;0;41489396;93961817;
6266;890101648;2019-12-31;2019;MILES;9165;1344626;8651996;246950;10252737;25805191;3461654;0;-3461654;3461654;29266845;39519582;0;1060389;36644;0;600954;0;1697987;0;43922;5977992;0;1020374;7042288;8740275;190355;4837;95177;30488938;0;0;30779307;39519582;
6267;890101648;2019-12-31;2018;MILES;6718;982907;6248535;313074;7551234;27684889;4346636;0;-4346636;4346636;32031525;39582759;0;1027828;11715;0;309710;0;1349253;0;0;6277190;0;923085;7200275;8549528;190355;4837;95177;30742862;0;0;31033231;39582759;
6268;860003829;2019-12-31;2019;MILES;571772;338585;314508;0;1224865;0;0;32678469;10559033;0;43237502;44462367;825379;233773;0;9465;508178;0;1576795;2383926;0;548848;0;0;2932774;4509569;14000000;0;13117916;5238171;0;7596711;39952798;44462367;
6269;860003829;2019-12-31;2018;MILES;2213841;5775007;85118;0;8073966;0;0;25153840;9012878;0;34166718;42240684;761094;384947;0;16003;615004;0;1777048;3192453;0;448845;0;0;3641298;5418346;14000000;0;7161225;9159493;0;6501620;36822338;42240684;
6270;900124227;2019-12-31;2019;MILES;1252;14626;0;0;15878;0;0;0;101511331;0;101511331;101527209;0;44247;0;0;291;0;44538;0;0;0;0;0;0;44538;908000;0;75347464;13036707;0;12190500;101482671;101527209;
6271;900124227;2019-12-31;2018;MILES;18315;15430;0;0;33745;0;0;0;178585361;0;178585361;178619106;0;31236;0;0;463;0;31699;0;0;0;0;0;0;31699;908000;0;75347464;90141443;0;12190500;178587407;178619106;
6272;890911327;2019-12-31;2019;MILES;396161;2094190;30359326;14746846;47596523;29995128;0;2135749;2947342;0;35078219;82674742;11241965;9020566;0;1371832;0;0;21634363;21839360;0;1474876;0;176240;23490476;45124839;2713836;0;3393419;31442648;0;0;37549903;82674742;
6273;890911327;2019-12-31;2018;MILES;686246;2593434;23099234;18972491;45351405;23844104;0;1950936;4099351;0;29894391;75245796;17180307;11422332;0;1188949;0;0;29791588;10463183;0;2774439;0;22270;13259892;43051480;2713836;0;3393419;26087061;0;0;32194316;75245796;
6274;800153832;2019-12-31;2019;MILES;597671;738160;1830150;10755437;13921418;4917310;1614698;2589173;34137;1614698;10770016;24691434;2096808;3722995;0;0;209512;189468;6218783;2181173;0;508103;0;0;2689276;8908059;2360375;5526857;533011;2486826;0;4876306;15783375;24691434;
6275;800153832;2019-12-31;2018;MILES;348460;714963;1379099;11125485;13568007;7679907;1433448;0;147968;1433448;10694771;24262778;2108782;3713430;38781;0;591684;102989;6555666;2450163;83018;532052;0;322487;3387720;9943386;2310375;4354507;533011;2230085;0;4891414;14319392;24262778;
6276;860401339;2019-12-31;2019;MILES;2551294;32244;298024;0;2881562;0;14374503;167183666;47014825;14374503;242947497;245829059;11152775;480015;0;0;555046;708608;12896444;29925904;0;6766965;0;100000;36792869;49689313;259800;47086971;141995132;6797843;0;0;196139746;245829059;
6277;860401339;2019-12-31;2018;MILES;471111;290231;136111;0;897453;0;28567441;140021813;24378831;28567441;221535526;222432979;17754675;501817;0;0;0;1023522;19280014;36222617;0;5264687;0;0;41487304;60767318;259800;47086971;93488915;20829975;0;0;161665661;222432979;
6278;830011625;2019-12-31;2019;MILES;2239578;0;4072971;7268;6319817;2176958;0;0;47871;0;2224829;8544646;0;51730;0;24585;129923;3725;209963;0;96960;408192;0;0;505152;715115;1100000;1000000;2820364;2909167;0;0;7829531;8544646;
6279;830011625;2019-12-31;2018;MILES;2636025;0;3357492;936866;6930383;2571444;0;0;251649;0;2823093;9753476;75119;149768;0;21867;37631;262;284647;425678;693692;631533;0;0;1750903;2035550;1100000;1000000;2817478;2800448;0;0;7717926;9753476;
6280;860066524;2019-12-31;2019;MILES;116077;184168;2577383;262696;3140324;14033007;6321638;23934752;15783825;6321638;66394860;69535184;12002486;13100382;0;84510;0;1899388;27086766;5068379;1170006;1198773;0;0;7437158;34523924;48354;17260854;341908;17360144;0;0;35011260;69535184;
6281;860066524;2019-12-31;2018;MILES;65935;221716;945613;159962;1393226;9499736;3254521;26299596;15835851;3254521;58144225;59537451;4236937;10837199;0;13006;0;1891292;16978434;5572068;1590862;2560995;0;0;9723925;26702359;48354;17260854;341908;15183976;0;0;32835092;59537451;
6282;900394734;2019-12-31;2019;MILES;34666;0;229400;0;264066;3245257;628760;389596;-628760;628760;4263613;4527679;0;37091;0;20570;5246;0;62907;0;1062168;0;0;91210;1153378;1216285;3000000;0;28308;283086;0;0;3311394;4527679;
6283;900394734;2019-12-31;2018;MILES;760042;0;1828522;0;2588564;3248231;331935;259038;-331935;331935;3839204;6427768;0;1500881;0;25177;8235;60000;1594293;0;32717;0;0;96224;128941;1723234;3000000;0;0;1704534;0;0;4704534;6427768;
6284;800213511;2019-12-31;2019;MILES;2303143;161799;10581986;7084322;20131250;4890596;5919281;0;-5209606;5919281;11519552;31650802;1729393;554600;0;591886;1254812;402180;4532871;0;0;379729;0;2908727;3288456;7821327;7665490;42510;8256172;6289115;0;1576188;23829475;31650802;
6285;800213511;2019-12-31;2018;MILES;1626981;49629;10041326;6636475;18354411;2904927;4811959;0;-4394322;4811959;8134523;26488934;2984634;956187;0;442910;1897211;13974;6294916;0;0;270420;0;1435512;1705932;8000848;7665490;42510;5460222;4453690;0;866174;18488086;26488934;
6286;800130149;2019-12-31;2019;MILES;3503673;5084369;20422693;26734133;55744868;14920675;0;0;5061869;0;19982544;75727412;22527401;28200364;39852;818891;929861;700310;53216679;0;0;1246686;0;0;1246686;54463365;3472000;5438103;5372397;6981547;0;0;21264047;75727412;
6287;800130149;2019-12-31;2018;MILES;3330050;4101178;33329345;23492233;64252806;12811685;0;0;4873529;0;17685214;81938020;40765512;19895626;0;837870;1781087;1037898;64317993;0;0;309518;0;0;309518;64627511;3472000;5438103;1618119;6782287;0;0;17310509;81938020;
6288;890903436;2019-12-31;2019;MILES;11284293;619700;48624411;15762510;76290914;11123980;1042564;0;14108476;1042564;27317584;103608498;1671292;34258659;80613;1589253;1905650;149675;39655142;2758831;0;2553319;0;2715406;8027556;47682698;2124149;2115359;14886123;36800169;0;0;55925800;103608498;
6289;890903436;2019-12-31;2018;MILES;4746350;457057;49814779;13969336;68987522;7557852;979360;0;15049006;979360;24565578;93553100;122736;27626483;334000;1465927;1195966;101262;30846374;115465;0;1965015;0;2622643;4703123;35549497;2124149;2115359;17158331;36605746;0;18;58003603;93553100;
6290;830031632;2019-12-31;2019;MILES;771337;1368715;10152917;6613750;18906719;17919202;0;0;5743200;0;23662402;42569121;1252093;5593425;0;390662;1774530;4227;9014937;19889954;0;2002723;0;0;21892677;30907614;2584520;0;493293;1719588;0;6864106;11661507;42569121;
6291;830031632;2019-12-31;2018;MILES;1802509;3122911;4817645;3481090;13224155;22534021;0;0;5001909;0;27535930;40760085;868140;9824777;0;322034;591355;138949;11745255;16898576;0;2798744;0;0;19697320;31442575;2584520;0;431739;1219148;0;5082103;9317510;40760085;
6292;900308342;2019-12-31;2019;MILES;1462;288420;1749942;0;2039824;0;250000;0;230026817;250000;230526817;232566641;0;39134;0;0;0;0;39134;1687660;0;0;0;0;1687660;1726794;5140913;0;2570457;223128477;0;0;230839847;232566641;
6293;900308342;2019-12-31;2018;MILES;1597;282149;1603765;0;1887511;0;1000000;0;215183950;1000000;217183950;219071461;0;29672;0;0;13762;0;43434;1070000;0;0;0;0;1070000;1113434;5140913;0;2570457;210246657;0;0;217958027;219071461;
6294;900397334;2019-12-31;2019;MILES;9854163;1165722;13295556;674077;24989518;189363;18356367;0;-13427572;18356367;23474525;48464043;16200000;464949;0;126697;157390;11988860;28937896;0;0;0;0;0;0;28937896;935985;0;15056;-3151968;0;21727074;19526147;48464043;
6295;900397334;2019-12-31;2018;MILES;1159019;1998818;13528532;0;16686369;0;10003703;0;-9988331;10003703;10019075;26705444;9200000;12605043;0;175742;250278;174422;22405485;0;0;37051;0;0;37051;22442536;935985;0;0;-7771803;0;11098726;4262908;26705444;
6296;900483131;2019-12-31;2019;MILES;102564;130210;353922;1168932;1755628;2858076;0;0;7095884;0;9953960;11709588;0;2602045;0;0;0;0;2602045;0;18189203;0;0;0;18189203;20791248;11200;25654782;0;-34747642;0;0;-9081660;11709588;
6297;900483131;2019-12-31;2018;MILES;9830;0;275921;1797665;2083416;3419622;0;0;7340392;0;10760014;12843430;0;1942398;0;0;0;0;1942398;0;7883595;0;0;9708497;17592092;19534490;11200;25654782;0;-32357042;0;0;-6691060;12843430;
6298;800002030;2019-12-31;2019;MILES;1295767;1324560;5484190;4762027;12866544;1329971;0;0;2606588;0;3936559;16803103;0;1894475;0;0;235325;722705;2852505;0;801207;0;0;0;801207;3653712;400000;0;1299373;8923438;0;2526580;13149391;16803103;
6299;800002030;2019-12-31;2018;MILES;1120165;1045958;5761432;4739553;12667108;1494134;1083;0;1489352;1083;2985652;15652760;0;2178109;0;0;268757;654913;3101779;0;801207;0;0;0;801207;3902986;400000;0;1299373;8630833;0;1419568;11749774;15652760;
6300;830113435;2019-12-31;2019;MILES;2614;227579;1088026;0;1318219;543318;3670022;0;7494095;3670022;15377457;16695676;205862;10989573;0;11724;266214;0;11473373;0;0;0;0;0;0;11473373;175608;0;5963247;-916552;0;0;5222303;16695676;
6301;830113435;2019-12-31;2018;MILES;9086;225037;1113318;0;1347441;543318;3673224;0;7458145;3673224;15347911;16695352;314744;9404229;0;10301;372299;0;10101573;0;0;0;0;0;0;10101573;175608;0;5963247;454924;0;0;6593779;16695352;
6302;800237631;2019-12-31;2019;MILES;148818;15706;117416;2453794;2735734;37786207;2506355;0;37617817;2506355;80416734;83152468;0;27140;0;0;12516;0;39656;16248750;32906378;0;0;5430646;54585774;54625430;86700;0;43350;24812746;0;3584242;28527038;83152468;
6303;800237631;2019-12-31;2018;MILES;71081;40671;117416;2453794;2682962;37791711;2084776;0;38221978;2084776;80183241;82866203;16248750;45063;0;0;81674;0;16375487;0;32737090;0;0;5274192;38011282;54386769;86700;0;43350;24765142;0;3584242;28479434;82866203;
6304;830021747;2019-12-31;2019;MILES;320426;29576;1231694;0;1581696;21901;0;15480001;25669611;0;41171513;42753209;0;33740;0;10825;61291;28927;134783;0;0;1073645;0;0;1073645;1208428;9655205;0;3372633;28516943;0;0;41544781;42753209;
6305;830021747;2019-12-31;2018;MILES;393321;47409;669936;0;1110666;34247;0;13658249;25787101;0;39479597;40590263;0;52080;0;8345;123388;109756;293569;0;0;433792;0;0;433792;727361;9655205;0;3204445;27003252;0;0;39862902;40590263;
6306;890300346;2019-12-31;2019;MILES;18030000;135657000;33317000;88610000;275614000;883742000;64705000;283102000;-20666000;64705000;1275588000;1551202000;135244000;262300000;0;7574000;4901000;18263000;428282000;792101000;9197000;31911000;0;13444000;846653000;1274935000;41000000;0;152597000;82670000;0;0;276267000;1551202000;
6307;890300346;2019-12-31;2018;MILES;41748000;199384000;32922000;88908000;362962000;556176000;104489000;263531000;14341000;104489000;1043026000;1405988000;112928000;323518000;0;9576000;6070000;12513000;464605000;416942000;13450000;108917000;0;5363000;544672000;1009277000;41000000;0;152597000;203114000;0;0;396711000;1405988000;
6308;890304140;2019-12-31;2019;MILES;2470803;185451;11736121;34248749;48641124;13479498;911672;6120584;-247423;911672;21176003;69817127;2716278;24685446;226006;0;2697760;570505;30895995;0;6608109;1656909;0;5263378;13528396;44424391;308000;0;167595;7327354;0;17589787;25392736;69817127;
6309;890304140;2019-12-31;2018;MILES;1290950;586553;13397420;34226825;49501748;4308747;520590;5193619;529495;520590;11073041;60574789;974547;26618129;0;0;1878096;0;29470772;0;2052664;885646;0;8147911;11086221;40556993;308000;0;167595;2527087;0;17015114;20017796;60574789;
6310;830001637;2019-12-31;2019;MILES;6086923;14216933;74010599;11767210;106081665;20151961;4104763;0;82103918;4104763;110465405;216547070;27710841;34123187;0;5224915;2639237;7825670;77523850;11668504;0;1420614;0;281492;13370610;90894460;52430198;77892318;1055450;-8037721;0;2312365;125652610;216547070;
6311;830001637;2019-12-31;2018;MILES;10068008;11645098;62926102;10428966;95068174;14815219;14805676;0;73500820;14805676;117927391;212995565;22821438;26876570;645133;4329204;560528;7120409;62353282;19154676;0;2164457;0;0;21319133;83672415;52430198;77892318;1055450;-4130597;0;2075781;129323150;212995565;
6312;890315540;2019-12-31;2019;MILES;5883370;128940;24831714;8074948;38918972;8077445;0;8000;116383095;0;124468540;163387512;7061313;22866671;45185;0;2982199;6468936;39424304;57569425;0;0;0;7109411;64678836;104103140;4122782;6078888;12145426;36937276;0;0;59284372;163387512;
6313;890315540;2019-12-31;2018;MILES;940907;134076;27542480;8223051;36840514;7510476;0;8361;58639578;0;66158415;102998929;3970127;32756917;167109;0;2839292;1756092;41489537;15788000;0;0;0;0;15788000;57277537;3447350;0;12112232;30161810;0;0;45721392;102998929;
6314;860000537;2019-12-31;2019;MILES;72856;26950149;12110307;0;39133312;500911809;246810642;0;12352203;246810642;1006885296;1046018608;2040676;26912025;0;0;3246450;814788;33013939;425705092;14598971;0;0;0;440304063;473318002;2737395;21348137;16388508;259225854;0;273000712;572700606;1046018608;
6315;860000537;2019-12-31;2018;MILES;83735;3301739;14624097;0;18009571;458247745;234070578;0;72124832;234070578;998513733;1016523304;5846356;8243309;0;0;3145165;763085;17997915;400417337;14419591;417151;0;0;415254079;433251994;2737395;21348137;31388508;215673676;0;312123594;583271310;1016523304;
6316;900449442;2019-12-31;2019;MILES;2531;11166;2502562;0;2516259;8628726;1283258;735669;124082317;1283258;136013228;138529487;0;203228;0;0;31833;0;235061;0;0;732573;0;0;732573;967634;5152920;12864600;1791214;50164506;0;67588613;137561853;138529487;
6317;900449442;2019-12-31;2018;MILES;837;14941;1671596;351;1687725;9220965;1200000;701402;118431034;1200000;130753401;132441126;0;564541;0;0;44541;0;609082;27536;0;410430;0;0;437966;1047048;5152920;12864600;990000;49142901;0;63243657;131394078;132441126;
6318;891501133;2019-12-31;2019;MILES;621710;64480595;88229962;11189636;164521903;615662060;32549654;4006999;426643825;32549654;1111412192;1275934095;106231195;210602307;10000;5767631;45704;618191;323275028;199750439;7060930;109179513;0;0;315990882;639265910;21202426;57361964;218037871;29599819;0;310466105;636668185;1275934095;
6319;891501133;2019-12-31;2018;MILES;4697337;55504976;73485612;8237686;141925611;530052151;36650424;4056936;364200129;36650424;971610064;1113535675;89109354;174155596;10000;4440996;112455;5496856;273325257;187520000;7061350;88119404;0;0;282700754;556026011;21202426;17094469;205566277;53573404;0;260073088;557509664;1113535675;
6320;900353530;2019-12-31;2019;MILES;7004470;3174140;8226961;0;18405571;1928205;0;0;24028205;0;25956410;44361981;18099;4275535;298825;1232591;1369385;2390107;9584542;8221648;0;5668038;0;473380;14363066;23947608;16500000;0;1408234;2506139;0;0;20414373;44361981;
6321;900353530;2019-12-31;2018;MILES;7044613;5162418;3578197;0;15785228;292100;0;0;25312614;0;25604714;41389942;1830;1766584;542177;987308;1104621;1633598;6036118;10531888;0;4636127;0;942817;16110832;22146950;16500000;0;1335930;1407062;0;0;19242992;41389942;
6322;800161734;2019-12-31;2019;MILES;0;477;0;0;477;0;0;0;43592569;0;43592569;43593046;0;1524;0;0;0;0;1524;0;3020749;0;0;0;3020749;3022273;7079737;14447799;5275078;13768159;0;0;40570773;43593046;
6323;800161734;2019-12-31;2018;MILES;0;0;0;0;0;0;0;0;12431832;0;12431832;12431832;0;3900;0;0;1052;0;4952;0;2847370;0;0;0;2847370;2852322;7079737;14447799;2175952;-14123978;0;0;9579510;12431832;
6324;819003334;2019-12-31;2019;MILES;128610;19157;46090;53983;247840;6667660;15399;0;2972823;15399;9671281;9919121;186667;73588;0;41262;26390;18314;346221;93333;489233;1350720;0;0;1933286;2279507;200000;1140000;8948;55723;0;6234943;7639614;9919121;
6325;819003334;2019-12-31;2018;MILES;5400;24619;64110;16539;110668;6716081;0;0;2731605;0;9447686;9558354;66606;54484;0;34912;59755;349005;564762;0;56304;1374738;0;0;1431042;1995804;200000;1140000;5292;-17685;0;6234943;7562550;9558354;
6326;806004930;2019-12-31;2019;MILES;33817;218765;39725351;0;39977933;6228611;0;1542702;2477392;0;10248705;50226638;18186808;15200724;0;523398;1725122;0;35636052;0;0;0;0;0;0;35636052;10000000;0;764881;3825705;0;0;14590586;50226638;
6327;806004930;2019-12-31;2018;MILES;34175;310546;51286402;496000;52127123;22743752;0;18991864;13258683;0;54994299;107121422;72157503;20514077;0;667266;1751776;10093921;105184543;0;0;0;0;0;0;105184543;10000000;0;764881;-8828002;0;0;1936879;107121422;
6328;830093741;2019-12-31;2019;MILES;359070;2442700;12724627;1180871;16707268;38349325;0;0;28240622;0;66589947;83297215;11267942;22223392;0;1134763;545790;2752346;37924233;14786803;6621024;1542973;0;0;22950800;60875033;2500000;9524304;9775418;622460;0;0;22422182;83297215;
6329;830093741;2019-12-31;2018;MILES;84102;1947141;1295129;666755;3993127;41213946;0;0;818727;0;42032673;46025800;8889903;5425669;0;994126;532282;4225550;20067530;4522864;377593;1429109;0;0;6329566;26397096;2500000;9524304;6592001;1012399;0;0;19628704;46025800;
6330;890910447;2019-12-31;2019;MILES;1412539;0;11018230;0;12430769;1601970;0;0;1668657;0;3270627;15701396;2606237;2802014;316074;1358366;157515;73054;7313260;0;0;199825;0;0;199825;7513085;3305254;0;939042;3944015;0;0;8188311;15701396;
6331;890910447;2019-12-31;2018;MILES;18195;0;12076318;0;12094513;1628471;0;0;1767659;0;3396130;15490643;2696510;2730122;254951;1573708;250947;51682;7557920;0;0;417127;0;126239;543366;8101286;3269185;0;781312;3338860;0;0;7389357;15490643;
6332;816001182;2019-12-31;2019;MILES;4204494;82254494;1129760717;305333136;1521552841;31095415;56261412;28110429;107912827;56261412;279641495;1801194336;255095414;1161585849;0;10974349;0;25774295;1453429907;69659795;15303193;9243517;0;0;94206505;1547636412;10000000;0;5000000;222560005;0;15997919;253557924;1801194336;
6333;816001182;2019-12-31;2018;MILES;6750033;60927446;870483077;286871129;1225031685;30680861;27347322;2729569;136361263;27347322;224466337;1449498022;221497290;874558318;0;9892853;0;26794617;1132743078;54107333;20526300;1635978;0;0;76269611;1209012689;10000000;0;5000000;209500267;0;15985066;240485333;1449498022;
6334;900674139;2019-12-31;2019;MILES;1535600;29970850;18752404;0;50258854;0;0;0;57838366;0;57838366;108097220;32322712;2206941;0;0;104676;0;34634329;0;0;532560;0;0;532560;35166889;23670004;0;47371658;64351;0;1824318;72930331;108097220;
6335;900674139;2019-12-31;2018;MILES;20866;9280;16708358;0;16738504;0;0;0;94439972;0;94439972;111178476;24626753;97238;0;0;134010;0;24858001;779940;0;708855;0;0;1488795;26346796;23670004;0;56120817;3219096;0;1821763;84831680;111178476;
6336;811037742;2019-12-31;2019;MILES;5048828;4929807;4904334;30660303;45543272;1317367;0;496528;13304867;0;15118762;60662034;0;39144877;0;96208;173123;0;39414208;3861839;0;0;0;0;3861839;43276047;224900;10450030;3958793;-740016;0;3492280;17385987;60662034;
6337;811037742;2019-12-31;2018;MILES;2995568;6519382;4340612;22397961;36253523;1386233;0;496528;12887907;0;14770668;51024191;0;30198704;0;78134;403261;0;30680099;2183780;0;0;0;0;2183780;32863879;224900;10450030;3475204;517898;0;3492280;18160312;51024191;
6338;804000690;2019-12-31;2019;MILES;203749;371840;898672;0;1474261;5210987;0;0;370218;0;5581205;7055466;250074;53156;0;16599;148984;0;468813;3335720;0;213012;0;184284;3733016;4201829;1097000;617625;369009;-1391774;0;2161777;2853637;7055466;
6339;804000690;2019-12-31;2018;MILES;590183;482193;517246;0;1589622;5220249;0;0;378358;0;5598607;7188229;108131;219335;0;21258;215706;0;564430;3683667;0;377683;0;150574;4211924;4776354;1097000;617625;369009;-1833536;0;2161777;2411875;7188229;
6340;800013736;2019-12-31;2019;MILES;336278;424994;2936684;1302586;5000542;92551564;0;2548250;38765801;0;133865615;138866157;2305941;3712708;0;241815;0;16317;6276781;22946556;19995501;5494638;0;0;48436695;54713476;5478896;3059000;3858;2039693;0;73571234;84152681;138866157;
6341;800013736;2019-12-31;2018;MILES;21805;326527;2372963;2106443;4827738;90624418;0;2548250;38318049;0;131490717;136318455;6740305;5949252;0;289528;0;16272;12995357;17011548;18335989;5410729;0;0;40758266;53753623;5478896;3059000;-1708000;2163702;0;73571234;82564832;136318455;
6342;890328053;2019-12-31;2019;MILES;1689902;195018379;0;0;196708281;65920;640000;0;72060736;640000;73406656;270114937;0;79563291;0;0;570633;0;80133924;0;0;5820692;0;0;5820692;85954616;4924185;17272326;58933954;103029856;0;0;184160321;270114937;
6343;890328053;2019-12-31;2018;MILES;1871;184531737;0;0;184533608;114900;640000;0;71596709;640000;72991609;257525217;0;68239632;0;0;402385;0;68642017;0;0;5788962;0;0;5788962;74430979;4924185;17272326;58616960;102280767;0;0;183094238;257525217;
6344;901213639;2019-12-31;2019;MILES;3000;0;0;0;3000;0;0;0;35498217;0;35498217;35501217;0;104925;0;0;13;0;104938;0;0;0;0;0;0;104938;4000;34174395;1455710;-237826;0;0;35396279;35501217;
6345;901213639;2019-12-31;2018;MILES;3000;0;0;0;3000;0;0;0;37251564;0;37251564;37254564;0;102842;0;0;0;0;102842;0;0;0;0;0;0;102842;4000;34174395;618028;2355299;0;0;37151722;37254564;
6346;890312765;2019-12-31;2019;MILES;66047345;17601225;65475724;9833974;158958268;22394236;33096503;1432127;-30841984;33096503;59177385;218135653;6190768;57763718;0;0;618735;0;64573221;0;0;12587627;0;926638;13514265;78087486;3740417;102310228;5252162;27180545;0;1564815;140048167;218135653;
6347;890312765;2019-12-31;2018;MILES;65226893;14601825;142455637;4565852;226850207;28823359;20047349;0;-15163003;20047349;53755054;280605261;6027205;129507171;0;0;6180077;0;141714453;375798;0;5595354;0;1913207;7884359;149598812;3740417;102310228;5252162;18234122;0;1469520;131006449;280605261;
6348;900909553;2019-12-31;2019;MILES;154933;13789;169;0;168891;0;0;0;99968490;0;99968490;100137381;0;956;8956;0;15667;0;25579;0;0;0;0;0;0;25579;5282186;0;2775936;26841754;0;65211926;100111802;100137381;
6349;900909553;2019-12-31;2018;MILES;39494;351;3685455;0;3725300;0;0;0;83920959;0;83920959;87646259;0;0;8956;0;60658;725;70339;0;0;0;0;0;0;70339;5282186;0;2775936;30229468;0;49288330;87575920;87646259;
6350;900111343;2019-12-31;2019;MILES;2701922;11103630;22933501;1862863;38601916;9585876;0;0;1282417;0;10868293;49470209;4510042;10964776;7231163;288692;8343955;0;31338628;0;0;0;0;0;0;31338628;12721309;0;1255355;4154917;0;0;18131581;49470209;
6351;900111343;2019-12-31;2018;MILES;6543588;7335695;37324853;1647007;52851143;2674658;0;0;1039333;0;3713991;56565134;20800000;6321367;8051670;162639;6562223;0;41897899;0;0;0;0;0;0;41897899;12721309;0;905671;1040255;0;0;14667235;56565134;
6352;900608144;2019-12-31;2019;MILES;90605191;0;4198374;0;94803565;0;0;0;120265966;0;120265966;215069531;0;15908244;0;0;8423779;0;24332023;0;0;0;0;0;0;24332023;100;0;0;43674886;0;147062522;190737508;215069531;
6353;900608144;2019-12-31;2018;MILES;100;0;2723932;0;2724032;0;0;0;169037187;0;169037187;171761219;0;10071571;0;0;5795475;0;15867046;0;0;0;0;0;0;15867046;100;0;0;16833767;0;139060306;155894173;171761219;
6354;900888439;2019-12-31;2019;MILES;38856;1097441;1233158;1312688;3682143;21516942;453057444;9245000;-347548413;453057444;589328417;593010560;0;1849382;0;152207;2071510;0;4073099;6125810;166631957;2013658;0;2913262;177684687;181757786;3481290;421771967;1504597;-16495836;0;990756;411252774;593010560;
6355;900888439;2019-12-31;2018;MILES;11374697;0;204892;1366248;12945837;22363424;444319465;9245000;-319049095;444319465;601198259;614144096;0;0;650578;144362;6995237;6077566;13867743;6583706;173084731;1132175;0;0;180800612;194668355;3481290;421771967;1504597;-7282113;0;0;419475741;614144096;
6356;860534736;2019-12-31;2019;MILES;109;0;0;13;122;0;0;0;15965859;0;15965859;15965981;0;8233;0;0;0;0;8233;0;17161;0;0;0;17161;25394;1000;0;0;15939587;0;0;15940587;15965981;
6357;860534736;2019-12-31;2018;MILES;109;0;0;13;122;0;0;0;19026565;0;19026565;19026687;0;6213;0;0;0;0;6213;0;17161;0;0;0;17161;23374;1000;0;0;19002313;0;0;19003313;19026687;
6358;900354036;2019-12-31;2019;MILES;3622043;2902539;14707739;6056052;27288373;33469588;0;0;23378230;0;56847818;84136191;2611294;19255065;0;641822;948271;0;23456452;20803506;0;2309017;0;490843;23603366;47059818;40014;23584046;20007;1886185;0;11546121;37076373;84136191;
6359;900354036;2019-12-31;2018;MILES;844450;2828267;7684531;7258233;18615481;27907057;0;0;22875458;0;50782515;69397996;2368302;15176346;0;681313;814769;0;19040730;11531501;0;2479737;0;453495;14464733;33505463;40014;23584046;20007;1086196;0;11162270;35892533;69397996;
6360;830050633;2019-12-31;2019;MILES;2452593;201172;10902956;941342;14498063;379880;0;2180780;6651595;0;9212255;23710318;0;525135;0;125869;186557;878636;1716197;18875671;8012312;0;0;66930;26954913;28671110;2193600;0;2083994;-10229000;0;990614;-4960792;23710318;
6361;830050633;2019-12-31;2018;MILES;5167693;2216026;8882376;893827;17159922;160481;0;0;6364030;0;6524511;23684433;1658;2727905;0;164491;89544;256665;3240263;18879482;6351720;66930;160790;0;25458922;28699185;2193600;0;2083994;-10282960;0;990614;-5014752;23684433;
6362;900679739;2019-12-31;2019;MILES;919560;517640;150370;0;1587570;41965266;0;0;64779618;0;106744884;108332454;185715;317551;0;97626;30000;0;630892;55033239;0;0;0;0;55033239;55664131;59362000;39248163;0;-46940360;0;998520;52668323;108332454;
6363;900679739;2019-12-31;2018;MILES;56314;478334;217132;0;751780;39290702;0;0;64813342;0;104104044;104855824;0;1379776;1884897;51225;1146474;0;4462372;35020483;0;0;0;0;35020483;39482855;59362000;39248163;0;-34235714;0;998520;65372969;104855824;
6364;900866440;2019-12-31;2019;MILES;159387579;1761627;446227;0;161595433;215130;6113;0;240449599;6113;240676955;402272388;0;25044703;0;175099;23806;0;25243608;187089689;80775728;52303148;0;0;320168565;345412173;50000;0;2830731;53979484;0;0;56860215;402272388;
6365;900866440;2019-12-31;2018;MILES;84934463;234280;103049;0;85271792;286628;3000;0;180782580;3000;181075208;266347000;0;21176473;0;145054;9634;0;21331161;171363248;466732;41123783;0;3754766;216708529;238039690;50000;0;1384357;26872953;0;0;28307310;266347000;
6366;860002537;2019-12-31;2019;MILES;597369;12356;53431454;9538960;63580139;21406565;231015;0;114162576;231015;136031171;199611310;3315296;6428341;1407774;1382662;4607278;1493063;18634414;0;0;1390361;0;6706854;8097215;26731629;5493;89609;61562358;111222221;0;0;172879681;199611310;
6367;860002537;2019-12-31;2018;MILES;857350;9809;41299243;7136189;49302591;20724525;198350;0;109235505;198350;130356730;179659321;3292522;4493599;318562;1305787;4231897;1371657;15014024;0;0;2203711;0;6148299;8352010;23366034;5493;89609;48118693;106920074;0;1159418;156293287;179659321;
6368;800197463;2019-12-31;2019;MILES;36023519;160711337;210920278;131356463;539011597;384305087;0;0;238011241;0;622316328;1161327925;296835953;98188896;0;10207620;2978799;0;408211268;235502809;0;28680412;0;51191012;315374233;723585501;19270900;503110141;22050783;-106689400;0;0;437742424;1161327925;
6369;800197463;2019-12-31;2018;MILES;37741930;92773476;182873156;122583849;435972411;231119573;0;0;187576574;0;418696147;854668558;239212379;51775215;0;9468130;5075718;0;305531442;199737689;0;21176839;0;22196387;243110915;548642357;17218715;299943686;22050783;-33186983;0;0;306026201;854668558;
6370;900354637;2019-12-31;2019;MILES;29530239;2535480;15019799;3519065;50604583;58571577;12440304;0;5027157;12440304;88479342;139083925;12642757;18680250;486876;0;547382;38627586;70984851;3935315;24159929;1893305;0;0;29988549;100973400;12898545;0;3698963;-13343676;0;34856693;38110525;139083925;
6371;900354637;2019-12-31;2018;MILES;2587864;2669005;24479604;1338181;31074654;58019370;10516609;0;-7430139;10516609;71622449;102697103;6008193;27857342;584948;0;578816;3946273;38975572;6108992;22640414;3307086;0;0;32056492;71032064;12898545;0;3676380;-21474152;0;36564266;31665039;102697103;
6372;830146338;2019-12-31;2019;MILES;3460083;0;11883;0;3471966;0;440009;0;37085843;440009;37965861;41437827;0;452303;0;0;197347;0;649650;0;12000;0;0;0;12000;661650;15000000;0;9139466;11501766;0;5134945;40776177;41437827;
6373;830146338;2019-12-31;2018;MILES;32039201;0;150670;0;32189871;0;440009;0;38464325;440009;39344343;71534214;0;518962;833757;0;2964283;0;4317002;0;12000;0;0;0;12000;4329002;15000000;0;9139466;37930801;0;5134945;67205212;71534214;
6374;800065539;2019-12-31;2019;MILES;1041836;8494495;24786244;0;34322575;18873586;10642404;0;99141583;10642404;139299977;173622552;13196283;12866304;0;3119099;1360331;399533;30941550;0;32753341;5528157;0;981587;39263085;70204635;4337238;41588139;11420956;46071584;0;0;103417917;173622552;
6375;800065539;2019-12-31;2018;MILES;517766;7487371;22873818;0;30878955;21504561;16494413;0;99342745;16494413;153836132;184715087;3133645;31294394;0;2264611;356438;1164;37050252;11329950;43256819;5085437;0;0;59672206;96722458;3144154;13536223;11420956;59891296;0;0;87992629;184715087;
6376;830138743;2019-12-31;2019;MILES;116934;0;6311205;10646829;17074968;8353302;0;16978164;15367;0;25346833;42421801;1491911;1081317;318183;220428;617236;0;3729075;6708669;0;2270128;0;0;8978797;12707872;4000020;2300020;559497;2337222;0;20517170;29713929;42421801;
6377;830138743;2019-12-31;2018;MILES;663448;0;5002326;10646550;16312324;9086973;0;16424651;33183;0;25544807;41857131;1619373;260823;750498;86297;364944;0;3081935;6708669;1752;2270623;0;0;8981044;12062979;4000020;2300020;559497;2421247;0;20513368;29794152;41857131;
6378;900658437;2019-12-31;2019;MILES;718162;0;0;0;718162;0;0;0;0;0;0;718162;0;2679;0;0;3923;0;6602;0;0;0;0;0;0;6602;974304;753693;0;-1016437;0;0;711560;718162;
6379;900658437;2019-12-31;2018;MILES;768210;0;0;0;768210;0;0;0;0;0;0;768210;0;4255;0;0;9550;0;13805;0;0;0;0;0;0;13805;974304;753693;0;-973592;0;0;754405;768210;
6380;830000640;2019-12-31;2019;MILES;4121254;10378310;33288098;0;47787662;2025509;0;0;20386616;0;22412125;70199787;327059;35277919;1687234;895638;0;2706732;40894582;4015601;0;623408;0;0;4639009;45533591;3437267;0;2124178;19104751;0;0;24666196;70199787;
6381;830000640;2019-12-31;2018;MILES;567815;11327663;30835655;0;42731133;2530398;0;0;13410112;0;15940510;58671643;31747;27251324;1678453;779454;0;7176475;36917453;12364;0;0;0;0;12364;36929817;3437267;0;2124178;16180381;0;0;21741826;58671643;
6382;900123136;2019-12-31;2019;MILES;35686;0;15389960;0;15425646;0;0;0;27274468;0;27274468;42700114;0;189658;0;0;292744;12855488;13337890;0;0;0;0;0;0;13337890;688000;0;14669120;4155313;0;9849791;29362224;42700114;
6383;900123136;2019-12-31;2018;MILES;18147;25042575;160000;0;25220722;0;0;0;31118134;0;31118134;56338856;0;179139;0;0;277132;24997506;25453777;0;0;0;0;0;0;25453777;688000;0;14669120;5678168;0;9849791;30885079;56338856;
6384;900038933;2019-12-31;2019;MILES;9786785;5170523;75299807;18513;90275628;13579321;0;0;22871664;0;36450985;126726613;2783102;93156099;0;0;1565618;4404793;101909612;568343;0;41;0;9390074;9958458;111868070;11175000;3119884;5237569;-4673910;0;0;14858543;126726613;
6385;900038933;2019-12-31;2018;MILES;6011303;3307619;62245498;0;71564420;16901258;0;0;10595004;0;27496262;99060682;2788257;74300338;0;0;1470886;0;78559481;1250363;0;647128;0;0;1897491;80456972;10875000;3119884;5237569;-628743;0;0;18603710;99060682;
6386;800150443;2019-12-31;2019;MILES;3314754;2047143;22603918;15833767;43799582;607507;21666207;0;1878051;21666207;45817972;89617554;9942034;18490804;0;0;439493;1313167;30185498;3590635;6185878;0;0;2245623;12022136;42207634;113679;11036396;34476555;1783290;0;0;47409920;89617554;
6387;800150443;2019-12-31;2018;MILES;3595756;1857785;23718653;14764568;43936762;767391;16639753;0;5827005;16639753;39873902;83810664;6022165;19503633;0;0;564486;1600594;27690878;1844444;7583304;0;0;564084;9991832;37682710;113679;11036396;32424831;2553048;0;0;46127954;83810664;
6388;860513290;2019-12-31;2019;MILES;11814560;3283921;50263483;12137129;77499093;135529987;0;5340767;11817669;0;152688423;230187516;202286;21363750;0;611188;7774553;173;29951950;93837017;0;8664664;0;3292136;105793817;135745767;14635730;6302930;-12468419;53026782;0;32944726;94441749;230187516;
6389;860513290;2019-12-31;2018;MILES;902448;169669;53150055;15541438;69763610;138022246;0;5292980;27641660;0;170956886;240720496;0;21997194;0;604173;4069307;2228;26672902;96775167;0;6643740;0;3159954;106578861;133251763;14635730;6302930;-4691252;58276599;0;32944726;107468733;240720496;
6390;900497754;2019-12-31;2019;MILES;2837484;715150;287186;9619296;13459116;131268;0;0;177325;0;308593;13767709;2562688;1020756;0;74444;30644;2933340;6621872;0;0;133505;0;2023193;2156698;8778570;4050000;0;563471;375668;0;0;4989139;13767709;
6391;900497754;2019-12-31;2018;MILES;2249590;387577;196372;9319327;12152866;129810;0;0;139950;0;269760;12422626;1363061;898740;0;54117;14463;2551084;4881465;1827912;0;83350;0;651608;2562870;7444335;4050000;0;297854;630437;0;0;4978291;12422626;
6392;800255754;2019-12-31;2019;MILES;4473395;7332110;33277055;0;45082560;13873080;0;0;62258429;0;76131509;121214069;11158440;13656910;0;3091522;0;3563880;31470752;41798557;0;0;0;831188;42629745;74100497;10224438;56050213;2093857;-21254936;0;0;47113572;121214069;
6393;800255754;2019-12-31;2018;MILES;2910998;3824950;27349856;385768;34471572;16941816;0;0;12449843;0;29391659;63863231;290000;10398417;0;3076709;0;2715821;16480947;0;32612474;0;0;1333855;33946329;50427276;10224437;25554193;1647086;-23989761;0;0;13435955;63863231;
6394;830070851;2019-12-31;2019;MILES;78012;0;1263815;24643;1366470;10503567;0;922861;88781964;0;100208392;101574862;328151;409900;0;0;80911;62325;881287;0;4445599;8334766;0;0;12780365;13661652;737472;0;530355;76056970;0;10588413;87913210;101574862;
6395;830070851;2019-12-31;2018;MILES;46824;0;1013983;49535;1110342;10576357;0;922861;85844452;0;97343670;98454012;340603;167650;0;0;182393;54814;745460;0;4250364;8000436;0;0;12250800;12996260;737472;0;530355;76259410;0;7930515;85457752;98454012;
6396;900086745;2019-12-31;2019;MILES;2046816;3636971;1287085;14829926;21800798;185808179;0;0;96979444;0;282787623;304588421;9129031;5044962;0;262891;462391;10402805;25302080;45400595;0;11754226;0;0;57154821;82456901;18351722;5074959;118077954;5156244;0;75470641;222131520;304588421;
6397;900086745;2019-12-31;2018;MILES;192352;3230224;7236858;3844145;14503579;172210679;0;0;107404755;0;279615434;294119013;14257663;7625479;0;350268;614901;3306171;26154482;28262046;0;7426305;0;0;35688351;61842833;20018312;5074959;134313292;7273622;0;65595995;232276180;294119013;
6398;817000747;2019-12-31;2019;MILES;108824;6563251;6094889;16177953;28944917;62628440;321683;0;80846003;321683;144117809;173062726;8353812;28760982;0;0;3243483;184648;40542925;71679472;0;5227703;0;0;76907175;117450100;16216742;0;6620049;32775835;0;0;55612626;173062726;
6399;817000747;2019-12-31;2018;MILES;263543;11290459;5075244;15078840;31708086;62806513;604762;0;-566212;604762;63449825;95157911;3980676;31218393;0;55265;2854045;172401;38280780;9287597;0;5167644;0;0;14455241;52736021;9616742;0;15584999;17220149;0;0;42421890;95157911;
6400;860058070;2019-12-31;2019;MILES;195942771;0;385143390;427738790;1008824951;81927353;131998772;63701216;517353683;131998772;926979796;1935804747;697322053;206208201;32923936;6529239;9888967;143251111;1096123507;171834257;10160235;1616520;0;80061867;263672879;1359796386;11900095;238063665;500249970;-174205369;0;0;576008361;1935804747;
6401;860058070;2019-12-31;2018;MILES;156510153;0;463871027;629258498;1249639678;76826112;78561555;21272293;569499020;78561555;824720535;2074360213;265429113;183225932;24406277;6737118;4854367;91851773;576504580;591290836;2371370;8890708;0;119724361;722277275;1298781855;11900095;238063665;469242354;56372244;0;0;775578358;2074360213;
6402;860052988;2019-12-31;2019;MILES;3475487;253667;7643490;7945961;19318605;7662339;0;1684590;9853293;0;19200222;38518827;0;1607782;0;0;534720;0;2142502;0;0;513811;0;27149;540960;2683462;6726486;12241436;646876;13114049;0;3106518;35835365;38518827;
6403;860052988;2019-12-31;2018;MILES;4403558;274445;7509623;7830657;20018283;7567148;0;1711412;9807642;0;19086202;39104485;532153;2725345;0;0;114261;0;3371759;0;0;509675;0;0;509675;3881434;6726486;12241436;581779;12568652;0;3104698;35223051;39104485;
6404;800048943;2019-12-31;2019;MILES;20710522;18442195;152561723;130462693;322177133;435548376;46350176;0;27936316;46350176;556185044;878362177;0;150819944;2766061;3764586;2708893;16357510;176416994;0;0;0;0;343057504;343057504;519474498;94123081;152814058;165362464;-166481434;0;113069510;358887679;878362177;
6405;800048943;2019-12-31;2018;MILES;16343907;27964337;151904583;140124237;336337064;463826960;45321014;0;21739004;45321014;576207992;912545056;0;149057025;2780649;11122847;4885904;49946436;217792861;0;0;0;0;318684137;318684137;536476998;94123081;152814058;162174815;-184255919;0;151212023;376068058;912545056;
6406;800208785;2019-12-31;2019;MILES;21103726;7812010;22729136;16567715;68212587;35679103;0;0;8726936;0;44406039;112618626;2870113;23878752;0;4708006;2890809;0;34347680;3588569;0;0;0;0;3588569;37936249;5370000;0;2685001;47560348;0;19067028;74682377;112618626;
6407;800208785;2019-12-31;2018;MILES;15337596;5259323;19710694;18450247;58757860;36839351;0;0;1264678;0;38104029;96861889;0;21495601;0;2648354;4506416;0;28650371;0;0;0;0;0;0;28650371;5370000;0;2685001;41089489;0;19067028;68211518;96861889;
6408;830114143;2019-12-31;2019;MILES;7762902;950552;12586732;2824034;24124220;571290;0;1000882;3552698;0;5124870;29249090;78038;755591;0;183853;148913;0;1166395;8496;173279;0;0;21278630;21460405;22626800;6600000;0;1056848;-1034558;0;0;6622290;29249090;
6409;830114143;2019-12-31;2018;MILES;7893790;4807978;11018601;2568989;26289358;883933;0;613405;1658254;0;3155592;29444950;199339;1288400;0;259417;199654;0;1946810;46513;2707677;0;0;17174248;19928438;21875248;6600000;0;1017075;-47373;0;0;7569702;29444950;
6410;900064443;2019-12-31;2019;MILES;18808150;2823265;9460896;392798;31485109;13486522;0;320000;16976557;0;30783079;62268188;794737;23511382;0;136356;1749442;78663;26270580;0;0;594296;0;0;594296;26864876;5821039;0;1280209;17473589;0;10828475;35403312;62268188;
6411;900064443;2019-12-31;2018;MILES;1890558;6042955;8268474;388400;16590387;13978727;0;320000;15811503;0;30110230;46700617;3279764;12002692;2241718;239222;2801828;0;20565224;758274;0;320863;0;0;1079137;21644361;5821039;0;1280209;7559947;0;10395061;25056256;46700617;
6412;890100477;2019-12-31;2019;MILES;1539270;8723074;15555446;2166413;27984203;16065955;0;3923933;1319955;0;21309843;49294046;6051;7909238;1680920;0;747044;980606;11323859;0;0;1672936;0;1401031;3073967;14397826;2319000;0;1161473;31313756;0;101991;34896220;49294046;
6413;890100477;2019-12-31;2018;MILES;1312945;5917048;15312899;3567702;26110594;16439368;0;3923933;1371635;0;21734936;47845530;0;8236913;978539;0;350242;946379;10512073;0;0;1632210;0;1458590;3090800;13602873;2319000;0;1109182;30712484;0;101991;34242657;47845530;
6414;811023657;2019-12-31;2019;MILES;239913;8263829;2421765;117520;11043027;38463005;380170;423320;1556009;380170;41202674;52245701;2207688;1815434;0;0;35904;1016896;5075922;3619458;7400309;5701814;0;0;16721581;21797503;1412000;1307000;1545063;26184135;0;0;30448198;52245701;
6415;811023657;2019-12-31;2018;MILES;1044903;5929427;2299656;882890;10156876;36106147;851680;423320;1547076;851680;39779903;49936779;430310;1592466;0;0;138020;1130292;3291088;5094061;5832760;5553252;0;0;16480073;19771161;1412000;1307000;1340427;26106191;0;0;30165618;49936779;
6416;900044844;2019-12-31;2019;MILES;851096;7991512;3462516;4017123;16322247;15812595;440383;0;2370774;440383;19064135;35386382;6186527;6541769;0;361305;1102887;5537739;19730227;13352014;0;1119986;0;463041;14935041;34665268;24326668;37479523;570551;-69330977;0;7675349;721114;35386382;
6417;900044844;2019-12-31;2018;MILES;520327;9009957;4767707;4552366;18850357;16579119;61472;0;2786123;61472;19488186;38338543;5669293;2111399;0;225598;2141305;10720016;20867611;20460341;0;1079270;0;142267;21681878;42549489;15326668;37479523;570551;-65256893;0;7669205;-4210946;38338543;
6418;800173155;2019-12-31;2019;MILES;7585382;29204023;166772838;422204614;625766857;14307703;0;87154508;40399107;0;141861318;767628175;47829377;83167232;0;0;12727337;72723261;216447207;148200778;0;6604940;0;235585441;390391159;606838366;6848000;0;6861466;141064843;0;6015500;160789809;767628175;
6419;800173155;2019-12-31;2018;MILES;10575624;33704890;147570313;407284608;599135435;14634126;0;80692173;38234189;0;133560488;732695923;37425671;64163129;0;0;9334200;91302032;202225032;155570366;0;13950063;0;205430663;374951092;577176124;6848000;0;6861466;135794833;0;6015500;155519799;732695923;
6420;830047444;2019-12-31;2019;MILES;288524;0;9795117;443256;10526897;6982590;1147294;0;8135399;1147294;17412577;27939474;3273605;4561548;0;0;1074477;0;8909630;8967209;0;3192676;0;0;12159885;21069515;2088720;0;44618;3843551;0;893070;6869959;27939474;
6421;830047444;2019-12-31;2018;MILES;85194;0;7358263;554076;7997533;6929150;981305;0;7102121;981305;15993881;23991414;2260368;4331310;0;0;207443;0;6799121;7567319;0;3363995;0;17934;10949248;17748369;2088720;0;44618;3216637;0;893070;6243045;23991414;
6422;800202510;2019-12-31;2019;MILES;850610;3879495;5616230;7018064;17364399;25153102;0;8650752;2409714;0;36213568;53577967;281002;6225769;0;0;1023976;55720;7586467;0;5519222;5047165;0;250000;10816387;18402854;102000;0;58916;15267854;0;19746343;35175113;53577967;
6423;800202510;2019-12-31;2018;MILES;2205037;4543527;7449379;9816610;24014553;22029759;0;7356592;2240285;0;31626636;55641189;189944;9125536;0;0;1001984;69635;10387099;0;10060700;4694770;0;400386;15155856;25542955;102000;0;58916;12617463;0;17319855;30098234;55641189;
6424;900463395;2019-12-31;2019;MILES;14067;979642;1655441;311711;2960861;1703147;0;150000;413083;0;2266230;5227091;132499;2636347;0;16635;150973;8467;2944921;761682;0;229431;0;0;991113;3936034;1200000;0;134416;-43359;0;0;1291057;5227091;
6425;900463395;2019-12-31;2018;MILES;107650;1001937;798529;776194;2684310;3417483;0;0;532023;0;3949506;6633816;1287329;656447;0;32285;79136;82869;2138066;1430489;861202;442355;0;0;2734046;4872112;1200000;0;134416;427288;0;0;1761704;6633816;
6426;900572444;2019-12-31;2019;MILES;28847;8948465;1333568;947352;11258232;12710944;367413;0;143795;367413;13589565;24847797;5199302;5100499;0;273824;6320;35599;10615544;947251;479856;562;0;4625297;6052966;16668510;3610000;3290000;57981;1221306;0;0;8179287;24847797;
6427;900572444;2019-12-31;2018;MILES;149498;6027005;1559557;577739;8313799;7935833;35350;0;499881;35350;8506414;16820213;451814;3617967;0;210514;0;23336;4303631;3329671;42573;77821;0;1093306;4543371;8847002;3610000;3290000;57981;1015230;0;0;7973211;16820213;
6428;800148462;2019-12-31;2019;MILES;7531580;3585719;88400050;12917260;112434609;23704;0;0;26081372;0;26105076;138539685;2324119;42455865;0;0;472341;4276980;49529305;0;32771400;0;0;0;32771400;82300705;4254112;30187006;0;9030803;0;12767059;56238980;138539685;
6429;800148462;2019-12-31;2018;MILES;359713;13706259;52072894;15493986;81632852;38433;0;0;9740799;0;9779232;91412084;2469103;28632831;0;0;748112;6964165;38814211;0;14976280;0;0;0;14976280;53790491;4254112;30187006;0;3180475;0;0;37621593;91412084;
6430;800038391;2019-12-31;2019;MILES;586469;8655383;16310149;2209035;27761036;37398079;80468564;0;75430812;80468564;273766019;301527055;55758758;40561383;0;0;12554254;3842055;112716450;88158118;0;2514970;0;52825202;143498290;256214740;5000000;0;-17332872;57645187;0;0;45312315;301527055;
6431;800038391;2019-12-31;2018;MILES;3399824;8971619;11625082;5628104;29624629;46577849;82359794;0;76027069;82359794;287324506;316949135;55544592;40566764;0;0;12928584;2336414;111376354;87583876;0;0;0;52825200;140409076;251785430;5000000;0;-4705662;64869367;0;0;65163705;316949135;
6432;830024043;2019-12-31;2019;MILES;15348991;39696012;49364613;66979838;171389454;612720383;0;0;60024693;0;672745076;844134530;963934;54483657;0;50480871;0;0;105928462;1494267;0;0;0;56885541;58379808;164308270;1865460;0;75479448;286908167;0;315573185;679826260;844134530;
6433;830024043;2019-12-31;2018;MILES;13909726;74048700;44657161;63243359;195858946;640290460;0;0;65907825;0;706198285;902057231;0;116274489;0;66591312;0;0;182865801;0;0;0;0;54851311;54851311;237717112;1865460;0;75479448;261897185;0;325098026;664340119;902057231;
6434;890504378;2019-12-31;2019;MILES;296152;945384;4281800;911404;6434740;28796500;670067;0;11958870;670067;42095504;48530244;573897;2097802;0;798198;77455;6653618;10200970;362409;0;5065019;0;25753215;31180643;41381613;450000;0;269227;6429404;0;0;7148631;48530244;
6435;890504378;2019-12-31;2018;MILES;312413;471101;4856638;132006;5772158;26804830;635240;0;11890217;635240;39965527;45737685;277356;1407921;0;779338;260212;6911932;9636759;221453;0;4361229;0;25699111;30281793;39918552;450000;0;269227;5099906;0;0;5819133;45737685;
6436;800128867;2019-12-31;2019;MILES;3127790;2695693;5351017;7577210;18751710;362660;0;0;7054668;0;7417328;26169038;6987972;2126192;0;0;1051518;438498;10604180;3756197;0;16011;0;0;3772208;14376388;610762;2639238;1706237;6836413;0;0;11792650;26169038;
6437;800128867;2019-12-31;2018;MILES;299072;2439926;5596555;6572419;14907972;401228;356585;0;8685498;356585;9799896;24707868;10657435;1658107;0;0;886855;428867;13631264;503744;0;24597;0;0;528341;14159605;543750;1406250;406237;8192026;0;0;10548263;24707868;
6438;800141770;2019-12-31;2019;MILES;14356677;138634;147885197;44844853;207225361;20882842;0;0;4551587;0;25434429;232659790;96838082;83948473;0;0;558742;345117;181690414;2083796;0;1000380;0;0;3084176;184774590;17001788;912445;19415740;7927279;0;2627948;47885200;232659790;
6439;800141770;2019-12-31;2018;MILES;35794935;166394;179047297;63460410;278469036;20078290;0;0;5569878;0;25648168;304117204;167128424;84811793;0;0;695159;386508;253021884;3135601;0;0;0;0;3135601;256157485;17001788;912445;19415740;8001798;0;2627948;47959719;304117204;
6440;830514755;2019-12-31;2019;MILES;15263584;1174883;7366597;0;23805064;6734279;3237992;0;41965977;3237992;55176240;78981304;0;4178713;0;0;44312;2505805;6728830;0;0;0;0;5117487;5117487;11846317;1062458;5311529;23950731;36810269;0;0;67134987;78981304;
6441;830514755;2019-12-31;2018;MILES;19912159;1781450;3208430;0;24902039;2194571;0;0;39034605;0;41229176;66131215;0;10009583;0;0;47271;777853;10834707;0;0;0;0;569796;569796;11404503;1062458;5311529;17247344;31105381;0;0;54726712;66131215;
6442;800002942;2019-12-31;2019;MILES;4911439;6150136;38711977;17700371;67473923;688815;0;0;761681;0;1450496;68924419;7126199;32094101;0;621459;530572;333672;40706003;0;0;186124;0;302693;488817;41194820;4000000;0;19092528;4346054;0;291017;27729599;68924419;
6443;800002942;2019-12-31;2018;MILES;5572828;7241337;25758129;2783968;41356262;373238;0;0;904865;0;1278103;42634365;2168;15609159;0;560503;1888185;103595;18163610;0;0;176638;0;264040;440678;18604288;4000000;0;19699740;39320;0;291017;24030077;42634365;
6444;900330644;2019-12-31;2019;MILES;787;26353;631524;0;658664;0;0;0;6123004;0;6123004;6781668;0;914563;0;0;2113;0;916676;0;0;1479667;0;0;1479667;2396343;652000;0;291199;3442126;0;0;4385325;6781668;
6445;900330644;2019-12-31;2018;MILES;787;1663;471369;0;473819;0;0;0;6151890;0;6151890;6625709;0;700250;0;0;3672;0;703922;0;0;1469464;0;0;1469464;2173386;652000;0;90504;3709819;0;0;4452323;6625709;
6446;900192242;2019-12-31;2019;MILES;6500573;64479384;214979512;7883484;293842953;62885649;435364614;1314541;615359715;435364614;1550289133;1844132086;0;202915316;0;6100693;0;26099374;235115383;0;84117367;32002174;0;45506701;161626242;396741625;238470532;455387571;418151850;335380508;0;0;1447390461;1844132086;
6447;900192242;2019-12-31;2018;MILES;4146580;28041645;253409217;6762712;292360154;50048378;391100557;0;546016447;391100557;1378265939;1670626093;7212771;102765912;897250;4843079;0;7777943;123496955;26742886;132451801;27241048;0;43600360;230036095;353533050;238470532;455387571;12281523;610953417;0;0;1317093043;1670626093;
6448;830008146;2019-12-31;2019;MILES;11718823;13517906;33437117;20824718;79498564;1060153;101831621;0;-97261003;101831621;107462392;186960956;0;18022303;516851;1853289;1288276;4569185;26249904;0;137224109;0;0;2672068;139896177;166146081;438495;31064790;-371402;-10317008;0;0;20814875;186960956;
6449;830008146;2019-12-31;2018;MILES;10703735;9678151;26923910;16693965;63999761;420919;90910473;0;-89305315;90910473;92936550;156936311;0;12171906;0;1621821;2865836;3363167;20022730;0;140192070;0;0;0;140192070;160214800;438485;23994000;738029;-28449003;0;0;-3278489;156936311;
6450;809002625;2019-12-31;2019;MILES;634942;39090937;26121634;20819900;86667413;13353753;3826421;0;-2635420;3826421;18371175;105038588;17291804;15171350;0;2257387;2136843;6308665;43166049;6730778;0;0;0;0;6730778;49896827;2660080;0;7976188;34395214;0;10110279;55141761;105038588;
6451;809002625;2019-12-31;2018;MILES;271430;10130441;36850728;23020205;70272804;13597898;3699285;0;1943951;3699285;22940419;93213223;6126869;12150996;0;2002403;828732;5161214;26270214;15801319;0;0;0;186126;15987445;42257659;2660080;0;7976188;30310691;0;10008605;50955564;93213223;
6452;800035776;2019-12-31;2019;MILES;25917570;28932948;262780525;146055475;463686518;7108746;0;1102649;6835709;0;15047104;478733622;94591007;235852408;0;1590736;32974827;2920917;367929895;0;0;2133294;0;378562;2511856;370441751;13140000;0;7012872;87613170;0;525829;108291871;478733622;
6453;800035776;2019-12-31;2018;MILES;55880615;13426426;212423710;101265965;382996716;2205357;0;902649;10443971;0;13551977;396548693;88165862;187490390;0;1656797;24868135;4145800;306326984;0;0;1106255;0;567836;1674091;308001075;13140000;0;6969476;67912313;0;525829;88547618;396548693;
6454;890212254;2019-12-31;2019;MILES;433637;0;4429785;21883645;26747067;1745157;170736;5931996;17116260;170736;25134885;51881952;775452;4045263;0;0;0;0;4820715;14243904;32913018;0;0;0;47156922;51977637;300000;0;119497;-515182;0;0;-95685;51881952;
6455;890212254;2019-12-31;2018;MILES;141500;0;5248333;31484954;36874787;1894323;170735;5897346;13970273;170735;22103412;58978199;819160;5259355;0;0;0;0;6078515;20974709;28455432;0;0;0;49430141;55508656;300000;0;119497;3050046;0;0;3469543;58978199;
6456;890923937;2019-12-31;2019;MILES;18775421;458617;29378587;9162;48621787;8043282;0;997760;1341250;0;10382292;59004079;8167455;15470701;0;0;0;0;23638156;775640;1529076;0;0;0;2304716;25942872;200000;1941753;235406;30684048;0;0;33061207;59004079;
6457;890923937;2019-12-31;2018;MILES;10189748;268037;18533783;33557;29025125;1138153;0;2963326;992431;0;5093910;34119035;5205727;2628602;0;0;4527171;0;12361500;0;2078922;313855;0;631856;3024633;15386133;200000;1941753;235406;16355743;0;0;18732902;34119035;
6458;860034551;2019-12-31;2019;MILES;4562397;3960964;6384859;1043238;15951458;12513103;11408774;0;8809592;11408774;44140243;60091701;0;5897133;0;484235;1719987;0;8101355;23464039;8867008;0;2450820;2000402;36782269;44883624;9165963;0;873437;5168677;0;0;15208077;60091701;
6459;860034551;2019-12-31;2018;MILES;1234596;3227434;7651723;779434;12893187;15456433;9246502;0;10500383;9246502;44449820;57343007;5296577;13223999;0;0;2906598;0;21427174;18676437;0;0;442026;3601176;22719639;44146813;9165963;0;873437;3156794;0;0;13196194;57343007;
6460;890902070;2019-12-31;2019;MILES;21546326;8685243;27352201;350920;57934690;2190227;0;0;29236290;0;31426517;89361207;9187649;7190133;1391960;115016;0;222318;18107076;0;0;0;0;555246;555246;18662322;7465;0;57341224;13350196;0;0;70698885;89361207;
6461;890902070;2019-12-31;2018;MILES;39338126;22352700;73104512;4415742;139211080;681001;0;0;26946204;0;27627205;166838285;55660238;2828980;11519958;159278;29614;8805698;79003766;0;0;0;0;547453;547453;79551219;7465;0;59263890;28015711;0;0;87287066;166838285;
6462;860063869;2019-12-31;2019;MILES;455819;6293798;6741323;299040;13789980;48507928;0;0;8676331;0;57184259;70974239;0;8199220;0;1203008;2837254;6439358;18678840;0;16115276;1493052;0;553000;18161328;36840168;12000000;4614660;9492279;947166;0;7079966;34134071;70974239;
6463;860063869;2019-12-31;2018;MILES;12136051;10579827;12645761;284015;35645654;48235017;0;0;12291903;0;60526920;96172574;0;17209914;0;1149061;3354786;22440836;44154597;0;10955250;2128025;0;3500740;16584015;60738612;12000000;4614660;9157781;3003008;0;6658513;35433962;96172574;
6464;805013653;2019-12-31;2019;MILES;1244898;254482;305595;109818;1914793;71684760;0;0;35861857;0;107546617;109461410;2124909;1382189;0;212246;309656;5867981;9896981;17039913;0;5061360;0;0;22101273;31998254;4200000;7859380;2382089;42104837;0;20916850;77463156;109461410;
6465;805013653;2019-12-31;2018;MILES;702215;77216;398886;72716;1251033;73114948;0;0;29174248;0;102289196;103540229;1648287;985727;0;184218;384080;6305446;9507758;18839883;0;4881816;0;0;23721699;33229457;4200000;7859380;2382089;34951445;0;20917858;70310772;103540229;
6466;890908649;2019-12-31;2019;MILES;5701562;5841705;59953380;58866132;130362779;25335935;181971;0;42904593;181971;68604470;198967249;23592155;35753264;0;2073219;1770433;0;63189071;49769036;0;1296336;0;2381099;53446471;116635542;1307262;29255728;33614896;18153821;0;0;82331707;198967249;
6467;890908649;2019-12-31;2018;MILES;1149311;7462125;54620754;61206943;124439133;26703729;551662;0;39566530;551662;67373583;191812716;23430000;36590071;0;2193402;1589193;0;63802666;48327694;0;1419535;0;2170045;51917274;115719940;1307262;29255728;31468883;14060903;0;0;76092776;191812716;
6468;830003460;2019-12-31;2019;MILES;83387;73121;1185107;290219;1631834;32190549;500000;1571724;2177260;500000;36939533;38571367;1879411;850244;0;173659;0;137100;3040414;6730863;283382;1578580;0;0;8592825;11633239;8603835;735000;2684368;-925492;0;15840417;26938128;38571367;
6469;830003460;2019-12-31;2018;MILES;95110;19748;1341020;482992;1938870;32127166;0;1571724;2571704;0;36270594;38209464;1993440;1192159;0;167636;0;503901;3857136;6118941;0;1498008;0;0;7616949;11474085;8603835;735000;2544528;-988401;0;15840417;26735379;38209464;
6470;800149392;2019-12-31;2019;MILES;222099;0;7883007;0;8105106;157975;0;0;55451;0;213426;8318532;77022;313884;0;74568;174657;0;640131;77225;0;0;0;382973;460198;1100329;237000;0;119387;6861816;0;0;7218203;8318532;
6471;800149392;2019-12-31;2018;MILES;27337;0;7051773;0;7079110;21058;0;0;42036;0;63094;7142204;1970;305241;0;62952;310775;0;680938;5284;0;0;0;2609;7893;688831;237000;0;119326;6097047;0;0;6453373;7142204;
6472;900276962;2019-12-31;2019;MILES;280137684;5211052;97949888;387520560;770819184;1477357266;0;0;99394516;0;1576751782;2347570966;1854784;1301557575;97316;0;0;0;1303509675;0;1157789171;0;0;0;1157789171;2461298846;1079894;0;0;-114807774;0;0;-113727880;2347570966;
6473;900276962;2019-12-31;2018;MILES;120027672;719355;42049417;252433313;415229757;203376157;0;0;103773969;0;307150126;722379883;46164742;662888301;0;0;0;0;709053043;90326994;0;0;0;0;90326994;799380037;1079894;0;0;-78080048;0;0;-77000154;722379883;
6474;821000169;2019-12-31;2019;MILES;9638645;1531135;20532131;13122324;44824235;44370099;34777;7304369;97209110;34777;148953132;193777367;0;20948834;0;482992;1453560;1354115;24239501;0;0;6633298;0;338862;6972160;31211661;28417492;72000000;27645854;20999798;0;13502562;162565706;193777367;
6475;821000169;2019-12-31;2018;MILES;4295215;2053996;17240606;14848527;38438344;45609828;145223;7335534;93490332;145223;146726140;185164484;0;23896926;0;456405;830763;832017;26016111;0;0;6928462;0;150509;7078971;33095082;28417492;72000000;16793564;21355784;0;13502562;152069402;185164484;
6476;860001965;2019-12-31;2019;MILES;8429320;0;73692714;99541754;181663788;94786103;3733567;6129029;18774188;3733567;127156454;308820242;23510480;60194291;0;0;0;6160580;89865351;0;0;10081555;0;29858467;39940022;129805373;35029840;0;19230247;124754782;0;0;179014869;308820242;
6477;860001965;2019-12-31;2018;MILES;6620026;0;73893417;106771690;187285133;87575567;7366562;5388937;5149504;7366562;112847132;300132265;21941258;60740740;0;0;0;12984092;95666090;0;0;0;0;30547157;30547157;126213247;35029840;0;18067659;120821519;0;0;173919018;300132265;
6478;890913952;2019-12-31;2019;MILES;414094;1686092;7200547;1717422;11018155;10258178;0;0;2131948;0;12390126;23408281;0;436130;923737;248955;2248420;243507;4100749;0;0;839590;0;0;839590;4940339;1400000;10317700;1550871;5199371;0;0;18467942;23408281;
6479;890913952;2019-12-31;2018;MILES;1044760;1900636;9215751;5102850;17263997;13347778;0;0;1834715;0;15182493;32446490;3449348;7663049;923737;594079;853680;1197107;14681000;0;0;1101122;0;0;1101122;15782122;1348850;5068850;1550871;3351367;0;5344430;16664368;32446490;
6480;860513857;2019-12-31;2019;MILES;5307716;72598304;17953183;274983;96134186;2431985;1470721;22315010;414494817;1470721;442183254;538317440;0;8557052;87476;0;1177763;3033121;12855412;171154349;0;28449594;0;0;199603943;212459355;3000000;51000000;4065033;253287134;0;14505918;325858085;538317440;
6481;860513857;2019-12-31;2018;MILES;19075373;27964901;13649148;318116;61007538;2595509;665446;10950010;362496566;665446;377372977;438380515;0;3446624;133474;0;122784;1486366;5189248;99058565;0;26990011;0;0;126048576;131237824;3000000;51000000;18187856;220357443;0;14597392;307142691;438380515;
6482;860522056;2019-12-31;2019;MILES;6927125;4561096;46867055;51910196;110265472;167712420;591980;0;4438692;591980;173335072;283600544;35036705;40660861;654703;1660933;1306363;1805035;81124600;47937127;0;33461790;0;0;81398917;162523517;36603450;8893645;35320241;40259691;0;0;121077027;283600544;
6483;860522056;2019-12-31;2018;MILES;4459356;6834080;70361676;62763055;144418167;176745985;1822109;0;3407501;1822109;183797704;328215871;51397664;73357928;654703;1710256;2173767;1588780;130883098;39555936;0;32900571;0;0;72456507;203339605;36513615;0;30923522;57439129;0;0;124876266;328215871;
6484;830500354;2019-12-31;2019;MILES;740189;2163980;7862789;954598;11721556;18586938;0;0;10848922;0;29435860;41157416;5102617;1568882;0;46133;546536;626922;7891090;7735306;0;0;0;0;7735306;15626396;11998200;0;3335744;-2055055;0;12252131;25531020;41157416;
6485;830500354;2019-12-31;2018;MILES;262698;1672481;9339269;630312;11904760;26940539;0;0;12130213;0;39070752;50975512;4262002;3804740;0;39465;369551;160867;8636625;6124625;0;0;0;0;6124625;14761250;11998268;0;2323525;-91640;0;21984109;36214262;50975512;
6486;800233881;2019-12-31;2019;MILES;17057934;13287786;105134443;16814133;152294296;121743728;63713788;17178544;23629601;63713788;289979449;442273745;5887232;66289044;4062611;3870620;6670457;10660941;97440905;125674183;34647767;7573100;0;2173544;170068594;267509499;30000000;206250;91468605;23628715;0;29460676;174764246;442273745;
6487;800233881;2019-12-31;2018;MILES;14731856;21896844;81957031;18626517;137212248;132398436;44640258;20337865;38139835;44640258;280156652;417368900;4477202;50380416;2074823;5115764;123343;14549553;76721101;138565254;29691541;12376021;0;2952613;183585429;260306530;30000000;206250;93018228;3439;0;33834453;157062370;417368900;
6488;860060256;2019-12-31;2019;MILES;591158;0;654922;0;1246080;0;0;13944356;5202226;0;19146582;20392662;0;549558;0;0;50643;0;600201;0;0;354931;0;0;354931;955132;9983224;4547760;291087;4615459;0;0;19437530;20392662;
6489;860060256;2019-12-31;2018;MILES;644707;29773;578563;0;1253043;0;0;13985919;4794040;0;18779959;20033002;5300;545724;0;0;22499;0;573523;0;0;206515;0;0;206515;780038;9983224;4547760;291087;4430893;0;0;19252964;20033002;
6490;900323853;2019-12-31;2019;MILES;8414034;1514146;250935481;0;260863661;134270663;0;0;328847253;0;463117916;723981577;0;127051998;0;43301570;8894375;36026725;215274668;510683;0;22735485;0;106565342;129811510;345086178;110031030;93579270;521407;174763692;0;0;378895399;723981577;
6491;900323853;2019-12-31;2018;MILES;15493126;531643;147794676;0;163819445;75799227;0;0;183724933;0;259524160;423343605;0;53705779;0;32985959;4444541;1521505;92657784;0;0;20382813;0;0;20382813;113040597;110031030;93579270;521407;106171301;0;0;310303008;423343605;
6492;860028462;2019-12-31;2019;MILES;1944719;1110647;34516240;0;37571606;11788820;15090855;0;1416522;15090855;43387052;80958658;15628372;8491163;128082;2211667;1468158;2095715;30023157;15260913;0;2689326;0;0;17950239;47973396;3844735;0;1922368;16741792;0;10476367;32985262;80958658;
6493;860028462;2019-12-31;2018;MILES;910325;2043918;28847173;0;31801416;12526788;18238223;0;-9897905;18238223;39105329;70906745;16625937;5323763;117169;1968075;1643588;1285803;26964335;10749156;0;2905151;0;0;13654307;40618642;3844735;0;1892806;14074195;0;10476367;30288103;70906745;
6494;800184269;2019-12-31;2019;MILES;3657948;0;35296312;7167899;46122159;34446868;0;0;6104220;0;40551088;86673247;2561247;20116986;0;0;0;3092358;25770591;2413030;0;7081334;0;0;9494364;35264955;4900000;0;2788468;42253212;0;1466612;51408292;86673247;
6495;800184269;2019-12-31;2018;MILES;6804649;0;28854902;7198081;42857632;32520201;0;0;5761801;0;38282002;81139634;2139301;22189502;0;0;0;2694556;27023359;241954;0;6530040;0;0;6771994;33795353;4900000;0;2435273;38577525;0;1431483;47344281;81139634;
6496;900015051;2019-12-31;2019;MILES;2453601;17268620;18885633;27651590;66259444;326236952;6121844;0;76505005;6121844;414985645;481245089;30985280;48886997;0;3977425;0;0;83849702;197761678;1301045;24530449;0;0;223593172;307442874;836714;0;30344398;142621103;0;0;173802215;481245089;
6497;900015051;2019-12-31;2018;MILES;24898;17047975;24615347;22606478;64294698;328649710;6077013;0;66606748;6077013;407410484;471705182;5154141;48440753;0;3878301;0;0;57473195;196869072;1259314;28988449;0;0;227116835;284590030;836714;0;20461433;165817005;0;0;187115152;471705182;
6498;900239552;2019-12-31;2019;MILES;6021424;54757;3206747;65337018;74619946;31021;0;0;0;0;31021;74650967;375000;767761;0;0;0;731290;1874051;17434573;34795032;0;0;97442;52327047;54201098;6520000;0;61668;-27398;0;13895599;20449869;74650967;
6499;900239552;2019-12-31;2018;MILES;4542667;46813;2259659;73629031;80478170;17883;0;0;0;0;17883;80496053;535433;2165016;0;0;0;479203;3179652;13427758;27561813;0;0;16507800;57497371;60677023;6520000;0;61668;-72138;0;13309500;19819030;80496053;
6500;891304762;2019-12-31;2019;MILES;3245049;12043830;98432280;112669576;226390735;89913031;0;2421181;11611510;0;103945722;330336457;3971479;149974531;0;0;4213459;0;158159469;0;0;2703740;0;0;2703740;160863209;1000000;0;124720078;40414975;0;3338195;169473248;330336457;
6501;891304762;2019-12-31;2018;MILES;4774858;9888424;92383706;112277732;219324720;69405309;0;2441953;12438374;0;84285636;303610356;58554;151783194;0;0;7631227;0;159472975;0;104180;3300246;0;0;3404426;162877401;1000000;0;103971968;32422792;0;3338195;140732955;303610356;
6502;830126461;2019-12-31;2019;MILES;1809485;12463844;44251911;0;58525240;5641942;0;0;80837265;0;86479207;145004447;30037136;23296189;0;0;834806;694807;54862938;5662503;36990306;337347;0;24670419;67660575;122523513;10000000;0;820000;11660934;0;0;22480934;145004447;
6503;830126461;2019-12-31;2018;MILES;3804314;5316225;43268614;0;52389153;1458311;0;3102942;51253973;0;55815226;108204379;26326872;4109281;0;0;712981;1290475;32439609;5667247;29270049;338307;0;24403521;59679124;92118733;7000000;0;820000;8265646;0;0;16085646;108204379;
6504;900606148;2019-12-31;2019;MILES;0;0;999;0;999;0;0;0;34340;0;34340;35339;0;660506;0;0;106;0;660612;0;0;0;0;0;0;660612;829680;41898785;24711380;-68065118;0;0;-625273;35339;
6505;900606148;2019-12-31;2018;MILES;0;0;1106;0;1106;0;0;0;272736008;0;272736008;272737114;0;606008;0;0;93;0;606101;0;0;0;0;0;0;606101;829680;41898785;24711380;204691168;0;0;272131013;272737114;
6506;890312652;2019-12-31;2019;MILES;647375;1563580;3738766;10735577;16685298;13840764;135470;0;8921985;135470;23033689;39718987;7785090;1967305;0;502507;2002893;0;12257795;0;0;1979314;0;78848;2058162;14315957;1128330;0;12541490;7099537;0;4633673;25403030;39718987;
6507;890312652;2019-12-31;2018;MILES;600995;3376509;4020179;8795878;16793561;12779698;84766;0;4802026;84766;17751256;34544817;4198510;7727310;0;387948;1946863;0;14260631;0;0;1894467;0;77106;1971573;16232204;1128330;0;7498412;6759119;0;2926752;18312613;34544817;
6508;860525156;2019-12-31;2019;MILES;3829220;4462513;13767691;857999;22917423;2279568;33168253;5240;-2677721;33168253;65943593;88861016;5635527;5447561;0;425314;1361541;3820246;16690189;8090400;0;9913634;0;793714;18797748;35487937;15192355;51770526;172385;-13762187;0;0;53373079;88861016;
6509;860525156;2019-12-31;2018;MILES;7062115;2044664;16312672;656630;26076081;1933121;32630771;0;-11633459;32630771;55561204;81637285;7824515;4195840;0;597628;0;7510637;20128620;12197737;0;0;0;0;12197737;32326357;15192355;51770526;172385;-17824338;0;0;49310928;81637285;
6510;900325551;2019-12-31;2019;MILES;1909009;3746813;5240495;19271436;30167753;333060;0;0;25155;0;358215;30525968;78516;4138047;0;74882;376844;18792232;23460521;2795519;0;1684;0;0;2797203;26257724;1900000;0;0;2368244;0;0;4268244;30525968;
6511;900325551;2019-12-31;2018;MILES;676542;9327037;7201178;25213323;42418080;331002;0;0;125883;0;456885;42874965;557767;4101668;0;65606;231358;23101079;28057478;11915286;0;53646;0;0;11968932;40026410;300000;0;0;2548555;0;0;2848555;42874965;
6512;860350253;2019-12-31;2019;MILES;10737469;13328156;81813224;9282162;115161011;66487148;1234072;0;88486113;1234072;157441405;272602416;10800769;62962311;0;4231120;10430333;7536336;95960869;46816728;50073697;2682151;0;0;99572576;195533445;8511204;0;2025912;-7369894;0;73901749;77068971;272602416;
6513;860350253;2019-12-31;2018;MILES;16231754;10049335;47880462;9473976;83635527;56482219;589434;0;96161275;589434;153822362;237457889;7722709;68405310;0;4820682;5354474;10510284;96813459;55863548;0;0;0;23347;55886895;152700354;8511216;0;2025912;318670;0;73901737;84757535;237457889;
6514;811039652;2019-12-31;2019;MILES;261532;2003279;3382414;5781131;11428356;1038717;0;0;18111914;0;19150631;30578987;1137416;5645100;0;263191;130240;11381058;18557005;0;7935848;0;0;0;7935848;26492853;90722;6441838;2319;-2448745;0;0;4086134;30578987;
6515;811039652;2019-12-31;2018;MILES;464798;1513927;5043320;4340473;11362518;892830;0;0;15056452;0;15949282;27311800;28346;1457602;0;296610;263112;11921618;13967288;0;8693701;0;0;0;8693701;22660989;90722;6441838;2319;-1884068;0;0;4650811;27311800;
6516;805030849;2019-12-31;2019;MILES;12661716;0;18390348;57776110;88828174;1230283;11468921;6250;-2936929;11468921;21237446;110065620;34880896;12732048;0;0;346487;0;47959431;26053011;2188380;0;0;0;28241391;76200822;387852;8986578;22260618;2229750;0;0;33864798;110065620;
6517;805030849;2019-12-31;2018;MILES;17764252;0;24342341;49326297;91432890;1317245;14874211;50721;-6302990;14874211;24813398;116246288;21963862;24862448;0;0;1003764;0;47830074;32854344;2952121;0;0;0;35806465;83636539;387852;8986578;14091421;9143898;0;0;32609749;116246288;
6518;860032550;2019-12-31;2019;MILES;37604245;22700549;39432910;65537689;165275393;148729540;3991381;999498;151340101;3991381;309051901;474327294;0;57152217;5068308;5214076;3871740;847010;72153351;79207480;47089453;18483650;16190608;25095941;186067132;258220483;1876869;2130157;0;212099785;0;0;216106811;474327294;
6519;860032550;2019-12-31;2018;MILES;3488801;26710592;43068287;77955553;151223233;156505702;6090294;999498;147132802;6090294;316818590;468041823;5523122;73261744;1538931;5223425;9383054;27309330;122239606;78547974;1978739;19563215;0;0;100089928;222329534;1869952;2130157;0;241712180;0;0;245712289;468041823;
6520;901222456;2019-12-31;2019;MILES;1295362;0;4924435;0;6219797;0;0;0;30165159;0;30165159;36384956;0;12797031;0;0;98225;0;12895256;0;0;0;0;0;0;12895256;1550000;0;775000;21164700;0;0;23489700;36384956;
6521;901222456;2019-12-31;2018;MILES;64104;0;19908324;0;19972428;0;0;0;3770734;0;3770734;23743162;0;0;0;0;153208;0;153208;0;0;0;0;0;0;153208;1550000;0;0;22039954;0;0;23589954;23743162;
6522;860020058;2019-12-31;2019;MILES;32392319;2847435;44989364;44976110;125205228;35738873;11039377;0;-6734490;11039377;51083137;176288365;0;10181369;0;2216809;14866071;24610764;51875013;0;0;0;0;8364448;8364448;60239461;1000000;0;871996;114176908;0;0;116048904;176288365;
6523;860020058;2019-12-31;2018;MILES;15903937;5123662;48551258;61821013;131399870;38894719;4796891;0;-2781254;4796891;45707247;177107117;0;18612374;0;1880914;15616737;25612646;61722671;0;0;0;0;5150869;5150869;66873540;1000000;0;871996;108361581;0;0;110233577;177107117;
6524;860015067;2019-12-31;2019;MILES;8914;36229726;8592263;659772;45490675;2605176;0;0;52336;0;2657512;48148187;0;3732245;0;217729;796515;4303365;9049854;165172;0;168849;0;8167592;8501613;17551467;2373528;0;626090;27597102;0;0;30596720;48148187;
6525;860015067;2019-12-31;2018;MILES;170012;35279511;8386924;962023;44798470;1456613;0;0;140177;0;1596790;46395260;0;2799054;0;249251;888145;4794478;8730928;989685;0;150670;0;5991437;7131792;15862720;2373528;0;626090;27532922;0;0;30532540;46395260;
6526;900313659;2019-12-31;2019;MILES;121623;371035;1874879;269913;2637450;11165799;4142056;10355724;467604;4142056;30273239;32910689;0;882949;0;78182;138024;0;1099155;5309396;1012689;3599114;0;189747;10110946;11210101;4070280;4482600;2513554;10634154;0;0;21700588;32910689;
6527;900313659;2019-12-31;2018;MILES;424155;338157;2710799;319749;3792860;14164560;3196375;10363579;353331;3196375;31274220;35067080;0;1075967;0;77920;233311;0;1387198;5390281;3910740;2866150;0;542134;12709305;14096503;4070280;4482600;2202746;10214951;0;0;20970577;35067080;
6528;811028650;2019-12-31;2019;MILES;2812679;7369087;61065386;98182534;169429686;62246670;0;0;95635482;0;157882152;327311838;48411629;60274628;336000;4815922;7957077;4315509;126110765;0;10493554;1642458;0;92433136;104569148;230679913;2183103;6679382;52095949;32077933;0;3595558;96631925;327311838;
6529;811028650;2019-12-31;2018;MILES;6692796;17229825;44116068;116793454;184832143;55695058;0;0;3751793;0;59446851;244278994;63675306;79133393;1213000;4533626;7889661;4172444;160617430;0;10493554;3667083;0;0;14160637;174778067;2183103;6679382;26398336;27480587;0;6759519;69500927;244278994;
6530;890921972;2019-12-31;2019;MILES;20371311;468999;22347272;0;43187582;0;0;825165;2622554191;0;2623379356;2666566938;0;35429678;0;0;162320;0;35591998;0;0;72222;0;0;72222;35664220;2550322;35261345;856870260;1736220791;0;0;2630902718;2666566938;
6531;890921972;2019-12-31;2018;MILES;3967458;1206;43730486;0;47699150;0;0;825165;2618667841;0;2619493006;2667192156;0;11579;0;0;355647;0;367226;0;0;66046;0;0;66046;433272;2550322;35261345;929420754;1699526463;0;0;2666758884;2667192156;
6532;860527960;2019-12-31;2019;MILES;8188090;3652347;9756610;27826988;49424035;23985389;0;8157942;1617017;0;33760348;83184383;224132;6995836;108346;7314;5008036;622126;12965790;923404;1805456;2995422;0;243865;5968147;18933937;1141867;1286134;12025229;49797216;0;0;64250446;83184383;
6533;860527960;2019-12-31;2018;MILES;42917522;2857936;8468776;30629364;84873598;22132269;0;8157942;2675366;0;32965577;117839175;41855845;8193936;396177;35037;3859745;735545;55076285;923404;1798260;3393521;0;153242;6268427;61344712;1141867;1286134;12025229;42041233;0;0;56494463;117839175;
6534;900637750;2019-12-31;2019;MILES;416620;201767;7176;0;625563;0;0;0;0;0;0;625563;0;585600;4518;0;0;0;590118;0;0;0;0;0;0;590118;5000;0;0;30445;0;0;35445;625563;
6535;900637750;2019-12-31;2018;MILES;1108732;131737;1062422;20540;2323431;0;0;0;0;0;0;2323431;0;1236766;0;0;0;1049380;2286146;0;0;0;0;0;0;2286146;5000;0;0;32285;0;0;37285;2323431;
6536;860025054;2019-12-31;2019;MILES;7778202;61524882;20210644;3612764;93126492;21501516;31326172;19759525;117687495;31326172;221600880;314727372;0;3426986;0;0;3025588;70196716;76649290;121975767;0;23245245;0;0;145221012;221870302;17000000;52800000;2832223;19512721;0;712126;92857070;314727372;
6537;860025054;2019-12-31;2018;MILES;524832;80398624;13807064;334121;95064641;6885959;8254075;19759525;147574639;8254075;190728273;285792914;0;6113882;0;0;1657883;42117724;49889489;108796969;0;37641414;0;0;146438383;196327872;17000000;52800000;296316;18119355;0;1249371;89465042;285792914;
6538;900425482;2019-12-31;2019;MILES;95159;17277;9711681;0;9824117;0;0;0;422665934;0;422665934;432490051;8800000;54038151;0;0;0;12972;62851123;0;176400000;0;0;0;176400000;239251123;6297;8867310;24123597;160241724;0;0;193238928;432490051;
6539;900425482;2019-12-31;2018;MILES;3566;9890;3259047;0;3272503;0;0;0;274828483;0;274828483;278100986;0;12132901;0;0;0;32884;12165785;0;206000000;0;0;0;206000000;218165785;6297;3114330;24020385;32794189;0;0;59935201;278100986;
6540;900111454;2019-12-31;2019;MILES;7439974;6149792;600172;0;14189938;235654;69684523;503473329;279812912;69684523;922890941;937080879;29652159;1955260;0;182833;2733391;512145;35035788;357538398;12654775;18371492;0;3749624;392314289;427350077;2000000;112341239;338903289;56486274;0;0;509730802;937080879;
6541;900111454;2019-12-31;2018;MILES;5917715;3136782;285982;0;9340479;318106;83379982;499282185;130192457;83379982;796552712;805893191;31496631;4419729;0;154147;1146268;305517;37522292;356774605;6604055;18716906;0;7057112;389152678;426674970;2000000;112341239;277805866;-12928884;0;0;379218221;805893191;
6542;900285692;2019-12-31;2019;MILES;80547242;335542;26099211;0;106981995;0;0;0;49157;0;49157;107031152;15561152;26223425;0;0;182761;0;41967338;0;61187993;0;0;0;61187993;103155331;101000;709;0;3774112;0;0;3875821;107031152;
6543;900285692;2019-12-31;2018;MILES;26702823;281564;84883121;0;111867508;378433;0;0;1976953;0;2355386;114222894;31690620;24286653;0;0;507;0;55977780;0;56668857;0;0;0;56668857;112646637;101000;709;0;1474548;0;0;1576257;114222894;
6544;860069163;2019-12-31;2019;MILES;21278;984;3463924;0;3486186;5770821;0;0;142120498;0;147891319;151377505;0;5025958;0;0;628612;18233;5672803;0;0;19067;0;0;19067;5691870;144211;0;51578840;84673055;0;9289529;145685635;151377505;
6545;860069163;2019-12-31;2018;MILES;1205504;10255;2598043;0;3813802;30015800;0;0;136716009;0;166731809;170545611;0;16646694;0;0;1450555;100262;18197511;12363158;0;302888;0;0;12666046;30863557;144211;0;37904670;87588301;0;14044872;139682054;170545611;
6546;890907163;2019-12-31;2019;MILES;5732333;41338374;45831336;31579445;124481488;60640986;1725552;2363034;7706089;1725552;74161213;198642701;27567872;101494215;0;1708570;272361;242221;131285239;35277760;0;2826601;0;0;38104361;169389600;1510461;13758530;1373275;12610835;0;0;29253101;198642701;
6547;890907163;2019-12-31;2018;MILES;4561952;27193955;47674397;25852638;105282942;42849936;26724;2153034;6612278;26724;51668696;156951638;28065754;94324938;0;1542993;309508;446072;124689265;4138199;0;2791010;0;0;6929209;131618474;1510461;13758530;1358173;8706000;0;0;25333164;156951638;
6548;890316056;2019-12-31;2019;MILES;3298622;841;2276315;0;5575778;546579;0;0;65387861;0;65934440;71510218;0;5684920;0;0;404724;1588595;7678239;0;0;88964;0;0;88964;7767203;351154;0;31286085;10549527;0;21556249;63743015;71510218;
6549;890316056;2019-12-31;2018;MILES;5093170;11130;3015155;0;8119455;552799;0;0;67722521;0;68275320;76394775;6344729;7986490;0;0;320322;430968;15082509;0;0;89972;0;0;89972;15172481;351154;0;31286085;8017179;0;21567876;61222294;76394775;
6550;800232359;2019-12-31;2019;MILES;810963;5973182;26493688;19815739;53093572;739800;0;0;233982;0;973782;54067354;416667;12487832;582478;617164;1918327;125108;16147576;17616866;1290683;148371;0;0;19055920;35203496;4168302;3022983;1507384;10165189;0;0;18863858;54067354;
6551;800232359;2019-12-31;2018;MILES;1146532;6468588;24217363;13907632;45740115;1690151;0;0;65301;0;1755452;47495567;2820760;8544014;743548;590521;1759046;0;14457889;8458333;7104567;148371;0;0;15711271;30169160;4168302;3022983;1343206;8791916;0;0;17326407;47495567;
6552;800033159;2019-12-31;2019;MILES;5382777;44636;22743577;29116476;57287466;46021815;891128;150000;6311968;891128;54266039;111553505;7125385;12723829;4382343;1268732;0;0;25500289;0;74725012;7199341;0;0;81924353;107424642;69279731;0;829156;-101112319;0;35132295;4128863;111553505;
6553;800033159;2019-12-31;2018;MILES;4728793;333310;24292422;25418800;54773325;47870593;1770829;150000;12707059;1770829;64269310;119042635;12540850;9903596;1527314;1202507;0;0;25174267;0;63397179;112571;0;0;63509750;88684017;69281361;0;827526;-74882564;0;35132295;30358618;119042635;
6554;810001350;2019-12-31;2019;MILES;390866;355718;2426766;6274615;9447965;2667865;0;0;1722537;0;4390402;13838367;2225372;8819173;217014;859564;1398291;3942166;17461580;5518926;0;641749;0;143835;6304510;23766090;216434;24753751;59391;-34957299;0;0;-9927723;13838367;
6555;810001350;2019-12-31;2018;MILES;524751;736934;2699704;8941068;12902457;3112561;0;0;1738348;0;4850909;17753366;5664308;8653655;0;1054284;1704259;5949879;23026385;5518926;0;641749;0;207403;6368078;29394463;16743129;18462996;59391;-46906613;0;0;-11641097;17753366;
6556;860522754;2019-12-31;2019;MILES;596167;19419114;1920908;201227;22137416;23676857;0;21159366;215546691;0;260382914;282520330;0;38115268;0;79264;1581275;0;39775807;0;0;0;0;87788633;87788633;127564440;420000;380000;2470821;126992510;0;24692559;154955890;282520330;
6557;860522754;2019-12-31;2018;MILES;768649;59894063;9824258;8236;70495206;23329840;0;21652051;183923825;0;228905716;299400922;0;20657640;0;68977;3005590;0;23732207;0;0;0;0;132812198;132812198;156544405;420000;380000;2470821;115104559;0;24481137;142856517;299400922;
6558;860050753;2019-12-31;2019;MILES;87183;2410403;4104319;7392372;13994277;11947123;2569298;203900;2437159;2569298;19726778;33721055;1111631;10066630;0;409093;1873289;1921583;15382226;26191120;12986043;2260379;0;0;41437542;56819768;6779702;0;370105;-35324472;0;5075952;-23098713;33721055;
6559;860050753;2019-12-31;2018;MILES;69015;2352554;7683000;7220718;17325287;16599326;6807762;203900;-406002;6807762;30012748;47338035;811484;5233858;0;328262;1439505;5991422;13804531;26881429;16052524;3491828;0;0;46425781;60230312;6779702;0;370105;-27321985;0;7279901;-12892277;47338035;
6560;900570964;2019-12-31;2019;MILES;4844191;20610642;42446781;27184477;95086091;197326890;1760195;0;31995354;1760195;232842634;327928725;35066749;55654294;0;0;11742944;8651002;111114989;28843840;8768427;1308780;4724811;3277139;46922997;158037986;33922855;88957922;59713108;-12703146;0;0;169890739;327928725;
6561;900570964;2019-12-31;2018;MILES;4790233;20730847;29180161;29931995;84633236;213549251;0;0;13720465;0;227269716;311902952;21737943;38996437;0;0;9260136;4923057;74917573;49638099;14649617;80482;9143891;2599800;76111889;151029462;33122855;81757922;59713108;-13720395;0;0;160873490;311902952;
6562;800188557;2019-12-31;2019;MILES;1316073;1756273;21343998;163253;24579597;5401358;0;0;1553203;0;6954561;31534158;5668805;2359080;0;2825018;2241714;0;13094617;597;2950399;2835829;0;0;5786825;18881442;1021380;1120421;1052334;3932752;0;5525829;12652716;31534158;
6563;800188557;2019-12-31;2018;MILES;11365;908471;8676633;214990;9811459;5332822;0;0;1497882;0;6830704;16642163;2039586;1342521;0;330429;128249;0;3840785;68659;206245;1991464;0;0;2266368;6107153;1021380;1120421;938676;1916314;0;5538219;10535010;16642163;
6564;890401958;2019-12-31;2019;MILES;1087314;1697147;8405239;3161755;14351455;22021191;0;0;471157;0;22492348;36843803;720769;1807539;731307;306253;1499456;343790;5409114;348330;0;0;0;0;348330;5757444;19720410;0;5630047;5735902;0;0;31086359;36843803;
6565;890401958;2019-12-31;2018;MILES;273495;2329660;56663;19432832;22092650;16460677;0;0;405364;0;16866041;38958691;37964;3083716;6358827;383679;273495;411684;10549365;124030;0;0;0;0;124030;10673395;19720410;0;5747082;2817804;0;0;28285296;38958691;
6566;860511458;2019-12-31;2019;MILES;563038;5720244;131174293;65116884;202574459;10784458;0;10214343;5478592;0;26477393;229051852;9479590;136490553;0;5148442;0;4018443;155137028;2438149;0;0;0;0;2438149;157575177;5726177;0;4145311;58499004;0;3106183;71476675;229051852;
6567;860511458;2019-12-31;2018;MILES;2191900;5383305;100801536;46269593;154646334;12061099;0;0;3979290;0;16040389;170686723;11339226;90542247;0;2414056;2615628;2738;106913895;1073689;0;1148714;0;0;2222403;109136298;5726177;0;4145311;51678937;0;0;61550425;170686723;
6568;900619863;2019-12-31;2019;MILES;4880739;21506919;31733279;148513;58269450;1378618;0;0;22101836;0;23480454;81749904;9689365;24442210;15000;0;5802747;10009360;49958682;203459;0;0;0;0;203459;50162141;26303;0;0;16586033;0;14975427;31587763;81749904;
6569;900619863;2019-12-31;2018;MILES;9119456;17236200;24884214;0;51239870;956757;0;0;6176969;0;7133726;58373596;320;24128830;15000;0;3381104;5049648;32574902;0;0;0;0;0;0;32574902;26303;0;0;10796964;0;14975427;25798694;58373596;
6570;860050956;2019-12-31;2019;MILES;215371;1263980;8922959;15254343;25656653;960623;2909442;0;-1975164;2909442;4804343;30460996;4189003;4886682;0;219958;341391;3431960;13068994;635963;0;0;0;4990918;5626881;18695875;4000000;8027540;986135;-1248554;0;0;11765121;30460996;
6571;860050956;2019-12-31;2018;MILES;461735;2689733;11194316;15166293;29512077;1077649;2015442;0;-991726;2015442;4116807;33628884;5229262;4752932;0;249175;925253;6910786;18067408;2231501;0;0;0;1498894;3730395;21797803;4000000;8027540;986135;-1182594;0;0;11831081;33628884;
6572;900386657;2019-12-31;2019;MILES;414;0;71433;0;71847;0;0;0;58937306;0;58937306;59009153;344735;14780;0;0;1077;0;360592;0;0;0;0;0;0;360592;32497000;0;3346647;358813;0;22446101;58648561;59009153;
6573;900386657;2019-12-31;2018;MILES;271;0;104916;0;105187;0;0;0;55889563;0;55889563;55994750;328854;14846;0;0;11073;0;354773;0;0;0;0;0;0;354773;32497000;0;3346647;390215;0;19406115;55639977;55994750;
6574;900043170;2019-12-31;2019;MILES;2124577;5652996;19337648;20731687;47846908;33737779;0;0;1476737;0;35214516;83061424;10434816;21705453;0;0;2668603;5235711;40044583;8268464;0;1920489;0;103441;10292394;50336977;250000;16005424;-506;16469529;0;0;32724447;83061424;
6575;900043170;2019-12-31;2018;MILES;193983;4905516;13531047;26746643;45377189;27821578;0;0;1279302;0;29100880;74478069;12611050;19804673;0;0;2215184;4834935;39465842;4073561;0;1977373;0;77627;6128561;45594403;250000;16005424;442777;12185465;0;0;28883666;74478069;
6576;860047657;2019-12-31;2019;MILES;8096576;36167132;106520948;152473278;303257934;65877647;0;0;132186138;0;198063785;501321719;3513545;140466970;575403;2622420;6081159;84470048;237729545;0;0;0;0;2091000;2091000;239820545;8500000;116494768;104703181;31803225;0;0;261501174;501321719;
6577;860047657;2019-12-31;2018;MILES;47210907;33377033;84685708;147573593;312847241;44896687;0;0;115113020;0;160009707;472856948;1073033;143798355;332145;2158727;9434717;37477474;194274451;0;0;1826416;0;1149777;2976193;197250644;8500000;116494768;115123022;35488514;0;0;275606304;472856948;
6578;817002753;2019-12-31;2019;MILES;4334589;14474683;137574648;28363468;184747388;29701360;0;10935;28011513;0;57723808;242471196;1594760;138067372;0;1340906;0;8431469;149434507;20568221;0;0;0;0;20568221;170002728;17518030;329669726;0;-274719288;0;0;72468468;242471196;
6579;817002753;2019-12-31;2018;MILES;5995177;12073934;99370543;23842867;141282521;16190470;0;4325;30949410;0;47144205;188426726;15739;104397556;0;1180334;0;857883;106451512;0;0;0;0;44736;44736;106496248;17508030;326511376;0;-262088928;0;0;81930478;188426726;
6580;900203461;2019-12-31;2019;MILES;14242238;7682131;55517605;49245395;126687369;83881802;22370484;0;-1168941;22370484;127453829;254141198;68239230;18621889;0;1188292;6255996;3106583;97411990;424498;36937976;0;0;3038597;40401071;137813061;53319929;136842690;3803690;-79820063;0;2181891;116328137;254141198;
6581;900203461;2019-12-31;2018;MILES;6158153;7909768;62098269;98417004;174583194;75291110;82955630;0;-43914145;82955630;197288225;371871419;116377319;17865227;0;1739660;1996819;6264291;144243316;266962;41544285;0;0;3951460;45762707;190006023;86506885;173424303;3803690;-84217380;0;2347898;181865396;371871419;
6582;900265156;2019-12-31;2019;MILES;3866456;97088;332922;0;4296466;47000;24812394;11291570;94867059;24812394;155830417;160126883;6858243;2417;0;0;62699;0;6923359;0;5935550;420310;0;2072;6357932;13281291;7500000;0;110721125;28624467;0;0;146845592;160126883;
6583;900265156;2019-12-31;2018;MILES;5521546;213277;1067344;0;6802167;47000;13972415;11352940;96431916;13972415;135776686;142578853;5500000;23899;0;0;5545;0;5529444;0;1863598;478147;0;7506;2349251;7878695;7500000;0;101072425;26127733;0;0;134700158;142578853;
6584;890206351;2019-12-31;2019;MILES;114027576;1004988;12393488;667301;128093353;50865926;0;7691870;5285893;0;63843689;191937042;2922564;7201293;0;4552825;9306110;750506;24733298;846682;0;1826673;0;0;2673355;27406653;25000000;0;1000000;129152941;0;9377448;164530389;191937042;
6585;890206351;2019-12-31;2018;MILES;100503074;2361869;13796709;974531;117636183;52487486;0;0;1964885;0;54452371;172088554;2280818;3481281;0;4414197;6427568;2145985;18749849;109409;0;2725426;0;0;2834835;21584684;2000000;0;1000000;138432521;0;9071349;150503870;172088554;
6586;900061554;2019-12-31;2019;MILES;29495;0;1886986075;0;1887015570;0;0;0;4180407405;0;4180407405;6067422975;0;0;0;0;5979663;0;5979663;2047245744;46645806;0;0;0;2093891550;2099871213;500000;0;3921875115;45176647;0;0;3967551762;6067422975;
6587;900061554;2019-12-31;2018;MILES;27483;0;2175927190;0;2175954673;0;0;0;3876154332;0;3876154332;6052109005;0;0;0;0;29737347;0;29737347;2030135074;270365998;0;0;0;2300501072;2330238419;500000;0;3135926395;585444191;0;0;3721870586;6052109005;
6588;805025355;2019-12-31;2019;MILES;3226956;668491;2325073;231939;6452459;139751;0;0;481227;0;620978;7073437;53171;1054092;0;0;674091;420410;2201764;0;0;0;0;0;0;2201764;390000;0;0;4481673;0;0;4871673;7073437;
6589;805025355;2019-12-31;2018;MILES;1854950;676293;2591722;203101;5326066;81141;0;0;1054327;0;1135468;6461534;95563;1255203;0;0;621226;391117;2363109;0;0;0;0;0;0;2363109;390000;0;0;3708425;0;0;4098425;6461534;
6590;800204462;2019-12-31;2019;MILES;124076;1995992;50082009;0;52202077;0;0;117114381;218557825;0;335672206;387874283;0;1039;0;0;0;666257;667296;95102133;0;4353488;0;0;99455621;100122917;4000000;4559950;244376470;13756472;0;21058474;287751366;387874283;
6591;800204462;2019-12-31;2018;MILES;9901839;34183871;79570903;0;123656613;334846203;0;108274414;6489548;0;449610165;573266778;169522629;25356614;0;640448;0;4607179;200126870;144969277;0;21927417;0;0;166896694;367023564;4000000;4559950;148924998;41887454;0;6870812;206243214;573266778;
6592;811046960;2019-12-31;2019;MILES;100747;756798;3078202;19954906;23890653;10573472;23955082;64232905;33546446;23955082;156262987;180153640;15818424;22685226;0;0;242255;6695565;45441470;36909656;0;6281643;0;2578174;45769473;91210943;215157;40399067;444643;47025042;0;858788;88942697;180153640;
6593;811046960;2019-12-31;2018;MILES;1584797;465621;52555836;17309651;71915905;6173923;12038876;79715939;15088854;12038876;125056468;196972373;14884914;54677053;0;0;633882;5745503;75941352;34731467;0;6057788;0;3235705;44024960;119966312;205157;34409067;-726499;42259548;0;858788;77006061;196972373;
6594;830092963;2019-12-31;2019;MILES;10079120;5406273;70550643;113740751;199776787;61494756;43509932;0;-39595079;43509932;108919541;308696328;52327504;51930742;767245;0;9312356;6311791;120649638;26207326;25441995;3532900;0;0;55182221;175831859;12905600;0;38236672;77537273;0;4184924;132864469;308696328;
6595;830092963;2019-12-31;2018;MILES;3868700;0;90029904;53607698;147506302;54736124;60404793;0;-60145309;60404793;115400401;262906703;16937948;63395659;625620;0;3833985;6946398;91739610;29247750;34277302;2941948;0;0;66467000;158206610;12905600;0;34325265;53284304;0;4184924;104700093;262906703;
6596;900149460;2019-12-31;2019;MILES;1684975;5643309;11116125;19352775;37797184;60126004;0;0;3159988;0;63285992;101083176;435182;11236078;0;900112;822629;0;13394001;0;0;2052314;0;888349;2940663;16334664;131963327;0;1548953;-48763768;0;0;84748512;101083176;
6597;900149460;2019-12-31;2018;MILES;2062241;5575594;12918936;15454910;36011681;61169011;0;0;3196706;0;64365717;100377398;125150;10635979;0;913659;2325255;0;14000043;0;0;1200772;0;792346;1993118;15993161;131963327;0;1548953;-49128043;0;0;84384237;100377398;
6598;800198989;2019-12-31;2019;MILES;60490;7896;126743;0;195129;857070;5703358;21808217;2149384;5703358;36221387;36416516;238185;5207;0;6200;75417;5604;330613;9806247;0;2085800;0;0;11892047;12222660;495000;0;2215812;7149184;0;14333860;24193856;36416516;
6599;800198989;2019-12-31;2018;MILES;239236;2909;65966;0;308111;870168;4427869;20425015;6340757;4427869;36491678;36799789;175000;15663;0;6602;121621;0;318886;8650043;0;2594518;0;0;11244561;11563447;495000;0;5826067;3147289;0;15767986;25236342;36799789;
6600;900612364;2019-12-31;2019;MILES;1163081;3180301;145692;15514414;20003488;275730;0;8329294;3676912;0;12281936;32285424;0;8182721;0;0;436441;0;8619162;0;0;2463017;0;13898763;16361780;24980942;2482;3124080;3441682;697615;0;38623;7304482;32285424;
6601;900612364;2019-12-31;2018;MILES;2340046;3157297;2001926;19671620;27170889;1308145;0;8181056;1950976;0;11440177;38611066;0;11202941;0;0;875029;0;12077970;0;0;2293398;0;16563563;18856961;30934931;2482;3124080;3691941;819009;0;38623;7676135;38611066;
6602;900488297;2019-12-31;2019;MILES;1888787;3193684;13736679;7973050;26792200;81073402;0;0;33506117;0;114579519;141371719;0;8264324;0;0;0;0;8264324;44139143;0;0;510845;470840;45120828;53385152;18096000;161948576;0;-92058009;0;0;87986567;141371719;
6603;900488297;2019-12-31;2018;MILES;6455854;1835501;5137762;8495768;21924885;87429523;0;0;39527205;0;126956728;148881613;188982;4520265;0;0;0;0;4709247;44579421;0;0;994194;398172;45971787;50681034;18096000;161948576;0;-81843997;0;0;98200579;148881613;
6604;800070965;2019-12-31;2019;MILES;2946762;30474075;1150;0;33421987;1214;0;0;172353749;0;172354963;205776950;0;22166;0;27119;798025;0;847310;0;0;3281744;0;111325;3393069;4240379;33478944;16930845;93078723;43988179;0;14059880;201536571;205776950;
6605;800070965;2019-12-31;2018;MILES;737878;37906238;1089;0;38645205;1350;0;0;160738354;0;160739704;199384909;0;23968;0;12209;1559547;0;1595724;0;0;3804216;0;0;3804216;5399940;33478944;16930845;90593765;42496679;0;10484736;193984969;199384909;
6606;800149296;2019-12-31;2019;MILES;885691;261185;3188119;0;4334995;18389595;0;0;39089171;0;57478766;61813761;0;3717175;0;0;242012;68507;4027694;0;0;3429997;0;0;3429997;7457691;1750000;0;917173;48947219;0;2741678;54356070;61813761;
6607;800149296;2019-12-31;2018;MILES;33375;251976;2004824;0;2290175;21276129;0;0;31250693;0;52526822;54816997;0;5176534;0;0;487029;58703;5722266;0;0;3420354;0;0;3420354;9142620;1750000;0;917173;40265526;0;2741678;45674377;54816997;
6608;900213087;2019-12-31;2019;MILES;24386;475500;6836523;400109;7736518;1395413;5756509;0;-5720637;5756509;7187794;14924312;1210687;627751;0;184294;50983;89534;2163249;1334886;8063040;262117;0;0;9660043;11823292;200000;0;100000;1132320;0;1668700;3101020;14924312;
6609;900213087;2019-12-31;2018;MILES;60120;792466;30033;379658;1262277;1716301;8058517;0;-8022645;8058517;9810690;11072967;3000418;582427;0;205899;575432;89534;4453710;2021941;744743;260137;0;0;3026821;7480531;200000;0;100000;1401376;0;1891060;3592436;11072967;
6610;900854661;2019-12-31;2019;MILES;207235;136398417;21843134;0;158448786;45987607;0;0;0;0;45987607;204436393;0;31979213;0;583;175948;11052;32166796;0;0;2234705;0;0;2234705;34401501;35000000;0;13207699;33886825;0;87940368;170034892;204436393;
6611;900854661;2019-12-31;2018;MILES;51755;136210519;19528245;0;155790519;45280655;0;0;0;0;45280655;201071174;0;30899336;0;7583;152015;11746;31070680;0;0;2643312;0;0;2643312;33713992;35000000;0;12463234;33310419;0;86583529;167357182;201071174;
6612;890105365;2019-12-31;2019;MILES;4362712;1636906;10156718;0;16156336;219629;0;624364;6861867;0;7705860;23862196;0;8848853;0;815181;212353;0;9876387;0;0;0;0;953252;953252;10829639;3900000;8803;-186358;4898476;0;4411636;13032557;23862196;
6613;890105365;2019-12-31;2018;MILES;2539194;1559662;6780178;0;10879034;268915;0;624364;5174783;0;6068062;16947096;0;7689046;0;764061;207825;0;8660932;0;0;0;0;397455;397455;9058387;400000;8803;-446780;3515050;0;4411636;7888709;16947096;
6614;830035263;2019-12-31;2019;MILES;10211003;7152502;15314589;13146021;45824115;17372749;0;0;10471451;0;27844200;73668315;21000000;11611443;641794;1763711;719946;0;35736894;0;0;1047297;0;0;1047297;36784191;6629163;66590522;13519584;-57427554;0;7572409;36884124;73668315;
6615;830035263;2019-12-31;2018;MILES;4581782;4391517;18250714;11774578;38998591;13677281;0;0;13471596;0;27148877;66147468;6000000;12026346;671894;1382018;912495;0;20992753;0;0;571552;0;0;571552;21564305;6629163;66590522;12425585;-44056320;0;2994213;44583163;66147468;
6616;890301463;2019-12-31;2019;MILES;42103130;14547212;226040371;173503752;456194465;112583653;0;0;55277157;0;167860810;624055275;8308067;259185990;13490018;24647980;0;0;305632055;7010559;0;0;0;2696491;9707050;315339105;24140481;479098;174821;280250866;0;3670904;308716170;624055275;
6617;890301463;2019-12-31;2018;MILES;14706579;4806024;230831548;153766545;404110696;107806755;0;0;36676128;0;144482883;548593579;161276;239122766;9320917;22802939;1971954;0;273379852;320698;0;0;0;2366063;2686761;276066613;24140481;479098;1638250;243541879;0;2727258;272526966;548593579;
6618;811008963;2019-12-31;2019;MILES;20098426;16331697;97051020;0;133481143;55557343;0;0;376220664;0;431778007;565259150;38895147;30592675;0;0;15054878;30723556;115266256;99075356;0;39283167;0;0;138358523;253624779;33400536;168632258;-4187425;113789002;0;0;311634371;565259150;
6619;811008963;2019-12-31;2018;MILES;16270613;16313069;134344827;0;166928509;55191594;77576496;0;117662774;77576496;328007360;494935869;25238983;24929899;95110;0;12664299;22789642;85717933;69019079;0;37419116;0;0;106438195;192156128;33400536;168632258;56382;100690565;0;0;302779741;494935869;
6620;800020762;2019-12-31;2019;MILES;10239106;0;0;0;10239106;0;0;0;2065455771;0;2065455771;2075694877;0;2658;0;0;1121435;0;1124093;0;0;0;0;0;0;1124093;7912013;28042028;1585635621;242162912;0;210818210;2074570784;2075694877;
6621;800020762;2019-12-31;2018;MILES;37168066;0;0;0;37168066;0;0;0;1766969521;0;1766969521;1804137587;0;2658;0;0;163765;0;166423;0;0;0;0;0;0;166423;7912013;28042028;1337493151;219705762;0;210818210;1803971164;1804137587;
6622;804002861;2019-12-31;2019;MILES;574113;48282;7944336;0;8566731;2159364;2991047;59980331;42341698;2991047;110463487;119030218;2312193;1013634;0;74333;121167;1805374;5326701;22255036;0;5370512;0;0;27625548;32952249;512000;12509937;7340551;53327756;0;12387725;86077969;119030218;
6623;804002861;2019-12-31;2018;MILES;2635527;73706;8953869;0;11663102;2293758;0;56548837;45623478;0;104466073;116129175;5029574;102852;0;93782;189848;750;5416806;22311431;0;6502850;0;0;28814281;34231087;512000;12509937;6501370;55505902;0;6868879;81898088;116129175;
6624;901291264;2019-12-31;2019;MILES;0;0;1948039;0;1948039;0;0;0;0;0;0;1948039;8966561;0;0;0;0;0;8966561;33926454;37235039;0;0;0;71161493;80128054;1948039;0;0;-80128054;0;0;-78180015;1948039;
6625;900265163;2019-12-31;2019;MILES;2808006;0;0;0;2808006;0;9780559;0;2050767309;9780559;2070328427;2073136433;0;2659;0;0;1133369;0;1136028;0;0;0;0;0;0;1136028;8000000;30852414;1620291056;242053240;0;170803695;2072000405;2073136433;
6626;900265163;2019-12-31;2018;MILES;39820523;0;0;0;39820523;0;0;0;1762132093;0;1762132093;1801952616;0;2659;0;0;115985;0;118644;0;0;0;0;0;0;118644;8000000;30852414;1372577444;219600419;0;170803695;1801833972;1801952616;
6627;900061364;2019-12-31;2019;MILES;88368;191747;15376847;1640094;17297056;0;355000;1687129;1386794;355000;3783923;21080979;447267;3285386;0;603891;13672;2050162;6400378;0;0;61405;0;0;61405;6461783;2500000;8065820;2068653;1107288;0;877435;14619196;21080979;
6628;900061364;2019-12-31;2018;MILES;140296;192749;9979782;1949247;12262074;0;2438181;1133353;-1426699;2438181;4583016;16845090;733050;1041095;0;510063;10225;1025721;3320154;0;0;63700;0;0;63700;3383854;2500000;8065820;563985;1504668;0;826763;13461236;16845090;
6629;800094968;2019-12-31;2019;MILES;11972310;10525440;82742437;261164907;366405094;26758508;0;11079303;203672559;0;241510370;607915464;179048054;34315219;3442526;2395139;16142042;0;235342980;91251398;0;2144819;0;0;93396217;328739197;8000000;0;4000000;267176267;0;0;279176267;607915464;
6630;800094968;2019-12-31;2018;MILES;15879807;7550996;86561217;299767144;409759164;28140065;0;7558374;155497023;0;191195462;600954626;220803681;39786319;2661459;2243596;14905806;0;280400861;125175918;0;2978648;0;0;128154566;408555427;8000000;0;4000000;180399199;0;0;192399199;600954626;
6631;860001963;2019-12-31;2019;MILES;9621816;4681470;39793815;48324461;102421562;228761161;430827;4784009;30418254;430827;264825078;367246640;53237166;29825194;0;0;2951137;3483531;89497028;33208624;1876195;23400143;0;1204694;59689656;149186684;34926767;454733;19809073;162869383;0;0;218059956;367246640;
6632;860001963;2019-12-31;2018;MILES;5214029;4403486;38511205;50961495;99090215;235966244;30228;420768;29171928;30228;265619396;364709611;57727084;32488986;0;0;3149650;1845584;95211304;29160396;1876195;23206512;0;1156679;55399782;150611086;34926767;454733;19963367;158753658;0;0;214098525;364709611;
6633;890917465;2019-12-31;2019;MILES;21833537;610364;32373234;14844942;69662077;19803391;1026944;0;4583835;1026944;26441114;96103191;1215685;27517190;0;0;1598817;5563720;35895412;3161306;2419995;0;0;0;5581301;41476713;5476;0;38221530;16399472;0;0;54626478;96103191;
6634;890917465;2019-12-31;2018;MILES;13071970;484190;27503852;13880044;54940056;16797019;141170;0;5052709;141170;22132068;77072124;534112;24498595;0;0;2601892;4455203;32089802;141170;2399769;0;0;0;2540939;34630741;5476;0;31124865;11311042;0;0;42441383;77072124;
6635;890306162;2019-12-31;2019;MILES;1624709;3309000;22233255;0;27166964;8870583;0;0;635824;0;9506407;36673371;171856;11721350;3502177;1150659;996113;0;17542155;159101;6258418;0;0;0;6417519;23959674;939668;0;0;11774029;0;0;12713697;36673371;
6636;890306162;2019-12-31;2018;MILES;2457724;2694112;20268987;0;25420823;4481093;0;0;196961;0;4678054;30098877;123433;9840361;2879765;1485011;1112632;0;15441202;258340;0;0;0;0;258340;15699542;939668;0;271150;13188517;0;0;14399335;30098877;
6637;900595161;2019-12-31;2019;MILES;4940700;6927822;1261679;0;13130201;0;512430401;0;20125187;512430401;1044985989;1058116190;0;26023001;0;615057;6131240;135499;32904797;0;0;0;0;101577;101577;33006374;15816073;862453741;97558885;49281117;0;0;1025109816;1058116190;
6638;900595161;2019-12-31;2018;MILES;1963581;4594986;9452267;0;16010834;0;465951392;0;19018176;465951392;950920960;966931794;0;17578452;0;415130;2049651;2728195;22771428;0;0;0;0;0;0;22771428;15551981;836308617;42687541;49612227;0;0;944160366;966931794;
6639;900454277;2019-12-31;2019;MILES;18806;99505;0;0;118311;0;13440198;0;132655963;13440198;159536359;159654670;0;0;0;0;16107;0;16107;12100922;56058289;0;0;4870252;73029463;73045570;32137739;27761021;3458010;8016936;0;15235394;86609100;159654670;
6640;900454277;2019-12-31;2018;MILES;4443;129263;0;0;133706;0;1438688;0;122106996;1438688;124984372;125118078;0;0;0;0;226559;0;226559;0;52839548;0;0;4870252;57709800;57936359;32137739;27761021;788831;604216;0;5889912;67181719;125118078;
6641;800114672;2019-12-31;2019;MILES;4135771;578940;22214569;62485;26991765;5073768;0;0;1892945;0;6966713;33958478;324188;1657564;51333;3406572;1982222;1764361;9186240;2041673;0;0;0;0;2041673;11227913;2094586;0;6620202;13675375;0;340402;22730565;33958478;
6642;800114672;2019-12-31;2018;MILES;5574007;15884;23786053;98871;29474815;5243091;0;0;1945805;0;7188896;36663711;430136;2209890;0;4009695;2648660;1923826;11222207;2213089;0;0;0;159184;2372273;13594480;2094586;0;10672350;9977891;0;324404;23069231;36663711;
6643;830021260;2019-12-31;2019;MILES;401798;89427;2666615;721694;3879534;26390100;0;0;398137;0;26788237;30667771;595673;2279517;0;0;0;741391;3616581;5583167;0;174603;139956;184804;6082530;9699111;1041124;0;0;2429125;0;17498411;20968660;30667771;
6644;830021260;2019-12-31;2018;MILES;965039;11919;3383954;2650997;7011909;6211917;0;0;137321;0;6349238;13361147;1750;1902441;0;0;0;686301;2590492;7705064;0;35930;158454;188298;8087746;10678238;1041124;0;0;1641785;0;0;2682909;13361147;
6645;800190665;2019-12-31;2019;MILES;532701;2203405;21765944;10887998;35390048;38337205;0;312550;777352;0;39427107;74817155;3660292;17702921;0;0;2146800;2570036;26080049;14424249;0;4187707;0;0;18611956;44692005;340000;2085000;1779865;5415305;0;20504980;30125150;74817155;
6646;800190665;2019-12-31;2018;MILES;452710;2317055;26482987;9142335;38395087;39204643;0;296100;426678;0;39927421;78322508;4138516;22432340;0;0;2168458;2775952;31515266;14026775;0;4026419;0;0;18053194;49568460;340000;2085000;1779865;4058561;0;20490622;28754048;78322508;
6647;830140271;2019-12-31;2019;MILES;71999;1353779;189113;0;1614891;117603913;3392642;0;544067437;3392642;668456634;670071525;3457;7689111;0;0;229718;67377;7989663;517365082;11867323;0;0;87077768;616310173;624299836;448615;21587541;4364862;-92065209;0;111435880;45771689;670071525;
6648;830140271;2019-12-31;2018;MILES;168666;662895;145879;0;977440;105888267;6776897;0;475424212;6776897;594866273;595843713;1773;7951909;0;0;417855;90039;8461576;454915345;17008765;0;0;40720233;512644343;521105919;444515;13391641;4364862;-73718267;0;130255043;74737794;595843713;
6649;860001771;2019-12-31;2019;MILES;4211859;16468984;20948380;2671600;44300823;51956;0;0;1760086;0;1812042;46112865;5915345;18668290;2099998;147825;1117202;7997577;35946237;0;0;0;0;0;0;35946237;5000423;5968451;264911;-1067157;0;0;10166628;46112865;
6650;860001771;2019-12-31;2018;MILES;3328882;3869450;9709357;4627231;21534920;109083;0;0;1173842;0;1282925;22817845;5890444;11495094;1511263;218157;367317;204540;19686815;0;0;118002;0;0;118002;19804817;5000423;5968451;264911;-8220757;0;0;3013028;22817845;
6651;900442475;2019-12-31;2019;MILES;211261;67908;0;0;279169;0;941587;8086790;294515535;941587;304485499;304764668;0;46916;0;0;14330;0;61246;0;4807503;14817337;0;0;19624840;19686086;2997830;188686;1498915;79393828;0;200999323;285078582;304764668;
6652;900442475;2019-12-31;2018;MILES;231567;0;0;0;231567;0;994648;5159309;357649197;994648;364797802;365029369;0;61419;0;0;16947;0;78366;0;4490059;18063151;0;0;22553210;22631576;2997830;188686;1498915;136713039;0;200999323;342397793;365029369;
6653;800239064;2019-12-31;2019;MILES;3343335;8153011;49770222;44064634;105331202;20803668;7275663;900917;2113339;7275663;38369250;143700452;47296377;23571482;1055543;787192;7896422;0;80607016;3275890;1490537;7954588;0;0;12721015;93328031;1917013;16259640;2120468;28993854;0;1081446;50372421;143700452;
6654;800239064;2019-12-31;2018;MILES;4312800;4987063;48591448;39374757;97266068;18650178;5352682;44691;-85354;5352682;29314879;126580947;42762011;20725422;1504435;689922;5693183;0;71374973;655043;1435277;7074815;0;0;9165135;80540108;1917013;16259640;2120468;25743718;0;0;46040839;126580947;
6655;900966969;2019-12-31;2019;MILES;121245;3712085;9642528;0;13475858;35467037;0;0;5060946;0;40527983;54003841;6225257;19467216;0;398181;1184834;949600;28225088;12841537;0;394684;0;54491;13290712;41515800;21395202;1757000;193376;-10857537;0;0;12488041;54003841;
6656;900966969;2019-12-31;2018;MILES;130982;955551;11051478;0;12138011;28610683;0;0;3720673;0;32331356;44469367;4721631;8969068;0;336617;512219;0;14539535;13029167;1164906;311657;0;53516;14559246;29098781;21395202;1757000;208092;-7989708;0;0;15370586;44469367;
6657;805001285;2019-12-31;2019;MILES;308390;564762;2595589;0;3468741;10588;0;0;12847578;0;12858166;16326907;0;126970;0;113696;280093;288694;809453;0;0;727461;0;0;727461;1536914;300000;0;5963319;8526674;0;0;14789993;16326907;
6658;805001285;2019-12-31;2018;MILES;216295;456120;4907920;0;5580335;14840;0;0;13542395;0;13557235;19137570;0;263144;0;98511;272416;41718;675789;0;0;736275;0;0;736275;1412064;300000;0;5637892;11787614;0;0;17725506;19137570;
6659;860007668;2019-12-31;2019;MILES;5528407;3295561;30277308;42730516;81831792;93208938;0;2238535;6616466;0;102063939;183895731;52822503;27301894;0;731546;401246;5067966;86325155;1968721;0;13067433;0;0;15036154;101361309;118076;5078465;-10711310;35500968;0;52548223;82534422;183895731;
6660;860007668;2019-12-31;2018;MILES;6594053;6758166;26811963;57882277;98046459;97433547;0;2238535;7616369;0;107288451;205334910;64353465;39915189;0;720917;503945;7252582;112746098;3196876;0;13362664;0;0;16559540;129305638;118076;5078465;-11273478;29049109;0;53057100;76029272;205334910;
6661;860016767;2019-12-31;2019;MILES;117558;0;14191529;12351434;26660521;23076299;0;0;5759217;0;28835516;55496037;0;14976400;0;760727;0;0;15737127;490277;0;819210;0;0;1309487;17046614;6923189;4283666;2286236;5681435;0;19274897;38449423;55496037;
6662;860016767;2019-12-31;2018;MILES;187958;0;13413248;12070338;25671544;20281050;0;0;5035015;0;25316065;50987609;0;11669308;0;795105;0;0;12464413;591889;0;819210;0;0;1411099;13875512;6923189;4283666;1764224;4798809;0;19342209;37112097;50987609;
6663;890301868;2019-12-31;2019;MILES;2374995;13312;28959105;16848940;48196352;8153627;0;5750588;0;0;13904215;62100567;16376099;12437502;0;621412;1284666;1231093;31950772;560000;0;636110;0;0;1196110;33146882;187121;1290794;18066299;9409471;0;0;28953685;62100567;
6664;890301868;2019-12-31;2018;MILES;1578897;9983964;16520296;15935044;44018201;6389518;0;4221205;0;0;10610723;54628924;13398389;9829087;0;531780;2084254;0;25843510;1161557;0;427890;2;0;1589449;27432959;187121;1283311;15827366;9898167;0;0;27195965;54628924;
6665;860070770;2019-12-31;2019;MILES;613106;1609536;2545305;4985290;9753237;15118410;0;0;8652227;0;23770637;33523874;872109;2342555;0;192971;901167;0;4308802;6883868;0;2271305;0;0;9155173;13463975;8093386;2134084;698539;9133890;0;0;20059899;33523874;
6666;860070770;2019-12-31;2018;MILES;161458;1602860;4252130;6149657;12166105;16492312;0;0;8256082;0;24748394;36914499;3465395;5401038;0;203842;857078;0;9927353;4720130;0;1008053;0;0;5728183;15655536;8093386;2134084;698539;10332954;0;0;21258963;36914499;
6667;890900267;2019-12-31;2019;MILES;2000394;9421479;25070271;18067404;54559548;48163363;0;0;1426805;0;49590168;104149716;7944956;8564370;0;2326267;3643661;2598754;25078008;33489744;1525348;2501756;0;204265;37721113;62799121;18421598;0;1700248;21228749;0;0;41350595;104149716;
6668;890900267;2019-12-31;2018;MILES;1792923;3043888;30015469;20043766;54896046;48491910;0;0;2259212;0;50751122;105647168;13919271;8594568;0;2212991;1113181;3455784;29295795;38335042;858684;3313022;0;193721;42700469;71996264;18421598;0;1700248;13529058;0;0;33650904;105647168;
6669;800032970;2019-12-31;2019;MILES;622728;0;21293587;124852;22041167;313127791;2959157;0;375666346;2959157;694712451;716753618;13773109;989285;0;159825;372585;196005;15490809;39455556;24801913;18337668;0;0;82595137;98085946;74555825;0;9666247;8493001;0;525952599;618667672;716753618;
6670;800032970;2019-12-31;2018;MILES;191014;0;7924898;0;8115912;293043406;3342555;0;368779771;3342555;668508287;676624199;0;10592979;0;145951;258916;240900;11238746;28483666;16801913;18912357;0;0;64197936;75436682;74555825;0;8551802;-813355;0;518893245;601187517;676624199;
6671;900419769;2019-12-31;2019;MILES;8485;53133;204;0;61822;0;0;0;3925140;0;3925140;3986962;608829;490;0;0;28213;548;638080;305114;0;0;0;965334;1270448;1908528;1837226;376392;22992;-2369589;0;2211413;2078434;3986962;
6672;900419769;2019-12-31;2018;MILES;10670;40029;0;0;50699;0;0;0;2861347;0;2861347;2912046;648756;10679;0;0;29;0;659464;953408;0;0;0;518302;1471710;2131174;1800000;0;22992;-1757625;0;715505;780872;2912046;
6673;900831969;2019-12-31;2019;MILES;64523;0;0;0;64523;0;0;0;6227346;0;6227346;6291869;1827384;3200;0;0;0;0;1830584;700000;0;0;0;0;700000;2530584;25000;0;626111;3110174;0;0;3761285;6291869;
6674;900831969;2019-12-31;2018;MILES;132193;0;0;0;132193;0;0;0;6797694;0;6797694;6929887;909849;4466;0;0;0;0;914315;3921413;0;0;0;0;3921413;4835728;25000;0;626111;1443048;0;0;2094159;6929887;
6675;890924167;2019-12-31;2019;MILES;3887907;862827;29041961;80475660;114268355;13272886;0;0;15498230;0;28771116;143039471;42109493;47335682;6550;2418730;12183401;0;104053856;2035607;8100667;0;0;0;10136274;114190130;9281;8162686;9710212;10967162;0;0;28849341;143039471;
6676;890924167;2019-12-31;2018;MILES;5622237;2290204;27303315;69540469;104756225;12713656;0;0;1702044;0;14415700;119171925;40433810;35235541;6550;2103896;12499793;0;90279590;2750000;0;0;0;0;2750000;93029590;9281;8162686;9236789;8733579;0;0;26142335;119171925;
6677;900479267;2019-12-31;2019;MILES;11687963;0;46689646;1666349;60043958;2977395;0;0;45940;0;3023335;63067293;0;2116335;0;466877;1637223;0;4220435;1305819;3477831;219571;0;65659;5068880;9289315;300000;0;0;53477978;0;0;53777978;63067293;
6678;900479267;2019-12-31;2018;MILES;4547208;0;37588555;5017881;47153644;2968686;0;0;61563;0;3030249;50183893;0;1255389;0;328831;817854;0;2402074;1865611;3477831;207280;0;65659;5616381;8018455;300000;0;0;41865438;0;0;42165438;50183893;
6679;860031169;2019-12-31;2019;MILES;528641;0;65948;47910;642499;18359740;918487;10100966;41106274;918487;71403954;72046453;14704;80319;0;136111;53952;0;285086;0;532863;5215039;0;0;5747902;6032988;3653618;449901;37372900;24537046;0;0;66013465;72046453;
6680;860031169;2019-12-31;2018;MILES;128260;132644;66264;34426;361594;18212214;741229;9731180;39248993;741229;68674845;69036439;28637;79933;0;114148;8971;0;231689;0;522321;4647890;0;0;5170211;5401900;3653618;449901;37372900;22158120;0;0;63634539;69036439;
6681;890922265;2019-12-31;2019;MILES;3780734;4346802;38561640;1267947;47957123;3384800;0;0;769324;0;4154124;52111247;32837;17760703;74598;1137463;7949631;744949;27700181;930075;0;408605;0;1931583;3270263;30970444;942259;0;9893498;9255681;0;1049365;21140803;52111247;
6682;890922265;2019-12-31;2018;MILES;1350219;1507828;12972258;5232683;21062988;2742013;0;0;0;0;2742013;23805001;38598;7723073;74598;1121835;1483128;0;10441232;138434;0;420143;0;866957;1425534;11866766;942259;0;7666666;2226831;0;1102479;11938235;23805001;
6683;800164767;2019-12-31;2019;MILES;11681377;0;22057678;15758071;49497126;1413950;0;0;11100814;0;12514764;62011890;4424396;15411385;0;0;2278782;0;22114563;0;0;0;761300;196958;958258;23072821;60000;0;7596598;28940173;0;2342298;38939069;62011890;
6684;800164767;2019-12-31;2018;MILES;10926281;0;15326049;16940411;43192741;1071444;0;0;7488664;0;8560108;51752849;31769;22105392;0;0;3166241;0;25303402;0;0;0;664197;0;664197;25967599;60000;0;7596598;15949862;0;2178790;25785250;51752849;
6685;805010369;2019-12-31;2019;MILES;7503107;4085742;20717176;15776340;48082365;1318195;3506003;12367303;-3186426;3506003;17511078;65593443;14447932;10014898;1076971;787989;0;3108914;29436704;3174535;5562148;831896;0;5834928;15403507;44840211;3000000;882000;1072754;15798478;0;0;20753232;65593443;
6686;805010369;2019-12-31;2018;MILES;3768619;4441351;23174161;13999367;45383498;911950;86544;15754044;436339;86544;17275421;62658919;13024987;11948825;558381;860886;7774;10886257;37287110;603820;4094189;831896;0;0;5529905;42817015;3000000;882000;1072754;14887150;0;0;19841904;62658919;
6687;900265170;2019-12-31;2019;MILES;50934873;394618;24810511;0;76140002;0;36640056;0;2742939823;36640056;2816219935;2892359937;0;17156;0;0;1097503;0;1114659;1230603;0;74537;0;0;1305140;2419799;9333333;243845906;1720828717;915932182;0;0;2889940138;2892359937;
6688;900265170;2019-12-31;2018;MILES;24988456;535314;8700000;0;34223770;0;9375012;0;2367818724;9375012;2386568748;2420792518;0;13133;0;0;7161;0;20294;1131425;0;131582;0;0;1263007;1283301;9333333;243845906;1337342254;828987724;0;0;2419509217;2420792518;
6689;901142867;2019-12-31;2019;MILES;1000;3;939164;0;940167;0;0;0;709995446;0;709995446;710935613;52;277983;0;0;0;0;278035;0;0;0;0;0;0;278035;3805635;63892789;0;90162127;0;552797027;710657578;710935613;
6690;901142867;2019-12-31;2018;MILES;1000;0;110886;0;111886;0;0;0;67772277;0;67772277;67884163;0;367549;0;0;58;0;367607;0;0;0;0;0;0;367607;3805635;63892789;0;-181868;0;0;67516556;67884163;
6691;891855089;2019-12-31;2019;MILES;421823;162746;1191289;0;1775858;3215612;15325657;23342591;111102134;15325657;168311651;170087509;787847;1304751;0;122014;0;51458;2266070;20806347;0;1358887;0;0;22165234;24431304;24000;0;7311637;108258836;0;30061732;145656205;170087509;
6692;891855089;2019-12-31;2018;MILES;1370878;0;953250;0;2324128;3086138;15926463;23342591;93552271;15926463;151833926;154158054;819466;893097;0;94335;134002;136762;2077662;21587899;0;1703691;0;0;23291590;25369252;24000;0;12000;98729595;0;30023207;128788802;154158054;
6693;800027867;2019-12-31;2019;MILES;531459;2038163;5171674;2479577;10220873;12013903;17308;0;25137253;17308;37185772;47406645;13609;1984069;0;353776;2323324;0;4674778;1025;873186;1689770;0;89026;2653007;7327785;1100000;0;17533482;16090776;0;5354602;40078860;47406645;
6694;800027867;2019-12-31;2018;MILES;224053;6224191;3789302;3084908;13322454;11488661;54399;0;19002565;54399;30600024;43922478;9810;1012251;0;368309;2511176;307676;4209222;29590;7911876;1738162;0;65912;9745540;13954762;1100000;0;7441106;16072008;0;5354602;29967716;43922478;
6695;900128566;2019-12-31;2019;MILES;1716868;11927567;101091276;0;114735711;21980375;0;0;3385862;0;25366237;140101948;53793708;55345918;0;9066333;0;6922565;125128524;12090398;0;0;0;0;12090398;137218922;1501954;30527499;305718;-29452145;0;0;2883026;140101948;
6696;900128566;2019-12-31;2018;MILES;2197255;9983982;88240645;0;100421882;8463981;0;0;8241589;0;16705570;117127452;21791227;68421889;0;7143816;0;12689000;110045932;219612;0;0;0;0;219612;110265544;1501954;30527499;0;-25167545;0;0;6861908;117127452;
6697;900174068;2019-12-31;2019;MILES;28868;19576;10526715;0;10575159;0;0;0;147735740;0;147735740;158310899;0;8465116;0;0;40821;0;8505937;0;0;0;0;0;0;8505937;1521090;0;63822630;-20185950;0;104647192;149804962;158310899;
6698;900174068;2019-12-31;2018;MILES;1593435;19576;10424741;0;12037752;0;0;0;163227869;0;163227869;175265621;0;10718254;0;0;176325;0;10894579;0;0;0;0;0;0;10894579;1521090;0;48386940;5226373;0;109236639;164371042;175265621;
6699;900307868;2019-12-31;2019;MILES;9412437;1449406;60277887;36081749;107221479;426742;144257;360000;1612008;144257;2687264;109908743;126681;12343035;0;34030;208037;204533;12916316;22348103;20599648;0;0;46285994;89233745;102150061;6960201;0;0;798481;0;0;7758682;109908743;
6700;900307868;2019-12-31;2018;MILES;5003666;899886;42920661;56224554;105048767;500642;170724;360000;2441157;170724;3643247;108692014;4461173;1558030;0;34484;97211;0;6150898;31638703;26166215;923617;0;34960368;93688903;99839801;0;6960201;0;1892012;0;0;8852213;108692014;
6701;860037900;2019-12-31;2019;MILES;34266013;211569428;101963526;113251194;461050161;10890875;0;0;305233548;0;316124423;777174584;118299295;249455534;6605636;1642091;3586741;53844792;433434089;68597833;68778212;0;0;0;137376045;570810134;1735550;12737038;128640025;63251837;0;0;206364450;777174584;
6702;860037900;2019-12-31;2018;MILES;4993707;156642739;29626559;92964551;284227556;10182568;0;0;260289926;0;270472494;554700050;110056358;103100056;1915534;1337244;3483233;50427461;270319886;50504959;89356355;0;0;0;139861314;410181200;1735550;12737038;78212546;51833716;0;0;144518850;554700050;
6703;800032281;2019-12-31;2019;MILES;51499;4844;421968;0;478311;0;877097;5168937;42996148;877097;49919279;50397590;0;396163;0;4771;36286;0;437220;0;3022558;3134920;0;0;6157478;6594698;858950;0;155854;-2216507;0;45004595;43802892;50397590;
6704;800032281;2019-12-31;2018;MILES;8209;3059;472044;0;483312;0;758962;5445269;43267273;758962;50230466;50713778;0;432878;0;6253;46954;0;486085;0;2973345;2852178;0;0;5825523;6311608;858950;0;155854;436012;0;42951354;44402170;50713778;
6705;900179369;2019-12-31;2019;MILES;7332045;2528372;102481187;1711317;114052921;37247249;4011912;0;90700883;4011912;135971956;250024877;27293127;26875082;0;17116710;12445120;91982;83822021;30351587;0;68759;0;0;30420346;114242367;23621470;45464874;8744455;56900669;0;1051042;135782510;250024877;
6706;900179369;2019-12-31;2018;MILES;8245209;1586666;79267461;1939651;91038987;48588322;0;0;74942577;0;123530899;214569886;20562541;24770615;0;15833651;11180082;319388;72666277;18992821;0;0;0;70870;19063691;91729968;23621470;45464874;4522176;48178968;0;1052430;122839918;214569886;
6707;900306166;2019-12-31;2019;MILES;98160;3431709;561319;0;4091188;3979492;0;0;22530474;0;26509966;30601154;0;42352;0;0;0;0;42352;0;0;322545;0;0;322545;364897;566000;3839808;0;3825648;0;22004801;30236257;30601154;
6708;900306166;2019-12-31;2018;MILES;237835;4017344;794674;0;5049853;3996886;0;0;20183576;0;24180462;29230315;0;39260;0;0;31023;0;70283;0;1545436;316995;0;0;1862431;1932714;566000;3839808;0;911105;0;21980688;27297601;29230315;
6709;900799976;2019-12-31;2019;MILES;942567;11982911;23687016;2865893;39478387;9644916;0;11758332;14155968;0;35559216;75037603;17512808;23851533;305359;388989;0;26247;42084936;19201856;0;3691179;0;0;22893035;64977971;1733321;2599982;2768432;2957895;0;2;10059632;75037603;
6710;900799976;2019-12-31;2018;MILES;153076;11958062;18520083;579173;31210394;6437710;0;0;4931771;0;11369481;42579875;17014737;12373323;100670;226401;994015;0;30709146;4600790;0;0;0;0;4600790;35309936;1733321;2599982;207319;2058645;0;670672;7269939;42579875;
6711;844000670;2019-12-31;2019;MILES;3228600;16915020;76959456;13860266;110963342;39814002;0;24855255;67449267;0;132118524;243081866;2840437;20128617;5305091;7039419;7771224;80581;43165369;34019271;43069965;1993719;20197718;1469206;100749879;143915248;10368600;0;10270293;27204672;0;51323053;99166618;243081866;
6712;844000670;2019-12-31;2018;MILES;1371448;12622570;72842838;20153123;106989979;43266589;0;24855255;67347142;0;135468986;242458965;1718684;17238640;4496253;7443827;7015208;4544010;42456622;34289438;43092853;1993719;20197718;1902104;101475832;143932454;10368600;0;11541791;23472171;0;53143949;98526511;242458965;
6713;900298569;2019-12-31;2019;MILES;384995;38856;871269;0;1295120;61540;0;13317404;2909569;0;16288513;17583633;85000;433747;0;0;200498;0;719245;0;809430;3500136;0;426868;4736434;5455679;3240068;1194403;342939;7350544;0;0;12127954;17583633;
6714;900298569;2019-12-31;2018;MILES;309490;33422;290150;0;633062;123080;0;13566880;3854744;0;17544704;18177766;60386;347842;0;0;0;0;408228;0;1153810;3266423;0;1478148;5898381;6306609;3240068;1194403;298189;7138497;0;0;11871157;18177766;
6715;890935966;2019-12-31;2019;MILES;107756;1192329;14534261;7656;15842002;381315;0;5638354;10494038;0;16513707;32355709;1415049;6582474;0;0;761804;10746606;19505933;4941673;0;972148;0;0;5913821;25419754;1510510;0;3555234;1870211;0;0;6935955;32355709;
6716;890935966;2019-12-31;2018;MILES;746631;743816;11969130;4794;13464371;350943;0;4742098;8719390;0;13812431;27276802;9416167;5710684;0;0;673868;1137856;16938575;3704211;0;931632;0;0;4635843;21574418;1360648;0;2673252;1668484;0;0;5702384;27276802;
6717;800222763;2019-12-31;2019;MILES;188;3605641;32309006;10965236;46880071;0;0;0;35090814;0;35090814;81970885;3833204;37935425;0;0;2656703;0;44425332;0;10652784;5878625;0;6488730;23020139;67445471;22294071;9909580;13037499;-30715736;0;0;14525414;81970885;
6718;800222763;2019-12-31;2018;MILES;70253;4731752;53354181;21942620;80098806;0;0;0;35241452;0;35241452;115340258;3792785;47735490;0;0;2295119;0;53823394;0;33812917;5959105;0;6575548;46347570;100170964;22294071;9909580;13037499;-30071856;0;0;15169294;115340258;
6719;804014471;2019-12-31;2019;MILES;1134283;20042;871595;3593208;5619128;130132005;0;0;2974476;0;133106481;138725609;1570307;58824;0;10163;198223;0;1837517;19425752;0;8713566;0;26765;28166083;30003600;330056;13824944;226947;46740631;0;47599431;108722009;138725609;
6720;804014471;2019-12-31;2018;MILES;459617;1458837;1079265;5698700;8696419;117503887;0;0;1983472;0;119487359;128183778;1942471;679305;0;16377;178724;0;2816877;23634726;0;21890576;0;1057409;46582711;49399588;330056;13824944;226947;44084721;0;20317522;78784190;128183778;
6721;830070966;2019-12-31;2019;MILES;668600;6580411;30361330;69307709;106918050;6538444;0;41191163;107601843;0;155331450;262249500;98291573;8075292;0;120486;7929622;18164592;132581565;0;79640011;1470202;0;190308;81300521;213882086;6300000;100000;2318522;16676189;0;22972703;48367414;262249500;
6722;830070966;2019-12-31;2018;MILES;460792;7728784;28671220;52212913;89073709;10755464;0;40456824;97206265;0;148418553;237492262;97559311;7992564;0;242647;5194433;17346182;128335137;0;64147744;792462;0;190311;65130517;193465654;6300000;100000;2318522;19234660;0;16073426;44026608;237492262;
6723;800158941;2019-12-31;2019;MILES;281916;0;1445665;146469;1874050;2075481;0;0;7668337;0;9743818;11617868;66603;1755116;25245;172588;39813;24956;2084321;1563443;0;983454;0;0;2546897;4631218;850000;0;1555071;1456049;0;3125530;6986650;11617868;
6724;800158941;2019-12-31;2018;MILES;209801;0;1596431;167728;1973960;1934274;0;0;6996119;0;8930393;10904353;2689;1143499;0;174939;384;23008;1344519;1474570;0;883858;0;0;2358428;3702947;850000;0;1526060;1699816;0;3125530;7201406;10904353;
6725;900128677;2019-12-31;2019;MILES;63849;27988;8179487;0;8271324;0;0;0;1100264;0;1100264;9371588;276128;764;0;0;539;0;277431;0;0;0;0;0;0;277431;4385922;13735262;0;-11363885;0;2336858;9094157;9371588;
6726;900128677;2019-12-31;2018;MILES;62466;676883;8118146;0;8857495;0;0;0;1100262;0;1100262;9957757;248010;1855;0;0;100949;0;350814;0;0;0;0;0;0;350814;4385922;13735262;0;-10851099;0;2336858;9606943;9957757;
6727;900128678;2019-12-31;2019;MILES;364029;62794;631337;0;1058160;34217;0;0;8439761;0;8473978;9532138;1224573;4519;0;0;171552;0;1400644;0;0;0;0;0;0;1400644;10135305;9027987;8184;-11039982;0;0;8131494;9532138;
6728;900128678;2019-12-31;2018;MILES;116;36657;357372;0;394145;143329;0;0;8439760;0;8583089;8977234;1135046;12077;0;0;64354;0;1211477;0;0;0;0;0;0;1211477;10135305;9027987;8184;-11405719;0;0;7765757;8977234;
6729;800109273;2019-12-31;2019;MILES;5762264;0;68617507;0;74379771;3721929;0;0;1359056;0;5080985;79460756;0;19519442;0;0;0;0;19519442;20240556;0;0;0;13859813;34100369;53619811;1295110;12764511;10090484;1690840;0;0;25840945;79460756;
6730;800109273;2019-12-31;2018;MILES;5670017;0;54031703;0;59701720;0;0;0;1600361;0;1600361;61302081;0;17883407;0;513446;38085;0;18434938;20349551;0;0;0;0;20349551;38784489;1285110;9978817;10090484;1163181;0;0;22517592;61302081;
6731;860002274;2019-12-31;2019;MILES;1194945;6710635;43326045;49655254;100886879;58932121;0;55950073;1761423;0;116643617;217530496;43352583;33390456;0;1795297;4866512;776802;84181650;15178037;0;8618504;0;452520;24249061;108430711;6063614;14427520;6221326;72695191;0;9692134;109099785;217530496;
6732;860002274;2019-12-31;2018;MILES;1137616;7017805;38604528;52171616;98931565;57119859;0;55950073;906252;0;113976184;212907749;34905310;28947001;0;2074738;4105967;794004;70827020;28307925;0;8478214;0;459243;37245382;108072402;6063614;14427520;6221326;69978346;0;8144541;104835347;212907749;
6733;890200474;2019-12-31;2019;MILES;7251345;58398427;23897099;51019502;140566373;362582639;3860977;9941932;80995242;3860977;461241767;601808140;180571188;69555046;0;8570875;1096790;2859483;262653382;103273011;6486421;0;37748505;1679236;149187173;411840555;26492270;0;26362248;31886264;0;105226803;189967585;601808140;
6734;890200474;2019-12-31;2018;MILES;4778780;39428412;29312858;40262561;113782611;310335161;5823770;9381947;77272043;5823770;408636691;522419302;152750813;58830517;0;5758171;675123;2824006;220838630;109402740;0;0;32785943;1421903;143610586;364449216;26492270;0;25557654;31886264;0;74033898;157970086;522419302;
6735;800094791;2019-12-31;2019;MILES;22103;90613;1182905;354373;1649994;29723907;0;3267182;3557030;0;36548119;38198113;907566;3812828;0;400480;0;0;5120874;0;12789879;1360149;0;0;14150028;19270902;2085749;893725;1751207;13480230;0;716300;18927211;38198113;
6736;800094791;2019-12-31;2018;MILES;580170;26628;640775;269200;1516773;24473407;0;3172020;3180689;0;30826116;32342889;963215;2398125;0;369394;48254;0;3778988;993993;9593908;1265470;0;0;11853371;15632359;2085749;893725;-32905;13230116;0;533845;16710530;32342889;
6737;830091676;2019-12-31;2019;MILES;3766320;1100117;12515669;6917745;24299851;6239597;20150;0;341334;20150;6621231;30921082;420612;9877129;1302022;0;189550;66370;11855683;1945807;0;36995;0;0;1982802;13838485;2000000;0;1821867;13245634;0;15096;17082597;30921082;
6738;830091676;2019-12-31;2018;MILES;2807583;1084528;13996643;5083264;22972018;5922176;54898;0;296911;54898;6328883;29300901;1166631;8825860;1488230;0;394456;7825;11883002;1640792;0;147065;0;0;1787857;13670859;2000000;0;1591122;12023824;0;15096;15630042;29300901;
6739;890302571;2019-12-31;2019;MILES;2082990;391478;39609;598732;3112809;1474768;0;108358646;1154425;0;110987839;114100648;0;3321227;0;36270;185318;56938;3599753;0;0;16919783;0;1660575;18580358;22180111;3999820;25183;19876722;66733188;0;1285624;91920537;114100648;
6740;890302571;2019-12-31;2018;MILES;2282579;412487;215554;580395;3491015;1497526;0;108358646;1443058;0;111299230;114790245;0;711586;0;35474;554840;190557;1492457;0;0;17326146;0;1534350;18860496;20352953;3999820;25183;20999044;68127621;0;1285624;94437292;114790245;
6741;860506688;2019-12-31;2019;MILES;87724;100012287;31192356;3128689;134421056;8916329;0;0;244626018;0;253542347;387963403;0;17557618;0;1530360;10291169;59019734;88398881;46134034;0;2397078;0;75319280;123850392;212249273;18070777;45891591;8114231;56863421;0;46774110;175714130;387963403;
6742;860506688;2019-12-31;2018;MILES;107432;104190390;23898212;3120712;131316746;11246309;0;0;245389139;0;256635448;387952194;0;20602440;0;1289496;9545829;44282911;75720676;0;53227469;1628261;0;73666057;128521787;204242463;18070777;45891591;8114231;66833457;0;44799675;183709731;387952194;
6743;800154771;2019-12-31;2019;MILES;8497;253166;8257810;1819023;10338496;12007538;0;0;13472940;0;25480478;35818974;207198;10337954;2416905;1399801;96632;0;14458490;0;0;0;0;0;0;14458490;500000;0;317553;20244038;0;298893;21360484;35818974;
6744;800154771;2019-12-31;2018;MILES;21120;263486;6264261;1769621;8318488;10372692;0;0;11932430;0;22305122;30623610;267210;8921301;1742021;1237762;95309;0;12263603;0;0;0;0;0;0;12263603;500000;0;269256;17291858;0;298893;18360007;30623610;
6745;800012375;2019-12-31;2019;MILES;275478;11523069;15213966;49135201;76147714;66163873;5294339;0;74923236;5294339;151675787;227823501;43890716;65029685;0;1415382;1040287;588249;111964319;21060790;0;2603120;0;1958847;25622757;137587076;47358169;42672741;5911784;-38094626;0;32388357;90236425;227823501;
6746;800012375;2019-12-31;2018;MILES;38211445;20748871;14339736;32415800;105715852;63043608;5250090;0;-775671;5250090;72768117;178483969;45816114;31740679;0;1291609;1070430;442945;80361777;11839526;0;2598093;0;664437;15102056;95463833;47358169;42672741;5319417;-43833094;0;31502903;83020136;178483969;
6747;816006799;2019-12-31;2019;MILES;17265054;0;104541226;47717162;169523442;39414466;0;0;6981707;0;46396173;215919615;43165319;32763579;0;2034576;290766;11077403;89331643;45438171;20018498;12441841;2475941;0;80374451;169706094;8964241;0;0;34687621;0;2561659;46213521;215919615;
6748;816006799;2019-12-31;2018;MILES;2679508;0;50347132;36187070;89213710;38813170;0;0;13841929;0;52655099;141868809;3733807;18699165;0;1535730;190000;9424011;33582713;42573744;14578402;14241508;2023314;0;73416968;106999681;8964241;0;0;23343227;0;2561660;34869128;141868809;
6749;890323576;2019-12-31;2019;MILES;875613;2602964;3401325;3578975;10458877;38582096;0;0;232145;0;38814241;49273118;2891484;1111639;0;245875;1216615;0;5465613;6482321;1958299;719363;0;0;9159983;14625596;1579400;211255;305517;22705030;0;9846320;34647522;49273118;
6750;890323576;2019-12-31;2018;MILES;265577;1504237;4356638;4053636;10180088;40087456;0;0;351887;0;40439343;50619431;3074834;2510294;0;212442;1103641;0;6901211;8607735;0;897043;0;48701;9553479;16454690;1579400;211255;9427771;10096803;0;12849512;34164741;50619431;
6751;891400378;2019-12-31;2019;MILES;8063100;27649451;53370434;43653916;132736901;381122452;32379296;4104063;-17238865;32379296;432746242;565483143;41153415;76594471;0;5108998;12104872;1195995;136157751;99969714;59316464;66113588;0;707936;226107702;362265453;4104357;0;941169;55446214;0;142725950;203217690;565483143;
6752;891400378;2019-12-31;2018;MILES;7237527;20176994;48156726;35153835;110725082;340400691;27330258;4962355;-13605122;27330258;386418440;497143522;37379345;79289934;36000;5543310;9408800;78708;131736097;51485681;41314706;66981528;0;690321;160472236;292208333;4104357;0;1019497;52253697;0;147557638;204935189;497143522;
6753;900124375;2019-12-31;2019;MILES;571272;21762;2503737;0;3096771;0;122143454;0;-114197119;122143454;130089789;133186560;0;6936422;0;32228;38622;0;7007272;0;12831700;0;0;63200000;76031700;83038972;1356000;0;1113376;15722619;0;31955593;50147588;133186560;
6754;900124375;2019-12-31;2018;MILES;15621;20468;0;0;36089;0;65457262;0;-57230958;65457262;73683566;73719655;0;6387136;0;3260;30969;0;6421365;0;5170726;536830;0;50000000;55707556;62128921;1356000;0;1113376;8578796;0;542562;11590734;73719655;
6755;900509577;2019-12-31;2019;MILES;1562;694292850;55073;0;694349485;0;0;0;0;0;0;694349485;17187790;522964;0;12921;0;2611711;20335386;0;0;0;0;0;0;20335386;44542427;598634171;4930168;25907333;0;0;674014099;694349485;
6756;900509577;2019-12-31;2018;MILES;204106;273494312;54000;0;273752418;0;0;0;0;0;0;273752418;0;2069713;0;0;0;940215;3009928;0;0;0;0;0;0;3009928;40743427;222533171;3936469;3529423;0;0;270742490;273752418;
6757;860001474;2019-12-31;2019;MILES;114177;0;1743777;0;1857954;227348;0;0;274820516;0;275047864;276905818;22259505;11197648;0;25755;5187507;55671;38726086;98598697;0;16594566;0;0;115193263;153919349;300000;1078350;12002620;109605499;0;0;122986469;276905818;
6758;860001474;2019-12-31;2018;MILES;27080;843790;1748834;0;2619704;246976;0;0;257890994;0;258137970;260757674;13787838;2851797;0;25021;5486652;120663;22271971;107403473;0;16916269;0;0;124319742;146591713;300000;1078350;11089188;101698423;0;0;114165961;260757674;
6759;805005674;2019-12-31;2019;MILES;727299;120999;1258;0;849556;20375758;0;0;3843146;0;24218904;25068460;0;977259;0;0;180989;0;1158248;2193584;0;2166372;0;0;4359956;5518204;610000;0;4361746;8564979;0;6013531;19550256;25068460;
6760;805005674;2019-12-31;2018;MILES;670151;118757;295870;0;1084778;20287189;0;0;3790283;0;24077472;25162250;0;953589;0;0;191729;0;1145318;2475256;0;2166384;0;0;4641640;5786958;610000;0;4593535;8205164;0;5966593;19375292;25162250;
6761;800165377;2019-12-31;2019;MILES;1139886;10070740;19397327;63293337;93901290;14981090;4798343;650990;135949204;4798343;161177970;255079260;0;167622115;556487;2765143;8927070;11101347;190972162;0;11935929;15240202;0;0;27176131;218148293;8461824;0;0;10784760;0;17684383;36930967;255079260;
6762;800165377;2019-12-31;2018;MILES;2751636;7441945;36522519;69706866;116422966;10781287;2329995;650990;10729284;2329995;26821551;143244517;0;59372036;948430;2974961;11734262;14142834;89172523;0;12924870;826866;0;0;13751736;102924259;8261824;0;0;11348419;0;20710015;40320258;143244517;
6763;900479595;2019-12-31;2019;MILES;26653;30189;7197193;0;7254035;7213;0;39635;90060546;0;90107394;97361429;0;29505;0;0;9319;3596;42420;0;0;5692;0;0;5692;48112;20442900;52732463;834898;23303056;0;0;97313317;97361429;
6764;900479595;2019-12-31;2018;MILES;41201;39870;7273692;0;7354763;86154;0;0;78279512;0;78365666;85720429;2726;14289;0;0;126533;0;143548;0;0;0;0;0;0;143548;20442900;52732463;834898;11566620;0;0;85576881;85720429;
6765;860074671;2019-12-31;2019;MILES;1759852;2227892;6034817;2545825;12568386;5026120;31398811;0;1336895;31398811;69160637;81729023;3321494;13214373;0;633620;52102;4588968;21810557;14677005;32959923;679987;0;82515;48399430;70209987;3500000;0;2068173;5950863;0;0;11519036;81729023;
6766;860074671;2019-12-31;2018;MILES;5998218;1185458;13362197;2305505;22851378;6415427;3752510;0;22551848;3752510;36472295;59323673;2320021;6469327;0;433991;697725;1245875;11166939;3772736;27200247;885804;0;293074;32151861;43318800;3500000;0;2068173;10436700;0;0;16004873;59323673;
6767;805005383;2019-12-31;2019;MILES;26193980;3153021;32588262;7482713;69417976;4960429;0;0;495329;0;5455758;74873734;6000000;42157231;0;320187;575704;0;49053122;0;0;0;0;0;0;49053122;1542264;22381871;956353;940124;0;0;25820612;74873734;
6768;805005383;2019-12-31;2018;MILES;15411187;2365980;26754835;8417589;52949591;5026493;0;0;482674;0;5509167;58458758;0;31226474;0;321930;1604260;0;33152664;0;0;0;0;0;0;33152664;1542264;22381871;956353;425606;0;0;25306094;58458758;
6769;890903475;2019-12-31;2019;MILES;689124;2071981;7600454;1187284;11548843;50048369;0;137519;952754;0;51138642;62687485;1245215;3725753;0;0;477320;394984;5843272;8803696;0;12135485;0;0;20939181;26782453;1823699;331968;23987100;10259312;0;-497047;35905032;62687485;
6770;890903475;2019-12-31;2018;MILES;657934;2086815;6048386;1382010;10175145;49279493;0;137519;719324;0;50136336;60311481;1776767;720791;0;0;512386;352225;3362169;13239658;0;11996362;0;4889;25240909;28603078;1823699;331968;23280920;6765718;0;-493902;31708403;60311481;
6771;860354473;2019-12-31;2019;MILES;24794065;34683646;9148916;0;68626627;7947266;0;0;13412065;0;21359331;89985958;0;13717553;83267;0;4499428;4724036;23024284;0;15364539;0;0;5515231;20879770;43904054;650000;0;19424072;26007832;0;0;46081904;89985958;
6772;860354473;2019-12-31;2018;MILES;20867026;8878280;8015479;0;37760785;3458643;0;0;13147601;0;16606244;54367029;0;3396083;250892;0;4508430;4082121;12237526;0;4025976;0;0;741888;4767864;17005390;650000;0;16359165;20352474;0;0;37361639;54367029;
6773;860070078;2019-12-31;2019;MILES;492486;3155875;7806163;24319026;35773550;12697392;850206;2562948;521949;850206;17482701;53256251;781609;6415351;0;390680;688874;540418;8816932;1401007;7462893;1876449;0;0;10740349;19557281;2700000;1900000;12243884;12051822;0;4803264;33698970;53256251;
6774;860070078;2019-12-31;2018;MILES;641441;1844099;5602706;29594901;37683147;10326993;1394990;278377;172188;1394990;13567538;51250685;1844801;8528243;0;364273;410165;0;11147482;0;6947811;1907601;0;0;8855412;20002894;2500000;1900000;12165242;11697851;0;2984698;31247791;51250685;
6775;800020274;2019-12-31;2019;MILES;208005;2413276;608761;1257304;4487346;19783994;0;0;2762071;0;22546065;27033411;0;5360239;0;746395;81368;16498511;22686513;0;1644874;2081259;0;438908;4165041;26851554;288000;0;167287;-2037039;0;1763609;181857;27033411;
6776;800020274;2019-12-31;2018;MILES;226137;2816551;829179;1124219;4996086;16123224;0;0;3041802;0;19165026;24161112;1022409;3356225;0;607554;85791;13364980;18436959;340738;3339147;1123436;0;905344;5708665;24145624;288000;0;167287;-1308475;0;868676;15488;24161112;
6777;860353473;2019-12-31;2019;MILES;15305888;31870155;16205899;117050508;180432450;444257;0;41928;10792870;0;11279055;191711505;123912208;3400501;0;0;541138;499755;128353602;5829714;0;249669;0;0;6079383;134432985;3000000;0;3923471;49638098;0;716951;57278520;191711505;
6778;860353473;2019-12-31;2018;MILES;10015575;13770855;1671222;113729283;139186935;324413;0;41928;14456379;0;14822720;154009655;73778450;11864670;0;0;307732;426040;86376892;16121141;0;647362;0;0;16768503;103145395;3000000;0;3923471;43223838;0;716951;50864260;154009655;
6779;860002585;2019-12-31;2019;MILES;2569646;3020381;19005748;32523650;57119425;35364991;2802546;17125035;14584634;2802546;72679752;129799177;16002268;14677826;0;1648721;2025998;17504680;51859493;9683789;5761200;3141300;0;15647;18601936;70461429;9604299;13427396;7177003;2791354;0;26337696;59337748;129799177;
6780;860002585;2019-12-31;2018;MILES;2182042;2267382;19425543;34442468;58317435;39306457;2618798;7741035;13806557;2618798;66091645;124409080;15195028;14825105;0;1603343;1449453;15520196;48593125;11791498;0;3137582;0;15022;14944102;63537227;9604299;13427396;3099546;4814079;0;29926533;60871853;124409080;
6781;860052989;2019-12-31;2019;MILES;2677283;5522571;20471890;26699783;55371527;11651940;0;16716597;41492309;0;69860846;125232373;25877432;9691178;576140;720024;1013384;1632958;39511116;32964222;0;191715;0;0;33155937;72667053;11623200;20146255;959492;19836373;0;0;52565320;125232373;
6782;860052989;2019-12-31;2018;MILES;4380582;4991600;17712393;23010681;50095256;7498551;0;15654870;35993433;0;59146854;109242110;10538849;9414704;1147103;675615;1538613;1350993;24665877;28176560;0;381324;0;0;28557884;53223761;11623200;20146255;959492;23289402;0;0;56018349;109242110;
6783;890800467;2019-12-31;2019;MILES;1584015;6911986;15761000;7256947;31513948;35020379;0;37070340;845649;0;72936368;104450316;5451195;18846548;0;0;0;0;24297743;15950274;14671388;0;0;0;30621662;54919405;12408832;0;21802809;12657444;0;2661826;49530911;104450316;
6784;890800467;2019-12-31;2018;MILES;1092750;4327145;15438547;9446343;30304785;31252513;0;33340654;222730;0;64815897;95120682;2147331;11425526;0;0;0;0;13572857;19966145;14988646;0;0;0;34954791;48527648;12408832;0;16466348;12657444;0;5060410;46593034;95120682;
6785;800180982;2019-12-31;2019;MILES;19402371;4866909;18098159;5578026;47945465;9772410;0;0;11416237;0;21188647;69134112;764588;17487395;621690;533310;1006890;0;20413873;8358647;0;1010202;0;28200388;37569237;57983110;15840287;294671;660794;-7372141;0;1727391;11151002;69134112;
6786;800180982;2019-12-31;2018;MILES;31609515;3891133;19146662;6181347;60828657;12822998;0;0;5225648;0;18048646;78877303;17133217;16449103;505370;712745;127722;0;34928157;0;30048854;913310;0;0;30962164;65890321;15840287;294671;660794;-5536161;0;1727391;12986982;78877303;
6787;900662390;2019-12-31;2019;MILES;90418;57415;4350808;0;4498641;107079;6573258;0;-6570570;6573258;6683025;11181666;725660;1951642;0;1235177;98425;148357;4159261;734194;1495235;0;0;3207308;5436737;9595998;1001000;0;255399;329269;0;0;1585668;11181666;
6788;900662390;2019-12-31;2018;MILES;123279;515971;3908236;0;4547486;8951;9500037;0;-9495853;9500037;9513172;14060658;1073957;4334985;0;1145875;0;80553;6635370;1470610;595673;1010;0;4282275;6349568;12984938;1001000;0;227239;-152519;0;0;1075720;14060658;
6789;805018583;2019-12-31;2019;MILES;959416;507126;19145900;412519;21024961;8640774;14986;0;8053244;14986;16723990;37748951;0;11031502;330545;215588;262454;1026629;12866718;0;0;792532;0;0;792532;13659250;10550340;0;5275181;5613596;0;2650584;24089701;37748951;
6790;805018583;2019-12-31;2018;MILES;2318806;672775;27246291;1038290;31276162;8046915;30733;95100;5806218;30733;14009699;45285861;0;15811082;111200;277948;2130893;1341064;19672187;0;0;822266;0;0;822266;20494453;10550340;0;5275181;6351260;0;2614627;24791408;45285861;
6791;900439474;2019-12-31;2019;MILES;5771022;1030165;12036830;0;18838017;0;50711;31429437;242864905;50711;274395764;293233781;0;1251536;0;0;0;214859;1466395;131758862;10367353;2367304;0;1244385;145737904;147204299;43409040;63367210;0;39253232;0;0;146029482;293233781;
6792;900439474;2019-12-31;2018;MILES;14147387;11467;19724933;0;33883787;0;36176;18897552;269059733;36176;288029637;321913424;0;1312485;0;0;271365;420435;2004285;146592679;10367353;6685798;0;0;163645830;165650115;43409040;63367210;0;49487059;0;0;156263309;321913424;
6793;890320974;2019-12-31;2019;MILES;13627;0;272346;0;285973;4763638;521675;0;135756839;521675;141563827;141849800;0;3474065;0;0;2041;0;3476106;0;0;434526;0;0;434526;3910632;1649992;110960936;43278112;-18531676;0;581804;137939168;141849800;
6794;890320974;2019-12-31;2018;MILES;10241;0;5608;0;15849;4763638;15330;0;127985340;15330;132779638;132795487;0;2269270;0;0;4810;0;2274080;0;0;434527;0;0;434527;2708607;1649992;110926122;43278112;-26349150;0;581804;130086880;132795487;
6795;802008192;2019-12-31;2019;MILES;4009790;917472;19749267;32571898;57248427;20958634;0;0;178263;0;21136897;78385324;16634181;25169958;0;475794;492904;426937;43199774;9525245;0;2440971;0;0;11966216;55165990;5000000;0;3435184;14784150;0;0;23219334;78385324;
6796;802008192;2019-12-31;2018;MILES;2717086;855298;18858868;27199372;49630624;20314207;0;0;167263;0;20481470;70112094;18318396;16826220;0;399349;546169;142219;36232353;10332327;0;2700762;0;0;13033089;49265442;3500000;0;3234690;14111962;0;0;20846652;70112094;
6797;860054073;2019-12-31;2019;MILES;4297630;1448243;14506607;10369051;30621531;3645821;1772154;0;-855622;1772154;6334507;36956038;18991295;3179067;229124;0;38970;91906;22530362;0;0;2375027;0;645802;3020829;25551191;372107;0;6298378;1694597;0;3039765;11404847;36956038;
6798;860054073;2019-12-31;2018;MILES;4235510;867087;12047638;10890146;28040381;2729298;4259813;0;-3562130;4259813;7686794;35727175;19430716;3766143;233417;0;55387;337182;23822845;0;0;2226503;0;0;2226503;26049348;372107;0;6298378;-249566;0;3256908;9677827;35727175;
6799;900246080;2019-12-31;2019;MILES;13393481;1276999;669805;2403246;17743531;282575;0;0;2142;0;284717;18028248;2653;592322;0;99099;2639283;2253023;5586380;0;0;0;0;0;0;5586380;1500000;0;662713;10279155;0;0;12441868;18028248;
6800;900246080;2019-12-31;2018;MILES;4462373;113583;2823502;2247407;9646865;25707;0;0;3208;0;28915;9675780;2281;1536912;0;78313;58708;1357036;3033250;0;0;0;0;0;0;3033250;1500000;0;506304;4636226;0;0;6642530;9675780;
6801;860080273;2019-12-31;2019;MILES;3253275;31542520;56407182;5834977;97037954;110383;0;0;36041937;0;36152320;133190274;0;32630590;0;191580;722890;72933241;106478301;0;17100478;214584;0;0;17315062;123793363;11002;945380;3247612;5192917;0;0;9396911;133190274;
6802;860080273;2019-12-31;2018;MILES;462231;81251568;51479728;5834977;139028504;2126139;0;0;27669447;0;29795586;168824090;0;27463922;0;0;398446;123345264;151207632;0;16102272;1086635;0;0;17188907;168396539;1000;0;3247612;-2821061;0;0;427551;168824090;
6803;900241676;2019-12-31;2019;MILES;6306665;18036522;31869550;59569637;115782374;24152106;0;0;16249884;0;40401990;156184364;113300414;5211151;2105953;346015;3280444;0;124243977;0;0;531796;0;0;531796;124775773;2149830;11116376;0;18142385;0;0;31408591;156184364;
6804;900241676;2019-12-31;2018;MILES;3195223;19796084;53838494;50370816;127200617;5496061;0;0;12266241;0;17762302;144962919;92162937;14944015;1004061;320231;3816426;0;112247670;0;0;0;0;0;0;112247670;2149830;11116376;0;19449043;0;0;32715249;144962919;
6805;830007073;2019-12-31;2019;MILES;2626378;4195784;4813326;729619;12365107;5657851;649199;3797325;13221655;649199;23975229;36340336;1031343;1090029;0;0;309486;505384;2936242;3050981;0;118459;0;0;3169440;6105682;2045000;0;36804;28152850;0;0;30234654;36340336;
6806;830007073;2019-12-31;2018;MILES;1127002;4535986;14366299;829293;20858580;6981314;2609671;3479833;11013255;2609671;26693744;47552324;1792138;1692528;0;0;708336;9803415;13996417;3742330;13634;229905;0;0;3985869;17982286;2045000;0;36804;27488234;0;0;29570038;47552324;
6807;860535490;2019-12-31;2019;MILES;629048;1451262;10503483;2334226;14918019;14805932;0;0;1809613;0;16615545;31533564;261635;1591010;0;0;0;0;1852645;775726;10470261;1276976;0;0;12522963;14375608;1400000;0;702128;6424745;0;8631083;17157956;31533564;
6808;860535490;2019-12-31;2018;MILES;538871;1103154;10988530;4258962;16889517;15059765;0;0;38731;0;15098496;31988013;222736;4175070;0;0;332;0;4398138;201706;9933776;960240;0;0;11095722;15493860;1400000;0;702128;5760942;0;8631083;16494153;31988013;
6809;900265172;2019-12-31;2019;MILES;12029422;0;0;0;12029422;0;2775000;0;833070520;2775000;838620520;850649942;0;716;0;0;89283;0;89999;0;0;0;0;0;0;89999;7500000;0;673745435;169314508;0;0;850559943;850649942;
6810;900265172;2019-12-31;2018;MILES;11737312;19730;0;0;11757042;0;2755000;0;690712501;2755000;696222501;707979543;0;2148;0;0;2533;0;4681;0;0;0;0;0;0;4681;7500000;0;542611053;157863809;0;0;707974862;707979543;
6811;830027386;2019-12-31;2019;MILES;2543321;50242;25663304;12921040;41177907;52779581;0;0;94196699;0;146976280;188154187;6746748;20489287;1304887;700636;1369926;336903;30948387;63852538;0;2235713;0;1004419;67092670;98041057;12690910;4406041;65823975;7192204;0;0;90113130;188154187;
6812;830027386;2019-12-31;2018;MILES;8024040;107128;23622522;7777386;39531076;50459314;0;0;93085938;0;143545252;183076328;3124661;14590326;725266;694640;1505430;1763812;22404135;70529706;0;1854492;0;672002;73056200;95460335;12690910;4406041;61553508;8965534;0;0;87615993;183076328;
6813;900861975;2019-12-31;2019;MILES;3394;0;4740343;0;4743737;0;0;0;6272517;0;6272517;11016254;0;183441;0;0;7176;0;190617;0;0;0;0;0;0;190617;4578691;16402621;0;-10155675;0;0;10825637;11016254;
6814;900861975;2019-12-31;2018;MILES;2;0;4080483;0;4080485;0;0;0;7242109;0;7242109;11322594;0;33943;0;0;19296;0;53239;0;0;0;0;0;0;53239;4431000;15809251;0;-8970896;0;0;11269355;11322594;
6815;830092675;2019-12-31;2019;MILES;1843110;179667;6758688;1171323;9952788;7373882;0;0;667416;0;8041298;17994086;1200661;3662205;0;0;40233;575947;5479046;1402750;0;0;0;0;1402750;6881796;855000;0;892743;9364547;0;0;11112290;17994086;
6816;830092675;2019-12-31;2018;MILES;1329138;189806;5016349;1900754;8436047;4443080;0;0;643828;0;5086908;13522955;144775;2390734;0;0;107382;395096;3037987;296921;0;0;0;0;296921;3334908;855000;0;892743;8440304;0;0;10188047;13522955;
6817;800080575;2019-12-31;2019;MILES;61708;815991;637682;0;1515381;1761260;2550727;44922;39054603;2550727;45962239;47477620;7565909;985244;0;75007;116761;9550432;18293353;8196401;0;0;0;3260784;11457185;29750538;100000;0;285934;17341148;0;0;17727082;47477620;
6818;800080575;2019-12-31;2018;MILES;245435;17883627;2174644;0;20303706;3798044;8698575;30738;-6959641;8698575;14266291;34569997;8371329;15535541;0;373617;753003;4886331;29919821;19447415;0;0;0;0;19447415;49367236;9712093;124374917;285934;-149170183;0;0;-14797239;34569997;
6819;860513493;2019-12-31;2019;MILES;24769060;43528225;26807677;99127830;194232792;33967618;61706051;908153;2090801990;61706051;2249089863;2443322655;334756643;781734096;23244436;3694976;0;52629783;1196059934;127794611;265956079;0;0;882880;394633570;1590693504;23479468;7194906;667372782;147252756;0;7329239;852629151;2443322655;
6820;860513493;2019-12-31;2018;MILES;6634525;61367739;24766899;68682252;161451415;31824210;12990960;0;1906349180;12990960;1964155310;2125606725;263861924;734911815;23767435;3615206;0;50638496;1076794876;134411821;208537030;0;0;1289517;344238368;1421033244;23479468;7194906;529604996;136964872;0;7329239;704573481;2125606725;
6821;900032774;2019-12-31;2019;MILES;12858698;5322223;13534695;5283946;36999562;4253874;0;0;9245190;0;13499064;50498626;2479514;14818280;0;0;3464279;3268770;24030843;7518407;0;0;0;466509;7984916;32015759;120000;1980000;13952927;2429940;0;0;18482867;50498626;
6822;900032774;2019-12-31;2018;MILES;3737153;6045818;10167639;3522123;23472733;4214768;0;0;6882737;0;11097505;34570238;166461;8062175;22805;0;4124525;2604756;14980722;2905321;0;227678;0;402605;3535604;18516326;120000;1980000;10922052;3031860;0;0;16053912;34570238;
6823;860072172;2019-12-31;2019;MILES;1037154;8995880;39773755;19237901;69044690;166818948;0;0;52879192;0;219698140;288742830;4284119;45989625;0;2571466;12594099;0;65439309;47165003;6850767;7594390;37022026;0;98632186;164071495;63636972;3787205;2222851;55024307;0;0;124671335;288742830;
6824;860072172;2019-12-31;2018;MILES;1410594;6795368;42165051;19754721;70125734;169722235;0;0;52062554;0;221784789;291910523;1545233;41781434;0;2349445;14957111;0;60633223;55212032;4143307;6383805;40595982;0;106335126;166968349;63636972;3787205;2222851;55295146;0;0;124942174;291910523;
6825;900242672;2019-12-31;2019;MILES;1048940;35462;12957104;52906796;66948302;0;18512656;18454543;-10847922;18512656;44631933;111580235;16755274;8173230;0;0;389890;35611365;60929759;1502983;10820581;0;0;7197714;19521278;80451037;1050000;3568560;23385680;2002007;0;1122951;31129198;111580235;
6826;900242672;2019-12-31;2018;MILES;2137768;0;14142596;57215521;73495885;0;23550764;18439727;-17111716;23550764;48429539;121925424;17070111;13489373;0;0;670005;41318045;72547534;0;15852471;0;0;410223;16262694;88810228;312400;3568560;19970212;8415468;0;848556;33115196;121925424;
6827;800143588;2019-12-31;2019;MILES;223506;2818146;1796224;230880;5068756;10577368;0;3854065;9984072;0;24415505;29484261;662799;1164333;0;0;122129;148876;2098137;1426544;1206811;4015753;0;0;6649108;8747245;1001830;1182173;949560;9241779;0;8361674;20737016;29484261;
6828;800143588;2019-12-31;2018;MILES;401392;1975184;1129466;186216;3692258;10851323;0;3854065;10300421;0;25005809;28698067;477290;1190659;0;0;7566;89124;1764639;656609;1215510;4152513;0;0;6024632;7789271;1001830;2236000;611595;8697697;0;8361674;20908796;28698067;
6829;900174073;2019-12-31;2019;MILES;46208258;895562;54702339;0;101806159;0;0;0;163855586;0;163855586;265661745;0;60624005;0;0;749200;0;61373205;0;0;0;0;0;0;61373205;2777705;0;138841602;-34422105;0;97091338;204288540;265661745;
6830;900174073;2019-12-31;2018;MILES;5973343;895555;90612513;0;97481411;0;0;0;197829294;0;197829294;295310705;0;59159073;0;0;1531768;0;60690841;0;0;15;0;0;15;60690856;2777705;0;127870970;10970633;0;93000541;234619849;295310705;
6831;900174077;2019-12-31;2019;MILES;699655;871453;54115981;0;55687089;0;0;0;200433145;0;200433145;256120234;0;6700908;0;0;435875;0;7136783;0;0;1905;0;0;1905;7138688;1816581;893000;138483457;2946667;0;104841841;248981546;256120234;
6832;900174077;2019-12-31;2018;MILES;4824618;864727;46827574;0;52516919;0;0;0;184166319;0;184166319;236683238;0;6700973;0;0;616838;0;7317811;0;0;1905;0;0;1905;7319716;1816581;893000;125682747;11345083;0;89626111;229363522;236683238;
6833;890112475;2019-12-31;2019;MILES;25493445;10724327;419259461;176245964;631723197;113197935;12277822;7536170;73918113;12277822;219207862;850931059;35716956;191613916;0;0;14638346;0;241969218;48472029;245134357;0;0;612893;294219279;536188497;2095591;85798007;1421373;225427591;0;0;314742562;850931059;
6834;890112475;2019-12-31;2018;MILES;21127999;8349211;424608497;169286540;623372247;116008021;6607022;7379886;59918779;6607022;196520730;819892977;53337339;253265952;0;0;3288333;0;309891624;0;241071774;0;0;4666667;245738441;555630065;2095591;85798007;1421373;174947941;0;0;264262912;819892977;
6835;830006973;2019-12-31;2019;MILES;12061986;193876;427998;0;12683860;0;0;0;104586990;0;104586990;117270850;0;499850;0;0;42555;0;542405;0;0;0;0;0;0;542405;38109693;46359888;30767013;1491851;0;0;116728445;117270850;
6836;830006973;2019-12-31;2018;MILES;8609035;7698;5137;0;8621870;0;0;0;102520527;0;102520527;111142397;0;0;0;0;215041;0;215041;0;0;18768;0;0;18768;233809;38109693;46359889;24048826;2390180;0;0;110908588;111142397;
6837;830065974;2019-12-31;2019;MILES;2189653;27648708;74132996;19435473;123406830;16198868;710456;0;7644617;710456;25264397;148671227;0;68740219;854976;0;1224523;1630671;72450389;99920394;1522640;0;0;0;101443034;173893423;2000000;0;-1085549;-82395041;0;56258394;-25222196;148671227;
6838;830065974;2019-12-31;2018;MILES;6395250;23853128;72393812;27851818;130494008;25593237;7680628;0;-4125569;7680628;36828924;167322932;0;53102045;854976;0;1468733;1746021;57171775;107594418;0;0;0;0;107594418;164766193;2000000;0;-1085399;-52511256;0;54153394;2556739;167322932;
6839;860036884;2019-12-31;2019;MILES;14049020;14545112;32042408;0;60636540;23155446;0;0;397403;0;23552849;84189389;3238841;11376746;0;8669036;12627674;1331854;37244151;17846350;0;272392;0;471180;18589922;55834073;3006000;0;563625;24785691;0;0;28355316;84189389;
6840;860036884;2019-12-31;2018;MILES;12849179;7449572;41533195;0;61831946;3914838;0;0;676276;0;4591114;66423060;1000000;8125486;0;7317115;9448346;8483581;34374528;763120;0;12347;0;840062;1615529;35990057;3006000;0;563625;26863378;0;0;30433003;66423060;
6841;830077975;2019-12-31;2019;MILES;8370486;3865845;15049598;3417795;30703724;4551812;1715866;0;-859708;1715866;7123836;37827560;3249934;6135209;0;2146144;13983881;2769805;28284973;4229624;0;0;0;3143948;7373572;35658545;2150000;0;0;-44181;0;63196;2169015;37827560;
6842;830077975;2019-12-31;2018;MILES;12157016;2777226;19007802;4153257;38095301;1491170;4757521;0;-3467641;4757521;7538571;45633872;3211766;7539576;0;2071993;21368683;2877384;37069402;3912799;0;0;0;5090563;9003362;46072764;2150000;0;0;-2652088;0;63196;-438892;45633872;
6843;900049274;2019-12-31;2019;MILES;3315926;584439;3595949;137919;7634233;4734395;0;0;226921;0;4961316;12595549;601613;310810;0;100045;0;84502;1096970;902419;647441;26746;0;971773;2548379;3645349;3000000;560000;2574557;2815643;0;0;8950200;12595549;
6844;900049274;2019-12-31;2018;MILES;2753417;1185442;5157629;2186171;11282659;4773179;0;0;1080490;0;5853669;17136328;602696;1930354;0;193517;33132;0;2759699;902296;2802854;26746;0;246279;3978175;6737874;3000000;560000;3765863;3072591;0;0;10398454;17136328;
6845;811022882;2019-12-31;2019;MILES;353729;1242520;10210651;4198426;16005326;7395861;135523;0;7660373;135523;15327280;31332606;2772415;7619233;0;289479;676902;486326;11844355;4054990;0;0;0;7066308;11121298;22965653;650000;455586;325000;6936367;0;0;8366953;31332606;
6846;811022882;2019-12-31;2018;MILES;575698;0;7567179;3927919;12070796;3375444;0;0;163726;0;3539170;15609966;1699643;4733981;0;234010;815447;0;7483081;657922;0;271691;0;0;929613;8412694;650000;455586;325000;5766686;0;0;7197272;15609966;
6847;860028580;2019-12-31;2019;MILES;9857893;1479824;119132985;58518360;188989062;61593251;188542;11145453;21224953;188542;94340741;283329803;2651996;107856152;0;2757794;3273565;0;116539507;12501755;31755111;6888409;0;0;51145275;167684782;2328345;8620474;35247074;46272194;0;23176934;115645021;283329803;
6848;860028580;2019-12-31;2018;MILES;9884034;1172388;113682570;53447456;178186448;67652307;188817;11373245;8378638;188817;87781824;265968272;9383924;100062615;0;2288283;2781276;0;114516098;0;29652795;8542386;0;0;38195181;152711279;2328345;8620474;31044605;44597537;0;26666032;113256993;265968272;
6849;830038178;2019-04-30;2019;MILES;1058423;8831;1102263;0;2169517;1936870;723892;25767600;-723892;723892;28428362;30597879;0;66435;7062;0;1228;0;74725;0;0;2113010;0;0;2113010;2187735;1200000;0;-3898937;29842619;0;1266462;28410144;30597879;
6850;830038178;2019-04-30;2018;MILES;942848;0;1351932;0;2294780;1801115;705015;25767600;-705015;705015;28273730;30568510;0;90948;0;0;32500;0;123448;0;0;2113010;0;0;2113010;2236458;1200000;0;-3898937;29927433;0;1103556;28332052;30568510;
6851;830038178;2019-10-31;2019;MILES;905437;30757;901717;0;1837911;1896144;723892;25767600;-723892;723892;28387636;30225547;0;332772;17702;0;1227;0;351701;0;0;2113010;0;0;2113010;2464711;1200000;0;-3898937;29193311;0;1266462;27760836;30225547;
6852;830038178;2019-10-31;2018;MILES;1058423;8831;1102263;0;2169517;1936870;723892;25767600;-723892;723892;28428362;30597879;0;66435;7062;0;1228;0;74725;0;0;2113010;0;0;2113010;2187735;1200000;0;-3898937;29842619;0;1266462;28410144;30597879;
6853;830038178;2019-12-31;2019;MILES;1110100;10577;652968;0;1773645;1964021;723892;24477867;-723892;723892;27165780;28939425;0;284425;0;0;311;0;284736;0;0;2033135;0;0;2033135;2317871;1200000;0;-5108795;29182434;0;1347915;26621554;28939425;
6854;830038178;2019-12-31;2018;MILES;905437;30757;901717;0;1837911;1896144;723892;25767600;-723892;723892;28387636;30225547;0;332772;17702;0;1227;0;351701;0;0;2113010;0;0;2113010;2464711;1200000;0;-3898937;29193311;0;1266462;27760836;30225547;
6855;900452881;2019-12-31;2019;MILES;265332;71594;627;0;337553;0;0;0;21354568;0;21354568;21692121;0;24986;0;40272;245643;0;310901;0;0;0;0;0;0;310901;14279100;0;2094345;5007775;0;0;21381220;21692121;
6856;900452881;2019-12-31;2018;MILES;49783;78506;397346;0;525635;0;0;0;19197385;0;19197385;19723020;0;71254;0;37921;269743;0;378918;0;0;0;0;0;0;378918;14279100;0;692178;2204055;0;2168769;19344102;19723020;
6857;890302180;2019-12-31;2019;MILES;320088;0;3014830;1744604;5079522;5020276;546144;371027;921488;546144;7405079;12484601;1578315;1894151;54657;117953;224924;0;3870000;983769;0;1542355;0;2617;2528741;6398741;1454444;0;736622;2977503;0;917291;6085860;12484601;
6858;890302180;2019-12-31;2018;MILES;11646;0;4133095;2406636;6551377;5221289;0;371027;1548968;0;7141284;13692661;2110135;2277214;76644;116008;128072;0;4708073;1157978;0;1581539;0;5364;2744881;7452954;1454444;0;736622;3144464;0;904177;6239707;13692661;
6859;800002482;2019-12-31;2019;MILES;5027809;395599;9180513;10476302;25080223;1790066;0;0;6419878;0;8209944;33290167;631010;12859859;113278;0;511413;1539904;15655464;7439478;0;0;0;0;7439478;23094942;2200000;0;1156936;6838289;0;0;10195225;33290167;
6860;800002482;2019-12-31;2018;MILES;4771657;763505;9684092;9481201;24700455;4732169;0;0;3257311;0;7989480;32689935;2509310;13597326;109092;0;1168570;1002042;18386340;8360010;0;210805;0;0;8570815;26957155;2200000;0;1156936;2375844;0;0;5732780;32689935;
6861;800110980;2019-12-31;2019;MILES;20048319;27946691;88389879;0;136384889;11052016;0;0;15306374;0;26358390;162743279;0;122958888;0;11544520;5238327;7276664;147018399;0;6274921;2025313;0;0;8300234;155318633;2132493;16080669;512214;-11300730;0;0;7424646;162743279;
6862;800110980;2019-12-31;2018;MILES;9349784;28861820;99614086;0;137825690;3994819;0;0;1958913;0;5953732;143779422;0;104772772;0;11572242;4155492;20459646;140960152;0;0;212199;0;0;212199;141172351;2132493;16080669;512214;-16118305;0;0;2607071;143779422;
6863;830043084;2019-12-31;2019;MILES;9955825;18211524;8771256;96230054;133168659;52820754;0;3261843;42942293;0;99024890;232193549;77317147;41047078;0;1108789;3992052;18355818;141820884;12996408;0;4417211;0;985784;18399403;160220287;1500000;12753342;44243324;13476596;0;0;71973262;232193549;
6864;830043084;2019-12-31;2018;MILES;13605730;11690477;5481566;81883628;112661401;50944070;0;3574415;42727883;0;97246368;209907769;20783766;39308678;0;1185468;27487492;31730750;120496154;19727207;0;3833566;0;740077;24300850;144797004;1500000;12753342;3133745;47723678;0;0;65110765;209907769;
6865;800226094;2019-12-31;2019;MILES;362075;1510562;1387430;0;3260067;144368;0;0;2598274;0;2742642;6002709;184423;167555;0;331541;466595;500188;1650302;138151;0;5916;0;0;144067;1794369;650000;0;229940;3328400;0;0;4208340;6002709;
6866;800226094;2019-12-31;2018;MILES;250738;1331486;1123593;0;2705817;175476;0;0;2728224;0;2903700;5609517;43292;193554;0;361864;202840;529085;1330635;483016;0;5814;0;0;488830;1819465;650000;0;229940;2910112;0;0;3790052;5609517;
6867;900265584;2019-12-31;2019;MILES;10256202;14088884;22252250;327447;46924783;176511375;0;0;102627656;0;279139031;326063814;62408527;18421489;0;585101;1425164;0;82840281;84767832;0;0;0;0;84767832;167608113;34657406;66320280;0;39079409;0;18398606;158455701;326063814;
6868;900265584;2019-12-31;2018;MILES;14556081;10286761;17386701;1347232;43576775;168264987;0;0;97187167;0;265452154;309028929;41710315;20621320;0;633083;1739356;0;64704074;99704628;0;0;0;0;99704628;164408702;34657406;66320280;0;25946879;0;17695662;144620227;309028929;
6869;830027574;2019-12-31;2019;MILES;7191811;7371098;21447823;0;36010732;8702012;0;0;38079979;0;46781991;82792723;5917853;11923209;360000;2974923;5190960;414825;26781770;7077778;0;403417;0;2686372;10167567;36949337;18000000;0;13915073;13617879;0;310434;45843386;82792723;
6870;830027574;2019-12-31;2018;MILES;5064201;10841603;14807806;0;30713610;5286270;0;0;35402946;0;40689216;71402826;7695591;10161339;360000;2797598;2755455;226819;23996802;9866666;0;800933;0;0;10667599;34664401;18000000;0;13915073;4556358;0;266994;36738425;71402826;
6871;900061482;2019-12-31;2019;MILES;445988;119966;1269916;0;1835870;679436;0;6020146;70557105;0;77256687;79092557;0;141710;0;24464;21417;1400;188991;0;0;0;0;6146925;6146925;6335916;2602400;0;24507641;12929173;0;32717427;72756641;79092557;
6872;900061482;2019-12-31;2018;MILES;458981;118821;639240;0;1217042;585261;0;4588574;68995986;0;74169821;75386863;0;72052;0;28792;43042;1400;145286;0;0;0;0;4995461;4995461;5140747;2602400;0;24507641;13432021;0;29704054;70246116;75386863;
6873;811020576;2019-12-31;2019;MILES;620667;420621;7751258;0;8792546;165404;0;0;3167003;0;3332407;12124953;0;3557387;0;0;219409;0;3776796;0;117258;51094;0;0;168352;3945148;352722;1399608;1231281;4876365;0;319829;8179805;12124953;
6874;811020576;2019-12-31;2018;MILES;469094;666859;4882216;0;6018169;229561;472002;0;1288237;472002;2461802;8479971;764087;3286743;0;0;0;0;4050830;165413;0;4357;0;0;169770;4220600;52348;199608;2581281;1100394;0;325740;4259371;8479971;
6875;800149695;2019-12-31;2019;MILES;29695564;52104678;603271386;546076011;1231147639;59605078;0;0;316340446;0;375945524;1607093163;63451245;769453898;78448;16952570;8628478;43807054;902371693;0;0;3672555;0;430385419;434057974;1336429667;44214507;571856;0;225877133;0;0;270663496;1607093163;
6876;800149695;2019-12-31;2018;MILES;37401161;26129514;330760348;359922722;754213745;35884411;0;0;60618629;0;96503040;850716785;10389;411003423;58449;13255508;3909337;4056616;432293722;2376;0;6711880;0;183994660;190708916;623002638;44214507;571856;0;182927784;0;0;227714147;850716785;
6877;860522583;2019-12-31;2019;MILES;16338;0;23873043;0;23889381;1805573;0;0;118904257;0;120709830;144599211;3501235;4614241;0;39272;81174;0;8235922;0;13120395;7188859;0;91314;20400568;28636490;1073183;10816917;18688850;85383771;0;0;115962721;144599211;
6878;860522583;2019-12-31;2018;MILES;4929;0;18554188;0;18559117;2256975;0;0;120047728;0;122304703;140863820;3907304;5068679;0;46372;132562;0;9154917;0;5086484;9825754;0;289066;15201304;24356221;1073183;10816917;21510234;83107265;0;0;116507599;140863820;
6879;860023186;2019-12-31;2019;MILES;1278871;0;10389534;657606;12326011;2627159;0;3133002;4665116;0;10425277;22751288;0;772361;455177;118926;414686;2925203;4686353;0;0;860678;0;0;860678;5547031;2500000;0;11852940;104837;0;2746480;17204257;22751288;
6880;860023186;2019-12-31;2018;MILES;1607801;449292;10106822;640877;12804792;1452902;0;3133002;4684822;0;9270726;22075518;2759824;705451;455177;107050;259483;0;4286985;0;0;901060;0;0;901060;5188045;2500000;0;11806729;-165736;0;2746480;16887473;22075518;
6881;800189687;2019-12-31;2019;MILES;7235707;11119971;51605953;66091316;136052947;13029105;0;0;4346213;0;17375318;153428265;104143311;20468108;0;506701;2331073;0;127449193;3391844;0;1876204;0;0;5268048;132717241;201777;0;8767589;10947690;0;793968;20711024;153428265;
6882;800189687;2019-12-31;2018;MILES;2741528;7542352;47147222;68325845;125756947;13537125;0;0;589096;0;14126221;139883168;86350951;11390801;0;498111;3463713;0;101703576;19828953;0;0;0;0;19828953;121532529;201777;0;8767589;8587305;0;793968;18350639;139883168;
6883;900526489;2019-12-31;2019;MILES;489780;230574;36563;33515466;34272383;1134280;0;0;0;0;1134280;35406663;13147982;3537007;0;207752;123435;14372329;31388505;1215787;0;156338;0;0;1372125;32760630;1500000;0;349325;796708;0;0;2646033;35406663;
6884;900526489;2019-12-31;2018;MILES;2207440;110546;882664;27198441;30399091;1362377;0;0;0;0;1362377;31761468;9850064;2839538;0;132112;49150;15871576;28742440;1045249;0;624927;0;0;1670176;30412616;1500000;0;349325;-500473;0;0;1348852;31761468;
6885;891300382;2019-12-31;2019;MILES;69077771;30537174;156567211;138758691;394940847;179794079;33028550;35882585;925301901;33028550;1207035665;1601976512;229006410;87476107;0;6727984;11141869;634766;334987136;50366513;0;42534251;0;2148902;95049666;430036802;722868;223393756;350491669;66222174;0;531109243;1171939710;1601976512;
6886;891300382;2019-12-31;2018;MILES;57562649;27647363;142827542;149120074;377157628;157205593;25687694;22827859;778658776;25687694;1010067616;1387225244;193357582;74227101;0;6431576;8962727;0;282978986;78500000;0;38982041;0;1986093;119468134;402447120;722868;223393756;159131778;70605159;0;530924563;984778124;1387225244;
6887;890304099;2019-12-31;2019;MILES;10759727;31727978;63690183;7493312;113671200;425598508;8123329;0;88796217;8123329;530641383;644312583;35660727;80667719;0;8222742;0;0;124551188;122524833;29927357;5723954;0;1406802;159582946;284134134;49693120;141650697;34225617;62976130;0;71632885;360178449;644312583;
6888;890304099;2019-12-31;2018;MILES;8951979;28692466;76310482;6841462;120796389;405698272;19367011;0;77294052;19367011;521726346;642522735;66429812;99409731;0;7631821;0;0;173471364;80268919;35680165;6926968;0;1083364;123959416;297430780;49693120;141650697;32260138;50749945;0;70738055;345091955;642522735;
6889;901232088;2019-12-31;2019;MILES;4852384;54983;2635357;102009;7644733;1023741;0;0;210657;0;1234398;8879131;0;1472845;12087;0;6738;0;1491670;0;0;0;0;7370441;7370441;8862111;10000;0;0;-382558;0;389578;17020;8879131;
6890;901232088;2019-12-31;2018;MILES;7481988;9422;53429;0;7544839;7066;0;0;463445;0;470511;8015350;0;267000;71809;0;3646;0;342455;0;0;0;0;7732566;7732566;8075021;10000;0;0;-69671;0;0;-59671;8015350;
6891;800221789;2019-12-31;2019;MILES;25139143;7624955;100865881;53018276;186648255;512774432;0;23009558;49987873;0;585771863;772420118;5061187;100926922;760761;0;4964090;15032640;126745600;249466054;0;57049150;0;2277411;308792615;435538215;5730740;0;125529516;197570834;0;8050813;336881903;772420118;
6892;800221789;2019-12-31;2018;MILES;23699741;3884991;84311347;48046972;159943051;490437316;299732;22837278;40439264;299732;554313322;714256373;2772461;86994367;760761;0;10776690;12981313;114285592;222669776;0;53907130;0;2055953;278632859;392918451;5730740;0;113173925;193307185;0;9126072;321337922;714256373;
6893;900818280;2019-12-31;2019;MILES;970;1733;0;0;2703;0;0;0;135417761;0;135417761;135420464;136448;0;456703;0;0;0;593151;0;0;0;0;0;0;593151;208;40181568;0;-28337895;0;122983432;134827313;135420464;
6894;900818280;2019-12-31;2018;MILES;1902;0;0;0;1902;0;0;0;99468572;0;99468572;99470474;8337;0;513235;0;360;0;521932;0;0;0;0;0;0;521932;208;40181568;0;-28816691;0;87583457;98948542;99470474;
6895;830101778;2019-12-31;2019;MILES;8398849;2064794;3457531;2865009;16786183;11754702;9703959;5000;44451418;9703959;75619038;92405221;5429305;12022470;0;2361722;4360853;9763;24184113;35492000;1306083;2558545;0;13547396;52904024;77088137;3661728;15677576;0;-4022220;0;0;15317084;92405221;
6896;830101778;2019-12-31;2018;MILES;5281674;3353659;2571345;3678634;14885312;13740416;7079534;741000;33833091;7079534;62473575;77358887;8799397;13111501;102691;2125733;4566358;14909;28720589;38602897;428641;1885701;0;0;40917239;69637828;3382525;13164746;0;-8826212;0;0;7721059;77358887;
6897;800209481;2019-12-31;2019;MILES;2073048;6047418;6175271;8485648;22781385;34379461;0;0;39101983;0;73481444;96262829;4214932;9273034;4941620;1045903;1354423;0;20829912;14336318;0;0;0;0;14336318;35166230;5171400;3421166;9932213;41365339;0;1206481;61096599;96262829;
6898;800209481;2019-12-31;2018;MILES;3927301;3695018;9015623;6705111;23343053;26145167;0;0;36680631;0;62825798;86168851;11295367;11107730;654060;846374;1319159;0;25222690;4411144;0;832797;0;0;5243941;30466631;4771400;3421166;1295052;24223204;0;21991398;55702220;86168851;
6899;811034480;2019-12-31;2019;MILES;46507;32571;5076971;6907519;12063568;31864915;0;0;0;0;31864915;43928483;0;8089967;0;0;0;0;8089967;10323751;0;4017840;0;0;14341591;22431558;1500000;1100000;1655584;17241341;0;0;21496925;43928483;
6900;811034480;2019-12-31;2018;MILES;792249;26959;4676622;4874826;10370656;31864915;0;0;0;0;31864915;42235571;2012302;3231647;0;0;150080;1873980;7268009;10348953;0;4013583;0;0;14362536;21630545;1500000;1100000;1655584;16349442;0;0;20605026;42235571;
6901;860007590;2019-12-31;2019;MILES;2685487;978950;8188125;4364967;16217529;6524651;117413;38500;298961;117413;7096938;23314467;3205054;14260856;932084;2905619;1012560;3078280;25394453;660541;2828915;103734;0;0;3593190;28987643;34810492;8965600;0;-49449268;0;0;-5673176;23314467;
6902;860007590;2019-12-31;2018;MILES;1447349;1188785;11113580;2666419;16416133;2017630;433415;36250;-66409;433415;2854301;19270434;3230611;11791508;767889;2307065;709332;3589486;22395891;1210109;0;163996;0;0;1374105;23769996;32569092;90276369;0;-127345023;0;0;-4499562;19270434;
6903;900243678;2019-12-31;2019;MILES;59534;38092;0;0;97626;15358;5298018;61990540;-5022764;5298018;67579170;67676796;0;1050;0;0;341422;0;342472;0;982988;3404882;0;0;4387870;4730342;31536;1209;2153256;60760453;0;0;62946454;67676796;
6904;900243678;2019-12-31;2018;MILES;334899;0;0;0;334899;75225;5005651;60389119;-4817548;5005651;65658098;65992997;0;45600;0;0;263674;0;309274;0;867343;3387766;0;0;4255109;4564383;31536;1209;2153256;59242613;0;0;61428614;65992997;
6905;860006282;2019-12-31;2019;MILES;9274683;7873428;113048686;37722369;167919166;298503061;26326806;0;123423053;26326806;474579726;642498892;24612471;56133658;0;1438298;680855;0;82865282;36178945;69089554;34472479;0;33176416;172917394;255782676;56400000;14939723;-2348420;59239547;0;258485366;386716216;642498892;
6906;860006282;2019-12-31;2018;MILES;4747432;3963196;114096867;45725920;168533415;175522493;0;0;102561414;0;278083907;446617322;11648040;48246500;0;1701080;177202;0;61772822;13664765;75217048;17636802;0;37340457;143859072;205631894;56328347;5011376;-2490342;55048082;0;127087965;240985428;446617322;
6907;900485960;2019-12-31;2019;MILES;121315;23169;4817536;422053;5384073;196797;3470910;12283054;23190759;3470910;42612430;47996503;0;43852;0;14702;0;116560;175114;0;7264425;648838;0;0;7913263;8088377;811376;1617397;22929190;14550163;0;0;39908126;47996503;
6908;900485960;2019-12-31;2018;MILES;4912;2049;348175;3000000;3355136;205358;3586824;9283054;21835799;3586824;38497859;41852995;0;70952;0;16599;20474;0;108025;0;6321572;659258;0;0;6980830;7088855;811376;1617397;22929190;9406177;0;0;34764140;41852995;
6909;890301886;2019-12-31;2019;MILES;3721351;32469107;162962468;257504335;456657261;94192149;87341772;7428734;233967001;87341772;510271428;966928689;2425420;321284495;9569540;11100469;15674092;111783;360165799;41517334;179724922;34534918;0;0;255777174;615942973;13000000;46411757;162569619;90620595;0;38383745;350985716;966928689;
6910;890301886;2019-12-31;2018;MILES;3195786;27042382;185394012;237450576;453082756;53467356;103814617;7428734;158510022;103814617;427035346;880118102;0;314690370;11842257;9407534;15146644;209261;351296066;0;217091180;12357053;0;0;229448233;580744299;13000000;46411757;162569619;42005879;0;35386548;299373803;880118102;
6911;860054983;2019-12-31;2019;MILES;112026;0;27546974;186512;27845512;17608601;20808553;100350690;380988192;20808553;540564589;568410101;15420363;3303502;0;371199;173808;0;19268872;55479145;3092;46757142;0;640689;102880068;122148940;5638910;23795429;9859784;406967038;0;0;446261161;568410101;
6912;860054983;2019-12-31;2018;MILES;97107;0;36690897;178060;36966064;125678757;0;0;400314011;0;525992768;562958832;52061968;5830761;0;356142;862366;0;59111237;0;369776;48946974;0;608889;49925639;109036876;5714685;21441376;25574657;401191238;0;0;453921956;562958832;
6913;800240190;2019-12-31;2019;MILES;933891;1574269;5062287;0;7570447;2295201;0;0;5259116;0;7554317;15124764;0;8795114;0;374551;466740;23077;9659482;0;0;0;0;0;0;9659482;6270026;0;113443;-918187;0;0;5465282;15124764;
6914;800240190;2019-12-31;2018;MILES;1156872;1994910;7471817;0;10623599;1080488;0;0;3712684;0;4793172;15416771;0;8248890;0;240959;841613;103629;9435091;0;0;0;0;410050;410050;9845141;6270026;0;113443;-811839;0;0;5571630;15416771;
6915;830507278;2019-12-31;2019;MILES;3681802;22647380;22654167;30423747;79407096;86768562;136068;0;98117592;136068;185158290;264565386;30549852;69327421;292220;0;1766174;0;101935667;66649629;0;0;0;11366824;78016453;179952120;40207053;79090660;997532;-35681979;0;0;84613266;264565386;
6916;830507278;2019-12-31;2018;MILES;3174602;20728884;21959654;32376371;78239511;84427170;228867;0;96672707;228867;181557611;259797122;24220328;50574669;166832;0;2680626;0;77642455;76797000;0;2204350;0;8548354;87549704;165192159;4775199;79090660;997532;9741572;0;0;94604963;259797122;
6917;830010181;2019-12-31;2019;MILES;27382784;40963866;37422025;23497774;129266449;6092624;0;0;38788582;0;44881206;174147655;734475;48461501;1691278;2056317;426647;2320913;55691131;98495;0;0;0;3030402;3128897;58820028;19999000;148821295;0;-53492668;0;0;115327627;174147655;
6918;830010181;2019-12-31;2018;MILES;37934436;5997142;34083179;22340819;100355576;7178232;0;0;33514708;0;40692940;141048516;97422;27375744;1619889;1762889;460123;968867;32284934;0;0;0;0;0;0;32284934;19999000;148821495;0;-60056913;0;0;108763582;141048516;
6919;900149186;2019-12-31;2019;MILES;91000;2195;12000;0;105195;0;0;0;1276218;0;1276218;1381413;0;56655;0;27720;405;0;84780;0;0;0;0;0;0;84780;10563;0;0;-42448308;0;43734378;1296633;1381413;
6920;900149186;2019-12-31;2018;MILES;57816;2769;23956;0;84541;0;0;0;1276218;0;1276218;1360759;0;16079;0;32393;1594;0;50066;0;0;0;0;0;0;50066;75571;0;0;-41537729;0;42772851;1310693;1360759;
6921;900486584;2019-12-31;2019;MILES;15500;8558;9139;0;33197;0;0;0;271942169;0;271942169;271975366;0;105261;0;0;0;0;105261;0;0;0;0;0;0;105261;14717;1407521;7358;270440509;0;0;271870105;271975366;
6922;900486584;2019-12-31;2018;MILES;15500;20375;70373;0;106248;0;0;0;189232788;0;189232788;189339036;0;85048;0;0;12024;0;97072;0;0;0;0;0;0;97072;14717;1407521;7358;187812368;0;0;189241964;189339036;
6923;800049489;2019-12-31;2019;MILES;2067559;174823;6780766;6142099;15165247;14057;0;0;5518970;0;5533027;20698274;7373546;503160;0;117883;254954;0;8249543;0;0;46551;0;0;46551;8296094;5872434;0;704567;704335;0;5120844;12402180;20698274;
6924;800049489;2019-12-31;2018;MILES;1730351;241001;6766971;7406999;16145322;16422;0;0;5558295;0;5574717;21720039;8537682;470920;0;159807;193169;0;9361578;0;0;66341;0;0;66341;9427919;5872434;0;704567;594275;0;5120844;12292120;21720039;
6925;900536880;2019-12-31;2019;MILES;152779;66500;188755;0;408034;8077;71530;0;4975988;71530;5127125;5535159;0;1699;0;0;784;38443;40926;4226374;0;248;0;500000;4726622;4767548;10000;0;0;757611;0;0;767611;5535159;
6926;900536880;2019-12-31;2018;MILES;78803;66500;496676;0;641979;13727;19762;0;4551931;19762;4605182;5247161;0;1506;0;0;50081;35615;87202;4492166;0;248;0;500000;4992414;5079616;10000;0;0;157545;0;0;167545;5247161;
6927;900110385;2019-12-31;2019;MILES;5864;6795;8497770;0;8510429;0;0;0;46078103;0;46078103;54588532;0;17206;0;0;0;0;17206;0;0;2778407;0;0;2778407;2795613;80190;15704917;40095;28007865;0;7959852;51792919;54588532;
6928;900110385;2019-12-31;2018;MILES;3160489;9708;5129958;0;8300155;0;0;0;46216929;0;46216929;54517084;0;5499;0;0;111981;0;117480;0;0;2851759;0;0;2851759;2969239;80190;15704917;40095;27762791;0;7959852;51547845;54517084;
6929;800206584;2019-12-31;2019;MILES;924503;3436070;25806787;24884166;55051526;20274886;32820;0;24708822;32820;45049348;100100874;23434136;36071071;0;2524073;460524;659749;63149553;79167;0;6330490;0;0;6409657;69559210;1730000;25195182;-1403804;5020286;0;0;30541664;100100874;
6930;800206584;2019-12-31;2018;MILES;724857;7211944;23691913;23633120;55261834;15098085;82725;0;24746627;82725;40010162;95271996;22450956;34717105;0;2485650;2105812;0;61759523;1105021;0;1673682;0;0;2778703;64538226;1730000;25195182;-2965352;6773940;0;0;30733770;95271996;
6931;805029384;2019-12-31;2019;MILES;2275175;1656611;19181866;69963467;93077119;1309883;1089561;0;-495561;1089561;2993444;96070563;29118696;9402210;256171;238432;197947;41617327;80830783;12329719;0;78977;0;0;12408696;93239479;5220600;0;2946539;-2389516;0;-2946539;2831084;96070563;
6932;805029384;2019-12-31;2018;MILES;555656;5327262;22839277;46587579;75309774;530014;1236652;0;-451107;1236652;2552211;77861985;6528306;13056934;175755;246757;93143;32441424;52542319;21558394;0;0;0;0;21558394;74100713;5220600;0;2946539;-1459328;0;-2946539;3761272;77861985;
6933;890305795;2019-12-31;2019;MILES;20798899;3589463;26986737;10863191;62238290;2788398;0;0;22536632;0;25325030;87563320;94786;19706513;570844;0;2172133;6016171;28560447;0;0;0;0;2400235;2400235;30960682;8598996;0;8802825;39200817;0;0;56602638;87563320;
6934;890305795;2019-12-31;2018;MILES;21721096;2772254;25478779;9472396;59444525;1783854;0;0;14920264;0;16704118;76148643;0;19946753;648014;0;2204889;5405524;28205180;0;0;0;0;2072792;2072792;30277972;8598996;0;8537203;28734472;0;0;45870671;76148643;
6935;900228696;2019-12-31;2019;MILES;152486;62883;0;0;215369;326050;0;0;158494955;0;158821005;159036374;0;100612569;0;100899;0;0;100713468;0;825662;0;0;114049660;114875322;215588790;260000;40602363;-54478;-97360301;0;0;-56552416;159036374;
6936;900228696;2019-12-31;2018;MILES;281111;108796;137694;0;527601;326050;0;0;156873132;0;157199182;157726783;0;361360;0;100306;0;0;461666;0;87388586;0;0;111974487;199363073;199824739;260000;40602363;8149805;-91110124;0;0;-42097956;157726783;
6937;890908985;2019-12-31;2019;MILES;324484;10407065;756521;0;11488070;18400817;0;0;2087128;0;20487945;31976015;0;781741;0;0;429062;0;1210803;0;0;1821482;0;0;1821482;3032285;642000;9705789;12305;3852387;0;14731249;28943730;31976015;
6938;890908985;2019-12-31;2018;MILES;424154;5716514;2304750;0;8445418;18608374;0;0;2101070;0;20709444;29154862;0;612247;0;0;855953;0;1468200;0;0;1807997;0;0;1807997;3276197;642000;9705789;12305;709707;0;14808864;25878665;29154862;
6939;800039996;2019-12-31;2019;MILES;2602575;12822458;115548970;0;130974003;10923544;0;0;51136782;0;62060326;193034329;27237680;87813784;2291663;0;770021;1108128;119221276;0;0;0;0;28682718;28682718;147903994;2833204;26314528;872532;15110071;0;0;45130335;193034329;
6940;800039996;2019-12-31;2018;MILES;9933141;5956281;115921456;0;131810878;8017960;0;0;8195560;0;16213520;148024398;21123375;79046402;2313926;0;658252;1054634;104196589;0;0;3778998;0;0;3778998;107975587;2833204;26314528;872532;10028547;0;0;40048811;148024398;
6941;830124992;2019-12-31;2019;MILES;145063;110165;0;0;255228;0;0;0;3710162;0;3710162;3965390;0;684868;0;0;0;5182;690050;0;0;0;0;0;0;690050;400000;0;466803;2408537;0;0;3275340;3965390;
6942;830124992;2019-12-31;2018;MILES;174344;116506;0;0;290850;0;0;0;4449163;0;4449163;4740013;0;15962;0;0;0;5166;21128;0;0;0;0;0;0;21128;400000;0;466803;3852082;0;0;4718885;4740013;
6943;860009186;2019-12-31;2019;MILES;7239456;0;3049151;0;10288607;0;0;0;13230780;0;13230780;23519387;0;0;0;0;18319;10738;29057;0;0;0;0;0;0;29057;5279600;14070590;2631052;1509088;0;0;23490330;23519387;
6944;860009186;2019-12-31;2018;MILES;6799684;0;1486619;0;8286303;0;0;0;13230781;0;13230781;21517084;0;0;0;0;160304;18456;178760;0;0;0;0;0;0;178760;5279600;14070590;2599110;-610976;0;0;21338324;21517084;
6945;900164089;2019-12-31;2019;MILES;7578659;30401;32042;0;7641102;139474;18781730;0;-14843004;18781730;22859930;30501032;8297273;1282956;0;268374;0;194102;10042705;5000754;0;0;0;525920;5526674;15569379;1000000;0;8241798;5689855;0;0;14931653;30501032;
6946;900164089;2019-12-31;2018;MILES;2404360;9014;8926;0;2422300;207951;21105525;0;-17898007;21105525;24520994;26943294;7973916;2227711;0;278962;0;0;10480589;7223063;0;0;0;0;7223063;17703652;1000000;0;3659223;4580419;0;0;9239642;26943294;
6947;890205584;2019-12-31;2019;MILES;40470;0;14725460;4500568;19266498;1277649;0;0;56792226;0;58069875;77336373;8415642;7096476;278187;962933;0;0;16753238;5375396;0;3376040;0;17054685;25806121;42559359;3069000;1253818;1677020;18817173;0;9960003;34777014;77336373;
6948;890205584;2019-12-31;2018;MILES;30241;6013764;10373853;13249976;29667834;3053257;7155530;2439046;21928866;7155530;41732229;71400063;17305043;5572901;278187;698475;0;0;23854606;18933168;0;624114;0;0;19557282;43411888;3069000;1253818;1658725;19171233;0;2835399;27988175;71400063;
6949;900182199;2019-12-31;2019;MILES;5651970;2780;0;0;5654750;0;0;0;278179306;0;278179306;283834056;0;1385379;0;23625;821049;0;2230053;0;0;0;0;0;0;2230053;91794988;135334649;40254763;-96907678;0;111127281;281604003;283834056;
6950;900182199;2019-12-31;2018;MILES;110442106;11119;75434;0;110528659;0;0;0;237062104;0;237062104;347590763;0;1076235;0;16737;652942;0;1745914;0;0;0;0;0;0;1745914;91794988;135334649;65992191;-58404260;0;111127281;345844849;347590763;
6951;900091388;2019-12-31;2019;MILES;32658;547397;0;0;580055;765654;0;1872676;11990188;0;14628518;15208573;106393;15587;0;0;49174;0;171154;6554280;0;24426;0;3043963;9622669;9793823;10000000;0;232589;-4817839;0;0;5414750;15208573;
6952;900091388;2019-12-31;2018;MILES;10082;403052;0;0;413134;6019551;0;1872676;11583385;0;19475612;19888746;119921;346343;0;0;229944;0;696208;6499500;0;263535;0;4696682;11459717;12155925;10000000;0;232589;-2499768;0;0;7732821;19888746;
6953;900182199;2019-06-30;2019;MILES;110442106;11119;75434;0;110528659;0;0;0;237062104;0;237062104;347590763;0;1076235;0;16737;652942;0;1745914;0;0;0;0;0;0;1745914;91794988;135334649;65992191;-58404260;0;111127281;345844849;347590763;
6954;900182199;2019-06-30;2018;MILES;145963546;74214;1640;0;146039400;0;0;0;271209381;0;271209381;417248781;0;1822404;0;22303;3133;0;1847840;0;0;0;0;0;0;1847840;91794988;135334649;164413372;-87269349;0;111127281;415400941;417248781;
6955;890200685;2019-12-31;2019;MILES;310441;726173;0;0;1036614;9301;7991411;12106928;74538954;7991411;102638005;103674619;1404167;1659480;0;20405;7360;0;3091412;0;0;678849;0;0;678849;3770261;1000000;0;10888096;78822735;0;9193527;99904358;103674619;
6956;890200685;2019-12-31;2018;MILES;321509;963382;4869;0;1289760;12895;4679482;12393395;70031256;4679482;91796510;93086270;1000000;2192638;0;29260;65486;0;3287384;0;0;709340;0;0;709340;3996724;1000000;0;9017584;72037258;0;7034704;89089546;93086270;
6957;860024586;2019-12-31;2019;MILES;38220907;20603383;138967013;9637498;207428801;152215953;27995342;138344968;547482834;27995342;894034439;1101463240;32682249;18557888;0;0;1615015;4552039;57407191;371637157;3201141;79080857;0;7559918;461479073;518886264;9653811;45551317;16472580;232133190;0;278766078;582576976;1101463240;
6958;860024586;2019-12-31;2018;MILES;31602289;4687430;95644369;9399629;141333717;158505583;103130394;111625756;448771621;103130394;925163748;1066497465;28676960;19637386;0;0;1187226;4038065;53539637;368990096;10208125;91839118;0;20287667;491325006;544864643;6653811;16422644;16472580;216586445;0;265497342;521632822;1066497465;
6959;890942987;2019-12-31;2019;MILES;776411;1116726;5277821;3363205;10534163;20779729;2166064;0;-1408424;2166064;23703433;34237596;2959550;9484355;0;29626;1476069;1444048;15393648;8538455;275174;967173;0;0;9780802;25174450;2147720;0;882302;3804935;0;2228189;9063146;34237596;
6960;890942987;2019-12-31;2018;MILES;666375;1556876;5496135;2257566;9976952;21522986;2166064;0;-1417754;2166064;24437360;34414312;4555331;9213561;0;31212;1141187;1065419;16006710;8395896;234346;845483;0;0;9475725;25482435;2147720;0;882302;3673666;0;2228189;8931877;34414312;
6961;900577987;2019-12-31;2019;MILES;19306282;83883;0;0;19390165;0;0;0;19931000;0;19931000;39321165;0;1485;0;0;15676;0;17161;0;0;0;0;0;0;17161;13289422;20210578;2523197;3280807;0;0;39304004;39321165;
6962;900577987;2019-12-31;2018;MILES;21649227;68431;0;0;21717658;0;0;0;18239296;0;18239296;39956954;0;9449;0;0;3667;0;13116;0;0;0;0;0;0;13116;13289422;20210578;3055215;3388623;0;0;39943838;39956954;
6963;900023386;2019-12-31;2019;MILES;597523;192478;6833862;2600888;10224751;1677969;0;13762417;37353735;0;52794121;63018872;1114495;1583445;0;0;47161;244140;2989241;2755895;0;0;0;0;2755895;5745136;110816053;31489417;0;-85031734;0;0;57273736;63018872;
6964;900023386;2019-12-31;2018;MILES;643976;153611;6878972;5171379;12847938;17602212;0;0;34072524;0;51674736;64522674;0;3168398;0;0;242126;312121;3722645;305286;0;0;0;0;305286;4027931;110816053;31489417;0;-81810727;0;0;60494743;64522674;
6965;860005986;2019-12-31;2019;MILES;452848;3366362;87279287;8269565;99368062;80279695;120932676;1822929;-55102007;120932676;268865969;368234031;40598475;12872639;0;0;119100;2554466;56144680;75516610;0;35659488;0;0;111176098;167320778;12800000;0;77584659;92976191;0;17552403;200913253;368234031;
6966;860005986;2019-12-31;2018;MILES;1264763;9633703;119408502;5550134;135857102;81684905;141524585;1822929;-54399710;141524585;312157294;448014396;36336836;16414366;0;0;463213;1246257;54460672;155307140;0;38525361;0;0;193832501;248293173;12800000;0;77523208;91845612;0;17552403;199721223;448014396;
6967;860010192;2019-12-31;2019;MILES;832210;159027;20337701;9765687;31094625;36908689;3879148;3157353;10088823;3879148;57913161;89007786;7177756;8749773;0;717907;5571011;497888;22714335;7700000;0;3988110;0;0;11688110;34402445;912488;0;25510048;28182805;0;0;54605341;89007786;
6968;860010192;2019-12-31;2018;MILES;1360189;372500;14893590;12439045;29065324;32020138;3846726;3179588;10415179;3846726;53308357;82373681;8323952;11900582;0;843862;1063504;10503;22142403;14232210;0;3632488;0;0;17864698;40007101;912488;0;21063347;20390745;0;0;42366580;82373681;
6969;890101692;2019-12-31;2019;MILES;1400520;1628115;23569134;8873611;35471380;31389462;0;0;35486675;0;66876137;102347517;12119628;6806236;0;699097;3712826;376332;23714119;403495;0;6796920;0;0;7200415;30914534;6120000;0;17993344;47319639;0;0;71432983;102347517;
6970;890101692;2019-12-31;2018;MILES;2717271;9032054;23528131;7970449;43247905;30777495;0;0;17212718;0;47990213;91238118;18262341;8110222;0;698296;3866155;7651;30944665;1688956;0;7124729;0;0;8813685;39758350;6120000;0;12841435;32518333;0;0;51479768;91238118;
6971;900197394;2019-12-31;2019;MILES;736260;5735558;3737494;2520461;12729773;2704067;0;9238534;22517287;0;34459888;47189661;0;1816229;8667;14157;14020;2330135;4183208;0;0;1398715;0;0;1398715;5581923;90564;31201768;7897814;2417592;0;0;41607738;47189661;
6972;900197394;2019-12-31;2018;MILES;1958102;3233754;4180731;3153545;12526132;4516787;0;6602625;23542077;0;34661489;47187621;1182;1352631;11802;7809;15799;2091519;3480742;0;0;1307593;0;0;1307593;4788335;90564;31201768;9813686;1293268;0;0;42399286;47187621;
6973;811010485;2019-12-31;2019;MILES;18325215;133486299;30270449;0;182081963;3459911;652569;0;39737868;652569;44502917;226584880;101807944;8493310;123348;956194;13897987;555937;125834720;9057024;0;465338;0;65000;9587362;135422082;61212470;0;9638867;20311461;0;0;91162798;226584880;
6974;811010485;2019-12-31;2018;MILES;30722112;94774179;10043993;0;135540284;2720985;235173;0;30650202;235173;33841533;169381817;73373761;296968;153045;849934;10109469;6323073;91106250;5793963;0;296234;0;57000;6147197;97253447;50985520;0;8435867;12706983;0;0;72128370;169381817;
6975;811009788;2019-12-31;2019;MILES;20754455;2625195;130055210;35871604;189306464;788554638;0;0;31078383;0;819633021;1008939485;32381802;32045067;0;2650444;1150384;11529825;79757522;256549605;8304283;39334507;0;24420200;328608595;408366117;500000;0;80645699;386843370;0;132584299;600573368;1008939485;
6976;811009788;2019-12-31;2018;MILES;17003113;2629537;110656033;33740470;164029153;764576451;0;0;15986768;0;780563219;944592372;31205308;27446466;0;2414474;1226574;6816891;69109713;260606098;7093783;39421913;0;11504533;318626327;387736040;500000;0;80673505;342829896;0;132852931;556856332;944592372;
6977;860026895;2019-12-31;2019;MILES;10401660;9440547;133896779;177309018;331048004;171278942;0;1954029;50601098;0;223834069;554882073;190209828;62709906;0;0;4886643;40688786;298495163;0;0;11714134;0;27436588;39150722;337645885;2278560;5771440;152050464;44696566;0;12439158;217236188;554882073;
6978;860026895;2019-12-31;2018;MILES;5592194;9636712;121094045;161863143;298186094;131029088;0;3747678;42478652;0;177255418;475441512;146561596;101074186;0;0;1479073;42335517;291450372;0;0;3515801;0;3001481;6517282;297967654;2278560;5771440;136197313;20795546;0;12430999;177473858;475441512;
6979;900824186;2019-12-31;2019;MILES;13198862;2664729;6096185;9633874;31593650;17947007;0;0;22902869;0;40849876;72443526;3813750;2174564;0;0;362291;0;6350605;12502732;0;2618503;0;0;15121235;21471840;426830;42256485;0;8288371;0;0;50971686;72443526;
6980;900824186;2019-12-31;2018;MILES;7760512;1886052;4834347;11462429;25943340;5189838;0;0;16372008;0;21561846;47505186;144103;1569508;0;0;409824;0;2123435;0;23191023;1739206;0;0;24930229;27053664;123200;12192783;0;8135539;0;0;20451522;47505186;
6981;860001386;2019-12-31;2019;MILES;29531114;60727;7614891;20440042;57646774;7342269;0;0;5880568;0;13222837;70869611;1886354;3426955;0;559266;117066;0;5989641;16977183;0;1435987;0;2831972;21245142;27234783;5501040;1170510;4933682;32797096;0;-767500;43634828;70869611;
6982;860001386;2019-12-31;2018;MILES;33210987;49052;6695845;20594858;60550742;7507351;0;0;5860218;0;13367569;73918311;2400868;1958712;0;482763;6654;0;4848997;21607813;0;1837048;0;3802582;27247443;32096440;5489520;1170510;4056995;31872346;0;-767500;41821871;73918311;
6983;830068589;2019-12-31;2019;MILES;396;1063;0;0;1459;0;41360;0;44550639;41360;44633359;44634818;0;5890;0;0;0;0;5890;0;158104;0;0;0;158104;163994;6900000;0;150735;23005294;0;14414795;44470824;44634818;
6984;830068589;2019-12-31;2018;MILES;396;1271;0;0;1667;0;41360;0;30746166;41360;30828886;30830553;0;5890;0;0;0;0;5890;0;152082;0;0;0;152082;157972;6900000;0;150735;23621846;0;0;30672581;30830553;
6985;860531287;2019-12-31;2019;MILES;12678840;11203638;67141365;79163507;170187350;9056135;0;0;3692789;0;12748924;182936274;19225280;100937753;0;3526784;0;2969330;126659147;45260934;0;0;0;0;45260934;171920081;6124048;0;2216330;2675815;0;0;11016193;182936274;
6986;860531287;2019-12-31;2018;MILES;9944955;8032881;59065223;62433320;139476379;6601498;0;0;3546695;0;10148193;149624572;17913540;75351916;0;2866203;0;2483249;98614908;44765817;0;0;0;0;44765817;143380725;6124048;0;2216330;-2096531;0;0;6243847;149624572;
6987;811003486;2019-12-31;2019;MILES;4358721;4543640;22178214;122845;31203420;18987017;0;0;157196901;0;176183918;207387338;4926388;8478106;10106;2935376;3299762;0;19649738;34261944;0;17125481;0;3417558;54804983;74454721;964231;9830263;5776264;16023000;0;100338859;132932617;207387338;
6988;811003486;2019-12-31;2018;MILES;4105091;4418345;19490464;136241;28150141;17200671;0;0;131533299;0;148733970;176884111;5547791;5666154;5851;2299752;4824077;0;18343625;30110326;0;14646303;0;5121935;49878564;68222189;909500;9281167;6976264;14118851;0;77376140;108661922;176884111;
6989;900860284;2019-12-31;2019;MILES;8271262;2770506;3194302;8947158;23183228;72523426;0;0;220121338;0;292644764;315827992;41439002;78170838;0;3818198;0;5167646;128595684;220388145;0;0;0;0;220388145;348983829;8061748;115733977;0;-156951562;0;0;-33155837;315827992;
6990;900860284;2019-12-31;2018;MILES;23291860;2197927;1156881;5696155;32342823;40550351;0;0;149329631;0;189879982;222222805;27818203;50349221;0;2879567;0;3456140;84503131;137448723;0;316361;0;0;137765084;222268215;8050748;92819388;0;-100915546;0;0;-45410;222222805;
6991;830075074;2019-12-31;2019;MILES;1945904;1126298;10838505;3233964;17144671;39017648;0;791041;13574372;0;53383061;70527732;7296928;2891440;0;0;271907;9138336;19598611;3472688;12278431;0;0;708572;16459691;36058302;1600000;0;2507181;30277158;0;85091;34469430;70527732;
6992;830075074;2019-12-31;2018;MILES;1673731;1057705;7464056;2157532;12353024;51682615;0;0;1018383;0;52700998;65054022;6104401;3406541;0;0;982736;7142649;17636327;2846841;8121499;0;0;571624;11539964;29176291;1600000;0;1958460;32234180;0;85091;35877731;65054022;
6993;800182895;2019-12-31;2019;MILES;164464;243198;887900;13398376;14693938;1993210;2093586;61910965;5405893;2093586;73497240;88191178;11426632;1655949;0;0;643850;4949472;18675903;5774275;3639187;4217842;0;5987285;19618589;38294492;2060000;0;1030000;21822841;0;24983845;49896686;88191178;
6994;800182895;2019-12-31;2018;MILES;268481;200568;603705;13019675;14092429;1975673;5658304;37076997;3706712;5658304;54075990;68168419;8446756;926130;0;0;489020;3322755;13184661;8447107;3983423;3263313;0;5137217;20831060;34015721;2060000;0;1030000;13415304;0;17647394;34152698;68168419;
6995;805025887;2019-12-31;2019;MILES;362;63558;222656;21762;308338;657306;1705881;0;-1703363;1705881;2365705;2674043;86452;655397;0;103855;118691;11103;975498;131073;536294;52257;0;0;719624;1695122;1500000;0;153471;-674550;0;0;978921;2674043;
6996;805025887;2019-12-31;2018;MILES;363;241669;2262413;145234;2649679;918697;227172;0;1989254;227172;3362295;6011974;495945;818453;0;94871;74233;11955;1495457;151920;0;136981;0;0;288901;1784358;1500000;0;153471;2574145;0;0;4227616;6011974;
6997;900184187;2019-12-31;2019;MILES;104028;12131282;2253320;0;14488630;45781952;0;0;14000562;0;59782514;74271144;16349794;9480691;0;853345;371518;2609435;29664783;16627118;0;3186164;0;0;19813282;49478065;2400000;0;12591569;9801510;0;0;24793079;74271144;
6998;900184187;2019-12-31;2018;MILES;232966;10413204;6461704;681452;17789326;43653573;0;0;13682377;0;57335950;75125276;8290590;21091264;0;771175;13151;2443091;32609271;16239812;0;3213459;0;0;19453271;52062542;2400000;0;6948901;13713833;0;0;23062734;75125276;
6999;802004090;2019-12-31;2019;MILES;2648894;4514295;23904480;24264958;55332627;14660668;0;0;185455;0;14846123;70178750;0;42075288;0;332193;69604;346861;42823946;0;4308609;713824;0;0;5022433;47846379;4000000;0;3032093;15300278;0;0;22332371;70178750;
7000;802004090;2019-12-31;2018;MILES;2368754;7968217;18748782;25929509;55015262;15617980;0;0;148882;0;15766862;70782124;0;42186578;0;321183;177504;268627;42953892;0;8155741;968466;0;0;9124207;52078099;3000000;0;2769013;12935012;0;0;18704025;70782124;
7001;900194463;2019-12-31;2019;MILES;265139;123126;166500;10926011;11480776;238315;0;0;14897927;0;15136242;26617018;0;60364;0;19988;0;0;80352;0;6681169;63302;0;642515;7386986;7467338;1400000;7600000;8484468;1665212;0;0;19149680;26617018;
7002;900194463;2019-12-31;2018;MILES;339851;1291;83764;10807044;11231950;247318;0;0;13586976;0;13834294;25066244;0;33289;0;42426;5602;0;81317;0;6729080;66053;0;208098;7003231;7084548;1400000;7600000;6847047;2134649;0;0;17981696;25066244;
7003;890206592;2019-12-31;2019;MILES;2462200;9834548;20957985;10357343;43612076;1267567;0;0;2841215;0;4108782;47720858;0;2346261;5050730;185190;2072983;2492399;12147563;6548525;0;0;0;0;6548525;18696088;800000;1000000;11024116;16200654;0;0;29024770;47720858;
7004;890206592;2019-12-31;2018;MILES;10351167;11011498;12637521;9859916;43860102;1424577;0;0;2145249;0;3569826;47429928;0;3819885;59975;239111;2262177;2835571;9216719;0;0;0;8148525;0;8148525;17365244;800000;1000000;6257551;22007133;0;0;30064684;47429928;
7005;890916988;2019-12-31;2019;MILES;1277986;93235;9976506;2310922;13658649;3271011;0;0;9050151;0;12321162;25979811;842256;5189123;505046;382210;364535;114510;7397680;1525741;0;521818;0;109580;2157139;9554819;1550000;1587188;8024615;1681734;0;3581455;16424992;25979811;
7006;890916988;2019-12-31;2018;MILES;384139;66814;10045771;2440594;12937318;2899590;0;0;8067978;0;10967568;23904886;625985;3508509;610093;365268;731207;5819;5846881;856524;0;810158;0;129672;1796354;7643235;1550000;1587188;7821284;1721724;0;3581455;16261651;23904886;
7007;860527800;2019-12-31;2019;MILES;17442695;7124615;21873545;91281652;137722507;520132;0;0;17395152;0;17915284;155637791;17853283;33828501;0;390397;519595;26903915;79495691;17964920;1240890;2018;0;6873837;26081665;105577356;400000;0;7970150;20401366;0;21288919;50060435;155637791;
7008;860527800;2019-12-31;2018;MILES;21116877;6912450;20776325;42407252;91212904;437137;0;0;38529515;0;38966652;130179556;17264478;22805546;0;225968;608652;15225442;56130086;8542011;0;15214;0;10248944;18806169;74936255;400000;0;6269778;21316697;0;27256826;55243301;130179556;
7009;860002291;2019-12-31;2019;MILES;5985381;2462853;8984810;12686139;30119183;61917861;0;0;5615159;0;67533020;97652203;11229706;20825666;0;0;883576;2133883;35072831;10041032;0;14379167;0;0;24420199;59493030;11588295;808665;22983324;-33309784;0;36088673;38159173;97652203;
7010;860002291;2019-12-31;2018;MILES;482624;2299013;15776001;16917751;35475389;62672076;0;0;11239955;0;73912031;109387420;10665093;34608345;0;0;1341219;499376;47114033;4620389;0;13273950;0;0;17894339;65008372;11588295;808665;22983324;-26136379;0;35135143;44379048;109387420;
7011;832006599;2019-12-31;2019;MILES;127912650;57337387;187798696;47325572;420374305;371158018;549362193;134917624;36836624;549362193;1641636652;2062010957;59900577;143148119;0;4607283;49026073;11915073;268597125;0;158591607;105334725;0;14843395;278769727;547366852;243444700;229590642;291245058;534443404;0;215920301;1514644105;2062010957;
7012;832006599;2019-12-31;2018;MILES;151857291;60451528;192974599;49969361;455252779;395922247;421439639;145590323;192711837;421439639;1577103685;2032356464;32231312;212261257;0;7932140;69452221;3749979;325626909;36674000;125440197;156178796;0;30561787;348854780;674481689;243444700;229590642;143459614;517464579;0;223915240;1357874775;2032356464;
7013;900577591;2019-12-31;2019;MILES;5522;97;0;0;5619;0;0;0;38044781;0;38044781;38050400;0;34687;0;0;0;0;34687;0;55;0;0;0;55;34742;1763300;48768700;0;-12516342;0;0;38015658;38050400;
7014;900577591;2019-12-31;2018;MILES;19768;6314;0;0;26082;0;0;0;39109295;0;39109295;39135377;0;19443;0;0;0;0;19443;0;55;0;0;0;55;19498;1763300;48768700;0;-11416121;0;0;39115879;39135377;
7015;890906295;2019-12-31;2019;MILES;1261560;3318033;4597077;0;9176670;76094;747694;62468484;3167239;747694;67207205;76383875;9000;42017;0;34567;367748;0;453332;0;1675990;5391285;0;68945;7136220;7589552;100000;2841073;-3947163;13290814;0;56509599;68794323;76383875;
7016;890906295;2019-12-31;2018;MILES;2550455;1965740;5407943;0;9924138;69265;843627;62742049;3734058;843627;68232626;78156764;0;32261;0;44330;895409;0;972000;0;1031883;5725123;0;0;6757006;7729006;100000;2841073;-4108925;14590631;0;57004979;70427758;78156764;
7017;900342297;2019-12-31;2019;MILES;93197432;2618308;16596318;123953315;236365373;68943395;4296135;0;45406005;4296135;122941670;359307043;6548874;39825395;0;0;26281063;10802210;83457542;0;90336058;2916896;0;13609376;106862330;190319872;20000000;0;10000000;138987171;0;0;168987171;359307043;
7018;900342297;2019-12-31;2018;MILES;80069233;3036958;9519078;136576957;229202226;68528948;8041945;0;24591256;8041945;109204094;338406320;12839215;157419593;0;0;18574991;10203353;199037152;0;0;2319042;0;0;2319042;201356194;20000000;0;9132862;107881327;0;35937;137050126;338406320;
7019;800185295;2019-12-31;2019;MILES;165573171;97744401;252638543;1581519907;2097476022;53338880;0;101935475;228510236;0;383784591;2481260613;963918938;167512855;98898952;5207059;0;370710237;1606248041;159283376;0;2706038;0;0;161989414;1768237455;12000000;0;324693348;33601567;0;342728243;713023158;2481260613;
7020;800185295;2019-12-31;2018;MILES;202613281;115693120;180425893;1310477621;1809209915;44599586;0;125492871;438430733;0;608523190;2417733105;958597647;134377073;90954662;3512034;0;420756616;1608198032;135694173;0;1292681;0;0;136986854;1745184886;12000000;0;284018713;28846777;0;347682729;672548219;2417733105;
7021;800245795;2019-12-31;2019;MILES;4958047;7541311;54592781;20101842;87193981;33600096;0;0;5641896;0;39241992;126435973;16215801;41856240;1625216;2409992;0;2429481;64536730;10251046;0;1925189;0;143749;12319984;76856714;41392864;68853504;15658734;-76325843;0;0;49579259;126435973;
7022;800245795;2019-12-31;2018;MILES;10995144;6479591;54630096;15936846;88041677;19991876;14121;0;6810444;14121;26830562;114872239;1643697;27500834;1148658;3753475;0;2330199;36376863;0;0;2171093;0;77858;2248951;38625814;41392864;68853504;15658734;-49658677;0;0;76246425;114872239;
7023;900685695;2019-12-31;2019;MILES;0;5445;0;0;5445;0;0;0;52615320;0;52615320;52620765;0;292329;0;0;82;0;292411;0;0;0;0;0;0;292411;32000;0;16000;52280354;0;0;52328354;52620765;
7024;900685695;2019-12-31;2018;MILES;0;5508;0;0;5508;0;0;0;56018348;0;56018348;56023856;0;233138;0;0;191;0;233329;0;0;0;0;0;0;233329;32000;0;16000;55742527;0;0;55790527;56023856;
7025;860055794;2019-12-31;2019;MILES;10455;0;144667;289286;444408;8238542;2027965;0;-1207207;2027965;11087265;11531673;0;209949;1503;114120;0;431938;757510;0;181;1033045;0;0;1033226;1790736;450000;0;1037791;8253146;0;0;9740937;11531673;
7026;860055794;2019-12-31;2018;MILES;39574;0;2007633;315361;2362568;8695296;97288;0;693528;97288;9583400;11945968;0;230569;1503;133211;0;131956;497239;0;2172;1073108;0;0;1075280;1572519;450000;0;1037791;8885658;0;0;10373449;11945968;
7027;800208590;2019-12-31;2019;MILES;2086315;286672;41097253;58151307;101621547;281371;30190077;11334392;-19598757;30190077;52397160;154018707;24357191;29120568;0;172286;368888;36580094;90599027;8784766;4257566;554817;0;0;13597149;104196176;809400;1514000;35674624;10165282;0;1659225;49822531;154018707;
7028;800208590;2019-12-31;2018;MILES;2230478;172497;37463285;62998404;102864664;319897;30265017;15614018;-1554545;30265017;74909404;177774068;38245583;19145251;0;151692;326455;35750420;93619401;6155626;7979883;0;0;0;14135509;107754910;809400;1514000;34863244;11504861;0;21327653;70019158;177774068;
7029;900560199;2019-12-31;2019;MILES;6054;1101477;0;0;1107531;0;27413310;0;26200571;27413310;81027191;82134722;0;0;0;0;764023;25927;789950;0;0;0;0;0;0;789950;6097540;54697860;-359116;20908488;0;0;81344772;82134722;
7030;900560199;2019-12-31;2018;MILES;6106;34929;27413310;0;27454345;0;0;0;29865468;0;29865468;57319813;0;0;0;0;154950;884;155834;0;0;0;0;0;0;155834;5606994;50282946;-377172;1651211;0;0;57163979;57319813;
7031;890319193;2019-12-31;2019;MILES;4557883;559727;21050689;124688;26292987;1323832;0;0;25886770;0;27210602;53503589;324412;3259199;444020;4401391;5563833;657956;14650811;0;0;472233;0;14030172;14502405;29153216;450000;0;225000;22374868;0;1300505;24350373;53503589;
7032;890319193;2019-12-31;2018;MILES;3925581;841372;23958789;266673;28992415;1045469;0;0;19392729;0;20438198;49430613;604936;3488503;344000;3522709;10149814;576902;18686864;0;0;224641;0;15627243;15851884;34538748;450000;0;225000;13058230;0;1158635;14891865;49430613;
7033;900459993;2019-12-31;2019;MILES;15730;0;104870451;0;104886181;0;0;0;982504900;0;982504900;1087391081;0;0;0;0;144629;0;144629;0;109544671;0;0;45682011;155226682;155371311;40200000;187013048;0;586204692;0;118602030;932019770;1087391081;
7034;900459993;2019-12-31;2018;MILES;3347;0;39783984;0;39787331;0;0;0;772993455;0;772993455;812780786;0;0;0;0;24167;0;24167;0;59066411;0;0;45682011;104748422;104772589;25010000;142255678;0;513825076;0;26917443;708008197;812780786;
7035;806000591;2019-12-31;2019;MILES;16467233;2833415;5552062;0;24852710;140811;0;0;30246149;0;30386960;55239670;12693;2264623;0;458236;4655018;0;7390570;121335;0;0;245396;1686380;2053111;9443681;16469996;23258626;197654;5869713;0;0;45795989;55239670;
7036;806000591;2019-12-31;2018;MILES;85883621;3150689;3514933;0;92549243;132994;0;0;21023209;0;21156203;113705446;0;716212;0;389614;4314630;0;5420456;0;0;0;0;1551350;1551350;6971806;16469996;88364884;197654;1701106;0;0;106733640;113705446;
7037;890304297;2019-12-31;2019;MILES;2299374;7844433;238512287;0;248656094;10294170;1991277;163624878;32018451;1991277;209920053;458576147;0;37161849;0;1122824;1882753;434012;40601438;0;163175431;22490785;0;0;185666216;226267654;1026000;36086169;86830154;108239745;0;126425;232308493;458576147;
7038;890304297;2019-12-31;2018;MILES;1832794;7561654;249103694;0;258498142;9242580;582483;162658121;29423040;582483;202488707;460986849;0;24336280;0;1103646;1689018;1735464;28864408;0;187787425;18200907;0;0;205988332;234852740;1026000;36086169;79555502;109338168;0;128270;226134109;460986849;
7039;830007691;2019-12-31;2019;MILES;2956270;8650580;22505574;10065898;44178322;25254069;0;0;4830017;0;30084086;74262408;0;19524234;3112950;0;1281561;12084507;36003252;0;3140245;227064;0;0;3367309;39370561;14000000;29456600;7606058;-16170811;0;0;34891847;74262408;
7040;830007691;2019-12-31;2018;MILES;17123717;16428373;30175452;7236211;70963753;27727314;0;0;3042221;0;30769535;101733288;0;34598598;3353163;0;3756675;20892323;62600759;0;3196702;10075;0;0;3206777;65807536;14000000;29456600;7606058;-15136906;0;0;35925752;101733288;
7041;830004993;2019-12-31;2019;MILES;14177;45709;92509;161110;313505;18971;1952;0;226611;1952;249486;562991;86049;68395;0;7521;0;31183;193148;113518;1099;293;0;1567;116477;309625;6720;54302;162059;27498;0;2787;253366;562991;
7042;830004993;2019-12-31;2018;MILES;6138;29923;58351;170569;264981;20434;1551;0;197067;1551;220603;485584;44004;63717;0;4929;0;28355;141005;111937;691;293;0;1554;114475;255480;6720;54302;143094;22669;0;3319;230104;485584;
7043;830036191;2019-12-31;2019;MILES;373063;707954;16788865;5688259;23558141;23335447;0;45100026;57964277;0;126399750;149957891;20084454;6987675;0;13415;3065701;0;30151245;0;15706190;2234614;0;68158558;86099362;116250607;1055471;1000000;347561;717148;0;30587104;33707284;149957891;
7044;830036191;2019-12-31;2018;MILES;48819;358848;11725711;0;12133378;19193853;0;21535239;57551853;0;98280945;110414323;25853881;1596995;0;9879;1564536;0;29025291;0;15985772;1361563;0;53356719;70704054;99729345;1055471;1000000;347561;900736;0;7381210;10684978;110414323;
7045;900738674;2019-12-31;2019;MILES;9194873;17437164;114272744;60859638;201764419;91432049;0;0;12094641;0;103526690;305291109;0;152951790;0;0;2569360;0;155521150;0;56748621;105767;0;0;56854388;212375538;48172709;0;0;44742862;0;0;92915571;305291109;
7046;900738674;2019-12-31;2018;MILES;8118013;12994292;107999579;58017449;187129333;89752093;0;0;11976933;0;101729026;288858359;0;144861526;0;0;8266722;0;153128248;0;53679371;0;0;0;53679371;206807619;48172709;0;0;33878031;0;0;82050740;288858359;
7047;900166896;2019-12-31;2019;MILES;3696388;0;54933065;87366370;145995823;56140590;0;0;9429827;0;65570417;211566240;21629124;96882745;0;0;2758909;503290;121774068;0;0;0;0;2716262;2716262;124490330;29873127;0;33554280;18678978;0;4969525;87075910;211566240;
7048;900166896;2019-12-31;2018;MILES;9298036;0;43392103;59458290;112148429;56792352;0;0;8054123;0;64846475;176994904;13421467;77628620;0;0;1350681;0;92400768;0;0;0;0;1024446;1024446;93425214;29873127;0;31971551;16755487;0;4969525;83569690;176994904;
7049;860000596;2019-12-31;2019;MILES;1144617;4781159;8157626;12835752;26919154;12269528;0;26912;5277001;0;17573441;44492595;9509413;11891052;29772;175643;1303759;1033205;23942844;3158973;0;126305;0;270119;3555397;27498241;1500000;0;2285021;11372664;0;1836669;16994354;44492595;
7050;860000596;2019-12-31;2018;MILES;2135176;5111527;8608340;10634928;26489971;12248315;0;26912;4996714;0;17271941;43761912;12276042;10387416;290453;172244;843863;1185947;25155965;3264822;0;54763;0;333797;3653382;28809347;685524;0;1764610;11490054;0;1012377;14952565;43761912;
7051;860025998;2019-12-31;2019;MILES;7426043;0;5618259;6567080;19611382;11331271;0;0;8563037;0;19894308;39505690;154061;4433452;269113;131635;758574;0;5746835;0;0;2351280;0;0;2351280;8098115;5341719;4890903;2054984;11210154;0;7909815;31407575;39505690;
7052;860025998;2019-12-31;2018;MILES;7304753;9737;5537185;5797490;18649165;8782377;0;0;4007635;0;12790012;31439177;240431;5153567;354113;125885;459915;0;6333911;0;0;711974;0;0;711974;7045885;5341719;4890903;2017675;9998744;0;2144251;24393292;31439177;
7053;860002590;2019-12-31;2019;MILES;19096485;10693301;137579638;96265537;263634961;51076763;0;0;50493665;0;101570428;365205389;8754015;128377713;0;4631405;0;0;141763133;113697113;0;5510832;0;3582423;122790368;264553501;40381565;0;7443590;52826733;0;0;100651888;365205389;
7054;860002590;2019-12-31;2018;MILES;37597525;27088898;127084042;82535560;274306025;50778462;0;0;47565095;0;98343557;372649582;121182614;127853531;0;4027418;11760041;0;264823604;1941436;0;5367995;0;3811786;11121217;275944821;40381565;0;6985134;49338062;0;0;96704761;372649582;
7055;900657500;2019-12-31;2019;MILES;187204;0;317292;0;504496;0;0;0;26918544;0;26918544;27423040;0;566586;0;0;54953;0;621539;0;0;0;0;0;0;621539;1155164;18570208;16773;7059356;0;0;26801501;27423040;
7056;900657500;2019-12-31;2018;MILES;2416028;0;2819460;0;5235488;0;0;0;11906321;0;11906321;17141809;0;99419;0;0;15985;0;115404;0;0;0;0;0;0;115404;1049048;11226822;16773;4733762;0;0;17026405;17141809;
7057;830004799;2019-12-31;2019;MILES;1538318;1187780;1185920;10487841;14399859;7182751;0;0;705187;0;7887938;22287797;5019978;10854252;0;251671;221381;0;16347282;4427826;0;559487;0;23946;5011259;21358541;200000;0;364605;364651;0;0;929256;22287797;
7058;830004799;2019-12-31;2018;MILES;1199838;476503;1583296;7964995;11224632;6388216;0;0;874883;0;7263099;18487731;3200472;8642303;0;221195;565123;0;12629093;3250000;0;836352;0;0;4086352;16715445;200000;0;364605;1207681;0;0;1772286;18487731;
7059;830133698;2019-12-31;2019;MILES;326153;60460;556904;7587011;8530528;0;3937076;0;-3930088;3937076;3944064;12474592;0;1050985;0;0;43791;0;1094776;0;7876445;0;0;95607;7972052;9066828;650000;0;226502;2427439;0;103823;3407764;12474592;
7060;830133698;2019-12-31;2018;MILES;295004;95040;330120;10867030;11587194;0;3890661;0;-3362662;3890661;4418660;16005854;0;254526;0;0;2861;0;257387;0;12126332;0;0;504123;12630455;12887842;650000;0;226502;2137687;0;103823;3118012;16005854;
7061;819004200;2019-12-31;2019;MILES;30043;418135;871336;358531;1678045;26482948;6707280;0;11135193;6707280;51032701;52710746;3237822;1114964;0;1051300;96645;0;5500731;15044562;2395657;2862263;0;2768075;23070557;28571288;380000;1672817;1434590;267470;0;20384581;24139458;52710746;
7062;819004200;2019-12-31;2018;MILES;452833;536425;1736396;210845;2936499;23702352;6992593;0;8708105;6992593;46395643;49332142;2191634;1205642;0;1127273;335809;0;4860358;10530480;3954900;3608045;0;1792235;19885660;24746018;380000;1672817;1355242;793484;0;20384581;24586124;49332142;
7063;900040299;2019-12-31;2019;MILES;1355359;4022949;26675728;28913864;60967900;5376250;0;0;4532083;0;9908333;70876233;6520449;25519145;43243;749795;5780587;127785;38741004;1543655;2060809;899722;0;0;4504186;43245190;9504474;532037;7670445;9924087;0;0;27631043;70876233;
7064;900040299;2019-12-31;2018;MILES;1296005;3046617;22186958;27770402;54299982;3555658;0;0;1030096;0;4585754;58885736;8002910;22796069;43243;606148;5015668;94950;36558988;1016014;3739320;396498;0;0;5151832;41710820;9504471;0;1000538;6669907;0;0;17174916;58885736;
7065;811019499;2019-12-31;2019;MILES;845111;0;23748983;16769083;41363177;866636;0;563176;4817755;0;6247567;47610744;10259999;9317078;0;396118;575394;2506651;23055240;0;0;1283988;0;0;1283988;24339228;5322685;0;1424920;11619807;0;4904104;23271516;47610744;
7066;811019499;2019-12-31;2018;MILES;503044;0;22614096;13979239;37096379;210661;0;1018962;4858372;0;6087995;43184374;10415506;8722469;0;437483;561420;3285289;23422167;0;0;1025490;0;0;1025490;24447657;5322685;0;1033566;7623656;0;4756810;18736717;43184374;
7067;860075498;2019-12-31;2019;MILES;622476;1391965;6400362;3968743;12383546;4702956;0;0;629199;0;5332155;17715701;4702671;1941645;1137944;0;911535;216707;8910502;841330;0;268029;0;0;1109359;10019861;372000;0;5306666;2017174;0;0;7695840;17715701;
7068;860075498;2019-12-31;2018;MILES;622476;1471879;6555462;3858625;12508442;4664106;0;0;555297;0;5219403;17727845;4631379;2363072;556672;0;735124;0;8286247;916874;0;316678;0;0;1233552;9519799;372000;0;5306666;2529380;0;0;8208046;17727845;
7069;901006398;2019-12-31;2019;MILES;157100;15179;471665;0;643944;434771;0;0;41219300;0;41654071;42298015;170434;60139;0;31552;27855;0;289980;284057;0;0;0;0;284057;574037;55801860;0;0;-16872625;0;2794743;41723978;42298015;
7070;901006398;2019-12-31;2018;MILES;369123;9;42983;0;412115;1300;0;0;34066195;0;34067495;34479610;0;246990;0;19682;93296;0;359968;0;0;0;0;0;0;359968;53252760;0;0;-19699118;0;566000;34119642;34479610;
7071;860045854;2019-12-31;2019;MILES;8247409;8107250;15980441;79109435;111444535;121276744;0;8647246;49370819;0;179294809;290739344;55005097;104532805;0;0;246273;40814324;200598499;74691690;0;0;0;1692376;76384066;276982565;6961965;65897982;8330016;-67433184;0;0;13756779;290739344;
7072;860045854;2019-12-31;2018;MILES;3586287;10071197;16256591;143566947;173481022;94027500;0;9448653;82165448;0;185641601;359122623;84566454;143956043;0;0;367428;1310472;230200397;64000000;0;3219618;0;782623;68002241;298202638;6661965;51744173;8330016;-5816169;0;0;60919985;359122623;
7073;804014996;2019-12-31;2019;MILES;579745;64946;5412778;18985526;25042995;920544;0;907511;38687;0;1866742;26909737;6704556;695306;509903;0;352175;215153;8477093;2423430;0;145242;0;5542606;8111278;16588371;2258000;0;293272;5697768;0;2072326;10321366;26909737;
7074;804014996;2019-12-31;2018;MILES;73924;392915;6337755;20335692;27140286;1042225;0;1290501;39989;0;2372715;29513001;10212229;744265;509903;0;434765;186245;12087407;3024048;0;145242;0;3038680;6207970;18295377;2258000;0;292272;6595026;0;2072326;11217624;29513001;
7075;900451597;2019-12-31;2019;MILES;9097;480;0;0;9577;0;0;0;9393152;0;9393152;9402729;0;98913;0;0;1;0;98914;0;0;0;0;0;0;98914;90000;0;277153;-5303842;0;14240504;9303815;9402729;
7076;900451597;2019-12-31;2018;MILES;8742;2191;89392;0;100325;0;0;0;427445;0;427445;527770;0;1889;0;0;1215;0;3104;0;0;0;0;0;0;3104;90000;0;277153;-13123791;0;13281304;524666;527770;
7077;901168500;2019-12-31;2019;MILES;231922;528322;91928227;0;92688471;0;0;0;372285577;0;372285577;464974048;13130719;2809137;6500;0;249918;0;16196274;0;41845260;0;0;0;41845260;58041534;23662445;48790773;4978388;308079412;0;21421496;406932514;464974048;
7078;901168500;2019-12-31;2018;MILES;490;0;37920237;0;37920727;0;12639857;0;292226227;12639857;317505941;355426668;4190;0;0;0;1264;0;5454;381074;0;0;0;0;381074;386528;23662445;48790773;6995370;254170056;0;21421496;355040140;355426668;
7079;830113598;2019-12-31;2019;MILES;36821357;0;1203990511;0;1240811868;595592;0;0;9173398916;0;9173994508;10414806376;413860470;1885249208;0;6951444;16420666;158600;2322640388;318000000;0;7157;0;1627542;319634699;2642275087;171887621;1003704116;2803724282;3793215270;0;0;7772531289;10414806376;
7080;830113598;2019-12-31;2018;MILES;40006859;0;1177763258;0;1217770117;447139;0;0;6747111427;0;6747558566;7965328683;461118175;2177882785;0;4130748;9184867;176137;2652492712;316045800;0;0;0;1627542;317673342;2970166054;171887621;1003704116;1363285235;2456285657;0;0;4995162629;7965328683;
7081;890103400;2019-12-31;2019;MILES;6520251;21571166;66345790;25458974;119896181;182233252;0;171777;10386628;0;192791657;312687838;66220540;34801246;0;11745445;2105571;620815;115493617;79486763;1173732;15265546;0;541831;96467872;211961489;7595346;12648881;4831218;11880388;0;63770516;100726349;312687838;
7082;890103400;2019-12-31;2018;MILES;7626466;18182438;76874136;16906956;119589996;172440924;0;171777;7815774;0;180428475;300018471;55370596;38602288;0;10821424;1780367;573733;107148408;90099661;1068076;11956961;0;427627;103552325;210700733;7595346;12648881;4831219;6860246;0;57382046;89317738;300018471;
7083;830113599;2019-12-31;2019;MILES;6641018;0;390284406;0;396925424;6631390;0;0;524068647;0;530700037;927625461;0;416176973;0;77778;3045230;0;419299981;50000000;0;0;0;0;50000000;469299981;24028;62384435;89401563;306515454;0;0;458325480;927625461;
7084;830113599;2019-12-31;2018;MILES;4688290;0;297172851;0;301861141;0;0;0;357914310;0;357914310;659775451;0;220228451;0;63916;541988;0;220834355;50000000;0;0;0;0;50000000;270834355;24028;62384435;30015978;296516655;0;0;388941096;659775451;
7085;830113600;2019-12-31;2019;MILES;220992;0;45644135;0;45865127;0;0;0;730173568;0;730173568;776038695;0;161188721;0;0;193971;0;161382692;150000000;553;0;0;0;150000553;311383245;29562;175853789;99765045;189007054;0;0;464655450;776038695;
7086;830113600;2019-12-31;2018;MILES;6601710;60524;43828957;0;50491191;0;0;0;516347710;0;516347710;566838901;0;53991166;0;0;263043;0;54254209;150000000;553;0;0;0;150000553;204254762;29562;175853789;-1886884;188587672;0;0;362584139;566838901;
7087;860001697;2019-12-31;2019;MILES;7828175;855812;60180520;56655822;125520329;512553246;627667;90019493;220123904;627667;823951977;949472306;2957586;504095374;200000;10594578;4266099;48876362;570989999;10471055;9116973;39210673;0;7240189;66038890;637028889;105200;88850;75987651;134758079;0;101503637;312443417;949472306;
7088;860001697;2019-12-31;2018;MILES;8067800;90446;39893835;44681238;92733319;508987910;770471;79072481;215078098;770471;804679431;897412750;0;518936696;0;8596170;2739323;10256509;540528698;0;12538983;41934018;0;7412430;61885431;602414129;105200;88850;66030271;127270663;0;101503637;294998621;897412750;
7089;830041598;2019-12-31;2019;MILES;15840829;0;34477776;19153876;69472481;10346007;0;0;265502292;0;275848299;345320780;0;14053656;0;1455434;303631;2240634;18053355;0;0;0;0;0;0;18053355;201186480;106651337;6101870;13327738;0;0;327267425;345320780;
7090;830041598;2019-12-31;2018;MILES;17045432;240808;54975087;29432632;101693959;9794950;71338800;0;100640031;71338800;253112581;354806540;0;21045538;0;1189756;76304;1164467;23476065;0;0;0;0;0;0;23476065;267757715;130080102;6116870;-72624212;0;0;331330475;354806540;
7091;802003400;2019-12-31;2019;MILES;4901758;6050570;104601627;0;115553955;122319;50411154;709177;201431576;50411154;303085380;418639335;4818764;47520487;3214997;106481;0;3361741;59022470;155563697;0;2727868;0;37107024;195398589;254421059;115759985;0;100903911;-52445620;0;0;164218276;418639335;
7092;802003400;2019-12-31;2018;MILES;1511388;4826231;153868015;0;160205634;1451720;26259346;709177;216819681;26259346;271499270;431704904;39819008;42145946;2979300;202109;0;2639290;87785653;110524088;1912945;2769297;0;25451168;140657498;228443151;115759985;0;101802346;-14300578;0;0;203261753;431704904;
7093;860002097;2019-12-31;2019;MILES;202129;30974;13260198;0;13493301;0;0;0;1347271218;0;1347271218;1360764519;0;15611191;0;0;0;0;15611191;0;0;0;0;0;0;15611191;6137400;27789983;898378740;147815165;0;265032040;1345153328;1360764519;
7094;860002097;2019-12-31;2018;MILES;164655;0;0;0;164655;0;0;0;1182834274;0;1182834274;1182998929;0;15367390;0;0;51188;0;15418578;0;0;0;0;0;0;15418578;6137400;27789983;690218639;178402289;0;265032040;1167580351;1182998929;
7095;900188396;2019-12-31;2019;MILES;3051941;2650961;13424420;12845519;31972841;28017352;0;0;42177482;0;70194834;102167675;10964118;15429694;0;684839;1554630;0;28633281;0;2299470;3806390;0;0;6105860;34739141;117859995;0;0;-53544387;0;3112926;67428534;102167675;
7096;900188396;2019-12-31;2018;MILES;2032853;1829658;9552127;10618171;24032809;29619741;0;0;38610510;0;68230251;92263060;5718165;11374132;0;408421;1629782;0;19130500;0;0;3790577;0;0;3790577;22921077;117859995;0;0;-51630938;0;3112926;69341983;92263060;
7097;900172584;2019-12-31;2019;MILES;715799;58511;3046992;20188067;24009369;3227632;0;2700089;0;0;5927721;29937090;1449373;3170234;0;0;96049;96542;4812198;9438240;0;76353;0;11612153;21126746;25938944;2900000;0;0;1098146;0;0;3998146;29937090;
7098;900172584;2019-12-31;2018;MILES;768259;77897;585780;26477059;27908995;2875753;0;2400089;0;0;5275842;33184837;7738598;1866740;0;0;156203;108967;9870508;6642195;0;321343;0;12993301;19956839;29827347;2900000;0;0;457490;0;0;3357490;33184837;
7099;800090963;2019-12-31;2019;MILES;363964;1793738;6023844;0;8181546;682349;0;0;17153865;0;17836214;26017760;11946362;4419158;0;1168845;559839;2601487;20695691;0;1270685;0;0;472960;1743645;22439336;1170495;0;4657925;-2249996;0;0;3578424;26017760;
7100;800090963;2019-12-31;2018;MILES;241601;1004906;2651190;0;3897697;614999;0;0;263306;0;878305;4776002;158838;830555;0;1360794;294585;701723;3346495;0;0;0;0;0;0;3346495;1170495;0;4657926;-4398914;0;0;1429507;4776002;
7101;830109997;2019-12-31;2019;MILES;4192827;3493307;24371878;8979539;41037551;1756250;4958879;0;1085509;4958879;12759517;53797068;0;13878952;689667;0;1186232;433898;16188749;10700000;0;0;0;3401509;14101509;30290258;4368852;18338832;325388;473738;0;0;23506810;53797068;
7102;830109997;2019-12-31;2018;MILES;4602479;2603068;22442304;5844103;35491954;2200938;3148345;0;2921758;3148345;11419386;46911340;506195;16985420;794933;0;98550;243653;18628751;3700000;0;0;0;3683121;7383121;26011872;4368852;18338832;325388;-2133604;0;0;20899468;46911340;
7103;900042771;2019-12-31;2019;MILES;5999411;4086061;22097620;6632052;38815144;1644443;0;0;1523738;0;3168181;41983325;8899583;17651516;528887;601518;245919;0;27927423;0;0;0;0;0;0;27927423;12866099;0;726692;463111;0;0;14055902;41983325;
7104;900042771;2019-12-31;2018;MILES;7690771;4146390;18580078;19730839;50148078;1708404;0;0;1476279;0;3184683;53332761;16615748;17924772;1149254;634018;296644;0;36620436;0;8824159;41198;0;0;8865357;45485793;1474559;0;726692;5645717;0;0;7846968;53332761;
7105;830042976;2019-12-31;2019;MILES;1483308;2299220;6535839;640696;10959063;3340261;0;0;881138;0;4221399;15180462;554534;2418450;0;792166;543534;2161407;6470091;13441026;5654665;0;2986171;2915051;24996913;31467004;1800000;0;0;-19224826;0;1138284;-16286542;15180462;
7106;830042976;2019-12-31;2018;MILES;1328361;1762313;3360618;379424;6830716;3255976;0;0;1623315;0;4879291;11710007;0;1352660;0;1143118;3467421;244937;6208136;13441026;5099336;827537;0;1976238;21344137;27552273;1800000;0;0;-18349503;0;707237;-15842266;11710007;
7107;860404924;2019-12-31;2019;MILES;162314;3497714;2674110;1153181;7487319;28565020;0;0;14623966;0;43188986;50676305;3178451;6393463;0;346203;1360671;0;11278788;4176544;852738;3928447;0;0;8957729;20236517;1148000;384000;358314;3404144;0;25145330;30439788;50676305;
7108;860404924;2019-12-31;2018;MILES;567689;3710020;4003166;1513256;9794131;28568448;0;0;14534528;0;43102976;52897107;4003852;5937961;0;404581;3455391;0;13801785;4260662;1111589;4030336;0;0;9402587;23204372;1148000;384000;358314;2945260;0;24857161;29692735;52897107;
7109;811014359;2019-12-31;2019;MILES;321364;8093504;12913551;9736250;31064669;9987337;0;969332;0;0;10956669;42021338;4307072;12270109;0;660058;2010397;0;19247636;7998847;0;916432;0;1325855;10241134;29488770;1000000;2215527;1072425;7859904;0;384712;12532568;42021338;
7110;811014359;2019-12-31;2018;MILES;331439;6150744;11219510;12557892;30259585;10503548;0;969332;0;0;11472880;41732465;4069594;10765046;0;538458;1142518;0;16515616;7557817;0;916432;0;2597053;11071302;27586918;1000000;2215527;1072425;9472883;0;384712;14145547;41732465;
7111;811023986;2019-12-31;2019;MILES;1040;49;10442;4904;16435;348;2916;0;1086;2916;7266;23701;13916;7613;0;399;2039;0;23967;207;0;954;0;0;1161;25128;2799;9892;278;-14396;0;0;-1427;23701;
7112;811023986;2019-12-31;2018;MILES;459;66;24308;9368;34201;510;2809;0;662;2809;6790;40991;14520;5765;0;365;2633;0;23283;1148;0;297;0;0;1445;24728;2799;9892;278;3294;0;0;16263;40991;
7113;800021413;2019-12-31;2019;MILES;683975;18592;237192;0;939759;2964;0;0;42455540;0;42458504;43398263;2303;22620;7274;4577;2049;0;38823;0;0;11349188;0;0;11349188;11388011;300000;0;187762;31522490;0;0;32010252;43398263;
7114;800021413;2019-12-31;2018;MILES;734705;6591;237867;0;979163;2964;0;0;41199886;0;41202850;42182013;2303;1378;7274;4300;2593;0;17848;0;0;10934822;0;0;10934822;10952670;300000;0;187762;30741581;0;0;31229343;42182013;
7115;890900118;2019-12-31;2019;MILES;52053048;23891893;84901913;74324978;235171832;433431485;0;73022989;243035783;0;749490257;984662089;135045638;177822040;3678394;14739397;14590846;3199517;349075832;0;0;25739531;0;93484393;119223924;468299756;36840;174266;169757595;346393632;0;0;516362333;984662089;
7116;890900118;2019-12-31;2018;MILES;78630237;1764154;85929096;87278031;253601518;455924481;0;344589;280047217;0;736316287;989917805;40593762;228179541;25456682;16847437;29819897;748206;341645525;0;0;30639598;0;81491663;112131261;453776786;36840;174266;167001118;368928795;0;0;536141019;989917805;
7117;860041312;2019-12-31;2019;MILES;5007404;26933451;515975005;666653044;1214568904;664207104;389630379;0;500481622;389630379;1943949484;3158518388;3287729970;318366335;25958419;0;0;95177244;3727231968;34331355;0;0;0;254683423;289014778;4016246746;54083447;67610439;595469312;-1802771657;0;227880101;-857728358;3158518388;
7118;860041312;2019-12-31;2018;MILES;10593143;25605378;404636486;241229530;682064537;1969599416;416173306;0;605082661;416173306;3407028689;4089093226;1927527518;445160451;8228653;0;391323;60586504;2441894449;0;0;0;0;182404843;182404843;2624299292;54083447;67610439;591641466;523578481;0;227880101;1464793934;4089093226;
7119;890932389;2019-12-31;2019;MILES;18296433;29017525;215622743;162742808;425679509;216124774;104052;0;302697634;104052;519030512;944710021;390805146;161189465;0;5098715;13181994;17336300;587611620;6014194;0;0;0;1023094;7037288;594648908;3550725;179410995;173310366;-6210973;0;0;350061113;944710021;
7120;890932389;2019-12-31;2018;MILES;16252000;45700386;223554401;188820224;474327011;211851203;84494;0;314748037;84494;526768228;1001095239;471135756;87103049;0;4926621;28500308;10964657;602630391;0;0;0;0;162488;162488;602792879;3454806;179410995;169906286;45530273;0;0;398302360;1001095239;
7121;890920304;2019-12-31;2019;MILES;2951199;1429629;153046469;55122921;212550218;221619050;0;0;16940699;0;238559749;451109967;19319554;134590817;305834;16449204;0;17764387;188429796;33635331;1059245;7792988;0;4403325;46890889;235320685;21978710;5603483;19473119;161412685;0;7321285;215789282;451109967;
7122;890920304;2019-12-31;2018;MILES;2574327;659821;161574106;53608291;218416545;156387295;0;0;19820462;0;176207757;394624302;0;144331603;2905613;15213737;6492247;17225251;186168451;0;1063650;10763953;0;4165135;15992738;202161189;21978710;5603483;19917232;139015945;0;5947743;192463113;394624302;
7123;900331619;2019-12-31;2019;MILES;523552;30646;1008404;0;1562602;1030461;0;0;16286085;0;17316546;18879148;0;85767;0;0;25591;1020406;1131764;0;0;0;0;0;0;1131764;100000;2229901;9210724;3525156;0;2681603;17747384;18879148;
7124;900331619;2019-12-31;2018;MILES;561356;0;903598;0;1464954;1059237;0;0;12533847;0;13593084;15058038;391;106352;0;0;19863;1087922;1214528;0;0;0;0;0;0;1214528;100000;2229901;8252275;2035780;0;1225554;13843510;15058038;
7125;805025964;2019-12-31;2019;MILES;163850980;216202911;1091261674;0;1471315565;1159106;552226526;0;-440812958;552226526;664799200;2136114765;572248792;100273845;475685;1105163;1244183;0;675347668;1103517210;0;0;12721690;61831517;1178070417;1853418085;129637828;64726538;19542365;68789949;0;0;282696680;2136114765;
7126;805025964;2019-12-31;2018;MILES;195057499;198953629;972164204;0;1366175332;787655;519346948;0;-419279955;519346948;620201596;1986376928;115397000;95896880;343053;1096352;2196207;0;214929492;1475472811;0;0;0;46298000;1521770811;1736700303;123921987;58442431;7173196;60139011;0;0;249676625;1986376928;
7127;901037493;2019-12-31;2019;MILES;7797926;77166;27791128;0;35666220;0;0;0;0;0;0;35666220;0;1043468;0;0;129008;0;1172476;0;0;0;0;0;0;1172476;292395;0;0;34201349;0;0;34493744;35666220;
7128;901037493;2019-12-31;2018;MILES;7166862;49934;27342943;0;34559739;0;0;0;0;0;0;34559739;0;671825;0;0;333798;0;1005623;0;0;0;0;0;0;1005623;292395;0;0;33261721;0;0;33554116;34559739;
7129;890937250;2019-12-31;2019;MILES;9035565;24814920;151343374;40144926;225338785;28368610;556318;501550;103297;556318;30086093;255424878;11084305;103597774;2420407;6601185;6964537;21194473;151862681;31923352;3608469;4145300;0;0;39677121;191539802;9986000;3378800;3711085;35370983;0;11438208;63885076;255424878;
7130;890937250;2019-12-31;2018;MILES;7658087;25025205;107223152;42216698;182123142;29594401;4829951;501550;-2621700;4829951;37134153;219257295;6016902;75541012;1058624;6040590;1571833;20383545;110612506;41414787;5111235;3776310;0;0;50302332;160914838;9986000;3378800;3331544;29765333;0;11880780;58342457;219257295;
7131;805011316;2019-12-31;2019;MILES;22110;913518;39195919;3535614;43667161;25471619;0;0;259245;0;25730864;69398025;0;6533458;714226;56658;167955;3294917;10767214;14781020;15727018;9346519;1282828;617361;41754746;52521960;600000;2849857;6097829;-11173022;0;18501401;16876065;69398025;
7132;805011316;2019-12-31;2018;MILES;277312;905882;46851375;4790989;52825558;25426443;0;0;253106;0;25679549;78505107;0;11141020;0;126567;405618;7479666;19152871;14781020;17858479;8673080;1282828;2085783;44681190;63834061;600000;2849857;6097829;-13378041;0;18501401;14671046;78505107;
7133;800125872;2019-12-31;2019;MILES;3801138;44898;6149159;0;9995195;967297;0;850193;326852330;0;328669820;338665015;4595142;11071418;33103755;1205263;5195553;172115;55343246;12988460;15100000;1294048;0;47445;29429953;84773199;2999880;0;177456258;17856727;0;55578951;253891816;338665015;
7134;800125872;2019-12-31;2018;MILES;4098870;960735;75795536;0;80855141;1722971;0;850193;261962903;0;264536067;345391208;9570959;12242759;5785328;1368079;2258895;1137;31227157;27606198;16275904;390582;0;35434;44308118;75535275;2999880;0;100736835;110540267;0;55578951;269855933;345391208;
7135;900135202;2019-12-31;2019;MILES;1177353;25773;3475810;4517919;9196855;88693;26757386;0;-23719499;26757386;29883966;39080821;0;8160501;0;106069;2815724;1395109;12477403;0;7215935;0;0;0;7215935;19693338;18496023;7980227;0;-7088767;0;0;19387483;39080821;
7136;900135202;2019-12-31;2018;MILES;1722806;60031;540250;7261831;9584918;125111;28658188;0;-26228308;28658188;31213179;40798097;0;11402823;0;54176;573366;366032;12396397;0;17727944;0;0;0;17727944;30124341;6996023;7980227;0;-4302494;0;0;10673756;40798097;
7137;800106884;2019-12-31;2019;MILES;8637202;956805;42068062;33618858;85280927;38483254;0;0;18365505;0;56848759;142129686;523110;39763818;0;0;12264181;13373651;65924760;61624505;0;0;0;0;61624505;127549265;8610230;0;4275748;-23491181;0;25185624;14580421;142129686;
7138;800106884;2019-12-31;2018;MILES;6496729;824542;43779751;38830391;89931413;38337034;0;0;17881083;0;56218117;146149530;1344476;42217737;0;0;12076094;13573179;69211486;61475413;0;0;0;0;61475413;130686899;8610230;0;4275748;-22218409;0;24795062;15462631;146149530;
7139;800021390;2019-12-31;2019;MILES;16375046;0;9366710;11793322;37535078;5617391;4673138;142124;-1305093;4673138;13800698;51335776;0;11318192;495046;0;0;5021806;16835044;0;0;0;0;0;0;16835044;67586;5195600;107170;29130376;0;0;34500732;51335776;
7140;800021390;2019-12-31;2018;MILES;9308667;0;10769035;11285063;31362765;4509837;5198835;152665;7834355;5198835;22894527;54257292;0;16219666;144887;0;0;4806475;21171028;0;0;0;0;0;0;21171028;10000;5195600;107170;27773494;0;0;33086264;54257292;
7141;800042972;2019-12-31;2019;MILES;71552;2917321;10396735;2170495;15556103;19728511;279783;19874434;-37760;279783;40124751;55680854;4186912;2924304;56143;357279;61768;173617;7760023;7059211;670853;2053390;0;803097;10586551;18346574;6200000;0;2736025;3013006;0;25385249;37334280;55680854;
7142;800042972;2019-12-31;2018;MILES;604326;1088385;10835407;2635693;15163811;19295123;338427;19787454;-80078;338427;39679353;54843164;4563921;1721196;0;365475;55866;286661;6993119;7628284;1846211;2017009;0;888250;12379754;19372873;6200000;0;2593705;1614065;0;25062521;35470291;54843164;
7143;901348706;2019-12-31;2019;MILES;0;0;50155935;0;50155935;0;0;0;17149130;0;17149130;67305065;0;0;0;0;0;0;0;0;0;0;0;0;0;0;33186956;36581612;0;-2463503;0;0;67305065;67305065;
7144;901348706;2019-12-31;2018;MILES;0;0;0;0;0;0;0;0;0;0;0;0;0;0;0;0;0;0;0;0;0;0;0;0;0;0;0;0;0;0;0;0;0;0;
7145;800030932;2019-12-31;2019;MILES;122471;955931;5720457;0;6798859;84535164;0;0;11446692;0;95981856;102780715;12130460;9523334;0;2285472;31538737;1240;55479243;13475296;0;16400730;0;0;29876026;85355269;4985003;0;375331;-67096220;0;79161332;17425446;102780715;
7146;800030932;2019-12-31;2018;MILES;197774;21953;6843493;430640;7493860;85884012;0;0;13372297;0;99256309;106750169;11163386;12788144;0;2003890;14756973;545858;41258251;12840830;0;17627127;0;0;30467957;71726208;4985003;0;375331;-48431231;0;78094858;35023961;106750169;
7147;900169754;2019-12-31;2019;MILES;30506;2019528;982262;0;3032296;29275855;0;0;1700;0;29277555;32309851;285259;141873;0;19329;2864310;0;3310771;736977;0;0;0;0;736977;4047748;5000000;0;683750;-3080702;0;25659055;28262103;32309851;
7148;900169754;2019-12-31;2018;MILES;182595;2193768;926622;0;3302985;29347756;0;0;2000;0;29349756;32652741;287077;376922;0;12241;3412655;0;4088895;779020;0;0;0;0;779020;4867915;5000000;0;683750;-3557979;0;25659055;27784826;32652741;
7149;900442519;2019-12-31;2019;MILES;593514;8364;0;0;601878;505095;0;0;0;0;505095;1106973;2757807;0;0;0;0;0;2757807;0;0;0;0;0;0;2757807;200000;0;0;-1850834;0;0;-1650834;1106973;
7150;900442519;2019-12-31;2018;MILES;645158;16823;0;0;661981;346891;0;0;0;0;346891;1008872;2659706;0;0;0;0;0;2659706;0;0;0;0;0;0;2659706;200000;0;0;-1850834;0;0;-1650834;1008872;
7151;900208029;2019-12-31;2019;MILES;6228651;5296397;13751060;2705033;27981141;3719243;22024981;0;-16848592;22024981;30920613;58901754;7008428;15773647;0;1619778;6235146;124;30637123;4034375;23983683;0;0;0;28018058;58655181;3176050;1961925;975000;-6460886;0;594484;246573;58901754;
7152;900208029;2019-12-31;2018;MILES;3806428;8667208;25026446;3261032;40761114;4899982;19245831;0;-14177528;19245831;29214116;69975230;5486348;20973800;0;2540230;13714316;124;42714818;19886109;7339832;0;0;0;27225941;69940759;3176050;1961925;975000;-6644818;0;566314;34471;69975230;
7153;860026759;2019-12-31;2019;MILES;670275;0;80043490;40752153;121465918;144933272;119199271;0;-35371416;119199271;347960398;469426316;83872926;37172447;0;3186300;13974746;0;138206419;87696208;358460;31008917;0;1652902;120716487;258922906;8937569;26087561;201810297;-28243660;0;1911643;210503410;469426316;
7154;860026759;2019-12-31;2018;MILES;2067102;0;69452742;37258523;108778367;139850066;117379592;0;-28765416;117379592;345843834;454622201;67333464;45781632;0;2883354;6471842;0;122470292;115074711;8232892;30664691;0;1399740;155372034;277842326;8937569;26087561;172354251;-32511149;0;1911643;176779875;454622201;
7155;860001963;2019-12-31;2019;MILES;9621816;4681470;39793815;48324461;102421562;228761161;430827;4784009;30418254;430827;264825078;367246640;53237166;29825194;0;0;2951137;3483531;89497028;33208624;1876195;23400143;0;1204694;59689656;149186684;34926767;454733;19809073;162869383;0;0;218059956;367246640;
7156;860001963;2019-12-31;2018;MILES;5214029;4403486;38511205;50961495;99090215;235966244;30228;420768;29171928;30228;265619396;364709611;57727084;32488986;0;0;3149650;1845584;95211304;29160396;1876195;23206512;0;1156679;55399782;150611086;34926767;454733;19963367;158753658;0;0;214098525;364709611;
