43349;900400135;2019-12-31;2019;MILES;82787;0;2711330;2329039;5123156;5050166;0;0;155074;0;5205240;10328396;2706895;4005241;0;95748;94424;0;6902308;1030757;222040;80221;0;0;1333018;8235326;1000000;0;47649;1045421;0;0;2093070;10328396;
43350;900400135;2019-12-31;2018;MILES;109144;0;1940659;2011871;4061674;1292667;0;0;221331;0;1513998;5575672;2188942;522187;0;147989;170445;0;3029563;601095;259738;0;0;0;860833;3890396;1000000;0;47649;637627;0;0;1685276;5575672;
43351;900449939;2019-12-31;2019;MILES;1386012;1282861;3786498;0;6455371;1795864;0;1433287;0;0;3229151;9684522;754926;112078;0;61174;139418;1282860;2350456;0;0;57400;0;0;57400;2407856;1000000;0;449372;5827294;0;0;7276666;9684522;
43352;900449939;2019-12-31;2018;MILES;429186;0;5766673;102803;6298662;1826209;0;1453674;0;0;3279883;9578545;807998;173426;0;43099;133059;618924;1776506;2055157;153207;48893;0;0;2257257;4033763;1000000;0;441431;4103351;0;0;5544782;9578545;
43353;900575406;2019-12-31;2019;MILES;2673283;0;1049301;0;3722584;0;0;944814;58701933;0;59646747;63369331;0;215306;0;0;10934;0;226240;0;0;59864;0;24145;84009;310249;758999;0;2102353;24847389;0;35350341;63059082;63369331;
43354;900575406;2019-12-31;2018;MILES;2020903;0;401579;0;2422482;0;0;1022271;45817632;0;46839903;49262385;0;997788;0;0;884;0;998672;0;0;38150;0;272730;310880;1309552;758999;0;3120675;9085788;0;34987371;47952833;49262385;
43355;800051984;2019-12-31;2019;MILES;5274994;5568677;1401700;1470026;13715397;957727;0;3523840;195208;0;4676775;18392172;2516268;139458;0;93007;64098;1542629;4355460;0;0;0;0;2413348;2413348;6768808;3000000;0;1153241;7470123;0;0;11623364;18392172;
43356;800051984;2019-12-31;2018;MILES;1182713;4555100;3093937;2653086;11484836;2108209;0;2412840;69175;0;4590224;16075060;2011782;836771;0;91339;156964;374267;3471123;0;0;0;0;1666557;1666557;5137680;3000000;0;1096550;6840830;0;0;10937380;16075060;
43357;830006910;2019-12-31;2019;MILES;3263658;1615582;4391791;13355;9284386;438888;1529866;0;-1516266;1529866;1982354;11266740;486838;856327;0;0;1488942;0;2832107;135112;365017;4651;0;438275;943055;3775162;262600;0;297227;6965889;0;-34138;7491578;11266740;
43358;830006910;2019-12-31;2018;MILES;2486230;716200;4350428;17930;7570788;277072;2435914;130000;-2333414;2435914;2945486;10516274;385124;2273439;0;0;264444;14350;2937357;865911;930595;4056;0;0;1800562;4737919;262600;0;297227;5252666;0;-34138;5778355;10516274;
43359;891903403;2019-12-31;2019;MILES;4382145;1245753;3162116;4491111;13281125;14906496;0;0;112193;0;15018689;28299814;6084083;3896937;0;0;0;0;9981020;86170;2384113;0;0;0;2470283;12451303;1901000;206475;422271;2750741;0;10568024;15848511;28299814;
43360;891903403;2019-12-31;2018;MILES;4270594;1871992;5034267;9914439;21091292;13819301;0;0;74072;0;13893373;34984665;10066880;6884374;0;0;0;0;16951254;53681;2584113;0;0;0;2637794;19589048;1901000;206475;366250;2306008;0;10615884;15395617;34984665;
43361;813001526;2019-12-31;2019;MILES;163085;0;2915916;0;3079001;7020784;676464;0;96201046;676464;104574758;107653759;3478;332006;0;36987;55561;0;428032;0;219601;0;0;0;219601;647633;5100000;0;2550000;99085803;0;270323;107006126;107653759;
43362;813001526;2019-12-31;2018;MILES;113889;0;8799992;0;8913881;7009804;687162;0;86933094;687162;95317222;104231103;199695;1815285;0;22824;27432;0;2065236;0;4461087;0;0;0;4461087;6526323;5100000;0;599073;91735384;0;270323;97704780;104231103;
43363;890905893;2019-12-31;2019;MILES;1624378;42109;15971459;10604163;28242109;7085318;0;0;3253465;0;10338783;38580892;0;11533231;0;0;866129;0;12399360;5334722;0;994269;0;0;6328991;18728351;127725;2025500;12645307;5054009;0;0;19852541;38580892;
43364;890905893;2019-12-31;2018;MILES;1301341;84413;15177565;7771230;24334549;7274329;0;0;3086162;0;10360491;34695040;0;11268582;0;0;874120;0;12142702;3153637;0;948673;0;0;4102310;16245012;127725;2025500;11368189;4928614;0;0;18450028;34695040;
43365;891100247;2019-12-31;2019;MILES;114667;16139089;5642776;0;21896532;6079650;0;0;42309449;0;48389099;70285631;0;845635;0;72421;163189;46551;1127796;0;0;0;0;0;0;1127796;820251;0;1696645;51595984;0;15044955;69157835;70285631;
43366;891100247;2019-12-31;2018;MILES;2967571;5342514;10193728;1211866;19715679;5817959;0;0;40857533;0;46675492;66391171;3616;667112;315526;107955;1939475;488502;3522186;0;0;0;0;0;0;3522186;820251;0;1696645;45310333;0;15041756;62868985;66391171;
43367;900673310;2019-12-31;2019;MILES;1872882;0;4330909;345558;6549349;3313;0;3974568;0;0;3977881;10527230;0;0;0;0;229792;0;229792;0;0;10180;0;8407428;8417608;8647400;400000;0;88791;1391039;0;0;1879830;10527230;
43368;900673310;2019-12-31;2018;MILES;40990;0;795404;0;836394;4422;0;4101434;0;0;4105856;4942250;539573;0;0;0;98124;0;637697;1259005;0;0;0;1681747;2940752;3578449;400000;0;77484;886317;0;0;1363801;4942250;
43369;900233101;2019-12-31;2019;MILES;2917417;8000;23446294;30381868;56753579;187675227;0;0;17712337;0;205387564;262141143;9681205;13350743;561900;1167002;7966947;7909338;40637135;101517004;0;21155241;0;0;122672245;163309380;5692727;43610750;16360378;33167908;0;0;98831763;262141143;
43370;900233101;2019-12-31;2018;MILES;4003281;8000;17149000;38767941;59928222;184587080;0;0;18442997;0;203030077;262958299;11256185;14489845;562000;1176730;7611105;430712;35526577;117762381;0;18526330;0;0;136288711;171815288;5692727;43610750;16360378;25479156;0;0;91143011;262958299;
43371;901135250;2019-12-31;2019;MILES;1106512;0;12162;0;1118674;0;0;437434;2106945;0;2544379;3663053;634000;29623;0;0;10157;0;673780;0;0;0;0;0;0;673780;920000;0;110610;1958663;0;0;2989273;3663053;
43372;901135250;2019-12-31;2018;MILES;132251;0;605609;0;737860;0;0;0;1711945;0;1711945;2449805;429000;48;0;0;2478;0;431526;0;0;0;0;0;0;431526;920000;0;0;1098279;0;0;2018279;2449805;
43373;800243310;2019-12-31;2019;MILES;107896;421378;554735;0;1084009;52460251;1727599;0;-488583;1727599;55426866;56510875;0;9931;0;44886;9569129;339724;9963670;0;2815621;2482350;0;0;5297971;15261641;835000;2131007;27394;12203453;0;26052380;41249234;56510875;
43374;800243310;2019-12-31;2018;MILES;314957;250501;409353;0;974811;50062879;5284411;0;-4013046;5284411;56618655;57593466;0;16250;0;31053;9176383;535395;9759081;0;3725301;2368440;0;0;6093741;15852822;835000;2131007;27394;14091007;0;24656236;41740644;57593466;
43375;900120377;2019-12-31;2019;MILES;160299;44960;40864;0;246123;0;59381;0;154697094;59381;154815856;155061979;0;4559;0;0;1349;0;5908;0;0;0;0;0;0;5908;148882;100478313;0;-41822738;0;96251614;155056071;155061979;
43376;900120377;2019-12-31;2018;MILES;5102;0;26406;0;31508;0;12844;0;141421448;12844;141447136;141478644;0;6402;0;0;65497;0;71899;0;0;0;0;0;0;71899;148882;100478313;0;-39040410;0;79819960;141406745;141478644;
43377;900444217;2019-12-31;2019;MILES;702409;182741;1256039;0;2141189;0;117097;0;-117097;117097;117097;2258286;0;902731;20243;0;3970;744757;1671701;0;0;0;0;0;0;1671701;300000;3918783;0;-3632198;0;0;586585;2258286;
43378;900444217;2019-12-31;2018;MILES;256957;188068;1752210;0;2197235;0;117097;0;-117097;117097;117097;2314332;0;924986;0;0;11981;744757;1681724;0;0;0;0;0;0;1681724;300000;3918783;0;-3586175;0;0;632608;2314332;
43379;860076008;2019-12-31;2019;MILES;840408;0;3318661;51221;4210290;100822774;3187416;4376170;31991234;3187416;143565010;147775300;9897264;522328;0;276772;2134487;88101;12918952;6532500;0;7790049;0;20000;14342549;27261501;691000;4500771;25625577;89696451;0;0;120513799;147775300;
43380;860076008;2019-12-31;2018;MILES;902851;4475;4328227;54689;5290242;104108778;1913143;4233132;33245047;1913143;145413243;150703485;13935558;3213618;0;0;0;0;17149176;17385273;0;0;0;0;17385273;34534449;691000;4500771;21604478;89372787;0;0;116169036;150703485;
43381;900357074;2019-12-31;2019;MILES;532633;2917773;287370;0;3737776;325228;0;8352706;0;0;8677934;12415710;475668;16297;0;2406;31;18828;513230;0;480521;0;0;0;480521;993751;800000;0;400000;10221959;0;0;11421959;12415710;
43382;900357074;2019-12-31;2018;MILES;563766;2965718;86143;0;3615627;325228;0;8523802;0;0;8849030;12464657;639999;14415;0;16480;5230;20750;696874;0;372987;0;0;0;372987;1069861;800000;0;400000;10194796;0;0;11394796;12464657;
43383;804006377;2019-12-31;2019;MILES;65220;44132;250362;1542813;1902527;1263916;0;1489749;5161060;0;7914725;9817252;67516;415285;0;56779;12897;22227;574704;195000;0;2096437;0;52310;2343747;2918451;65000;1143854;1943621;3648511;0;97815;6898801;9817252;
43384;804006377;2019-12-31;2018;MILES;60628;44820;194593;1475999;1776040;1357712;0;1489749;5377765;0;8225226;10001266;9739;504605;0;49665;6981;0;570990;260000;127506;2100125;0;0;2487631;3058621;65000;1143854;1937156;3698820;0;97815;6942645;10001266;
43385;900185065;2019-12-31;2019;MILES;94162;30000;1020406;0;1144568;499416;0;12462930;0;0;12962346;14106914;16626;0;0;0;0;2464429;2481055;0;0;0;0;240125;240125;2721180;460000;0;27528;10898206;0;0;11385734;14106914;
43386;900185065;2019-12-31;2018;MILES;90081;30000;1946267;0;2066348;1053744;0;10575862;0;0;11629606;13695954;105569;0;0;0;0;1936582;2042151;0;0;0;0;4300;4300;2046451;460000;0;27528;11161975;0;0;11649503;13695954;
43387;900385903;2019-12-31;2019;MILES;0;13248;224918;0;238166;0;0;0;2324328;0;2324328;2562494;242573;288141;0;0;29531;0;560245;0;1402219;15373;0;0;1417592;1977837;485000;0;0;99657;0;0;584657;2562494;
43388;900385903;2019-12-31;2018;MILES;0;14019;623170;0;637189;0;0;223100;2220624;0;2443724;3080913;242573;266879;0;0;48167;1394666;1952285;0;0;146423;0;0;146423;2098708;485000;0;0;497205;0;0;982205;3080913;
43389;900186312;2019-12-31;2019;MILES;78125;0;568825;0;646950;4020300;0;0;3555272;0;7575572;8222522;0;48019;0;865;0;94249;143133;229849;715633;0;0;1778143;2723625;2866758;890000;0;327983;984195;0;3153586;5355764;8222522;
43390;900186312;2019-12-31;2018;MILES;53386;520525;493626;0;1067537;5090012;0;0;1131967;0;6221979;7289516;0;50640;0;938;0;19852;71430;334342;1997531;0;0;1809478;4141351;4212781;890000;0;305463;942463;0;938809;3076735;7289516;
43391;900761148;2019-12-31;2019;MILES;4120548;0;74580;0;4195128;2257081;1187477;0;12014572;1187477;16646607;20841735;0;2594;0;22792;94146;0;119532;0;474358;408104;0;0;882462;1001994;925334;14034127;358145;4522135;0;0;19839741;20841735;
43392;900761148;2019-12-31;2018;MILES;4144933;0;70467;0;4215400;2018843;1323110;0;11878939;1323110;16544002;20759402;0;1550;0;19964;114366;0;135880;0;477470;432796;0;50000;960266;1096146;925334;14034127;358145;4345650;0;0;19663256;20759402;
43393;890917119;2019-12-31;2019;MILES;434310;817835;53077;2669675;3974897;54969533;25973329;0;24625900;25973329;131542091;135516988;0;36704;0;62576;154235;107640;361155;0;30575853;14923603;0;0;45499456;45860611;2400200;2151269;50885;17219131;0;67834892;89656377;135516988;
43394;890917119;2019-12-31;2018;MILES;75440;696455;86356;0;858251;56432319;27938550;0;25896164;27938550;138205583;139063834;0;197830;0;79794;394294;306125;978043;0;30350765;15769123;0;0;46119888;47097931;2400200;2151269;50885;17436812;0;69926737;91965903;139063834;
43395;800002818;2019-12-31;2019;MILES;4752;301766;12750;0;319268;2774745;18457984;10894660;58636383;18457984;109221756;109541024;1843;29712029;0;99521;5283126;0;35096519;0;0;840368;0;224539;1064907;36161426;1403951;0;810000;71165647;0;0;73379598;109541024;
43396;800002818;2019-12-31;2018;MILES;34644;256200;547823;0;838667;3223040;17941579;0;79780808;17941579;118887006;119725673;1889;29953130;0;137910;3412112;0;33505041;0;0;831984;0;52685;884669;34389710;1403951;0;810000;83122012;0;0;85335963;119725673;
43397;890312374;2019-12-31;2019;MILES;364608;183324;434124;0;982056;4089449;1941580;0;76671801;1941580;84644410;85626466;0;292900;0;0;51668;620857;965425;0;16907882;294;0;0;16908176;17873601;22821;2182619;30595348;34952077;0;0;67752865;85626466;
43398;890312374;2019-12-31;2018;MILES;642758;356415;21483318;0;22482491;4008940;766832;0;70792154;766832;76334758;98817249;0;18687704;0;0;357367;6098;19051169;0;2059307;294;0;0;2059601;21110770;22821;2182619;30595348;44905691;0;0;77706479;98817249;
43399;901151772;2019-12-31;2019;MILES;1803803;44485;2354390;12300;4214978;4399;0;0;0;0;4399;4219377;0;275441;0;8950;138490;0;422881;2114912;843259;0;0;0;2958171;3381052;50000;0;6710;781615;0;0;838325;4219377;
43400;901151772;2019-12-31;2018;MILES;2531536;27886;1948192;299235;4806849;4049;0;0;0;0;4049;4810898;0;402651;0;0;27668;0;430319;4263473;0;0;0;0;4263473;4693792;50000;0;0;67106;0;0;117106;4810898;
43401;900371613;2019-12-31;2019;MILES;178050;1234746;14160200;48451;15621447;0;0;0;0;0;0;15621447;205438;10571354;0;0;346569;76347;11199708;0;1800000;0;0;508140;2308140;13507848;360000;98418;2400324;-745143;0;0;2113599;15621447;
43402;900371613;2019-12-31;2018;MILES;3206;516805;14320225;35827;14876063;0;0;0;0;0;0;14876063;297117;10677957;0;0;88569;0;11063643;0;1800000;0;0;502733;2302733;13366376;360000;98418;2400324;-1349055;0;0;1509687;14876063;
43403;891801415;2019-12-31;2019;MILES;48518;49527;4988842;0;5086887;18084657;0;0;1358776;0;19443433;24530320;195968;2842198;0;0;53892;96293;3188351;0;800000;0;0;308762;1108762;4297113;1999980;1032251;999990;-17362;0;16218348;20233207;24530320;
43404;891801415;2019-12-31;2018;MILES;32409;55081;4745470;0;4832960;18920263;0;0;1358776;0;20279039;25111999;488121;2823587;0;0;25365;106950;3444023;0;1200000;0;0;308101;1508101;4952124;1999980;1032251;999990;-90694;0;16218348;20159875;25111999;
43405;800129316;2019-12-31;2019;MILES;81273;3707;226607;0;311587;25965;0;1539395;577973;0;2143333;2454920;10378;15454;0;26830;83914;0;136576;5628;0;0;0;0;5628;142204;9000;0;4500;2277846;0;21370;2312716;2454920;
43406;800129316;2019-12-31;2018;MILES;80984;15013;315210;0;411207;40818;0;1570052;298019;0;1908889;2320096;7140;15047;0;23408;46969;0;92564;18639;0;0;0;0;18639;111203;9000;0;4500;2195393;0;0;2208893;2320096;
43407;804014274;2019-12-31;2019;MILES;31170;0;11838;0;43008;301278;1286448;144234;10953696;1286448;13972104;14015112;0;546;0;26329;8802;0;35677;478202;0;148062;0;2585645;3211909;3247586;940000;2217770;470000;7139756;0;0;10767526;14015112;
43408;804014274;2019-12-31;2018;MILES;11711;0;19345;0;31056;311772;1691136;144234;10549008;1691136;14387286;14418342;0;24541;0;22343;51483;0;98367;599591;0;148062;0;2607645;3355298;3453665;940000;2217770;470000;7336907;0;0;10964677;14418342;
43409;900619657;2019-12-31;2019;MILES;684478;1264512;578550;0;2527540;0;0;0;195160;0;195160;2722700;0;1344653;567042;0;1021;1334430;3247146;0;0;0;0;0;0;3247146;10000;0;5000;-3644153;0;3104707;-524446;2722700;
43410;900619657;2019-12-31;2018;MILES;569168;1249163;2142192;0;3960523;0;0;0;195160;0;195160;4155683;0;2998054;343861;0;5812;1373714;4721441;0;0;0;0;0;0;4721441;10000;0;5000;-3685465;0;3104707;-565758;4155683;
43411;800194752;2019-12-31;2019;MILES;1469144;0;2352098;0;3821242;22178778;0;0;5363843;0;27542621;31363863;4017726;214272;0;0;82612;0;4314610;0;2799236;4649046;0;0;7448282;11762892;399586;2467100;112223;16622062;0;0;19600971;31363863;
43412;800194752;2019-12-31;2018;MILES;2731270;0;2160272;0;4891542;22469248;0;0;3923842;0;26393090;31284632;4179662;136082;0;0;26839;0;4342583;0;2799235;4765666;0;0;7564901;11907484;399586;2467100;112223;16398239;0;0;19377148;31284632;
43413;900267689;2019-12-31;2019;MILES;87;0;1299192;0;1299279;0;0;11874601;1435000;0;13309601;14608880;0;22540;0;0;302310;0;324850;0;0;1154094;0;0;1154094;1478944;200000;791262;45400;12093274;0;0;13129936;14608880;
43414;900267689;2019-12-31;2018;MILES;61814;0;896475;0;958289;0;0;11874601;1435000;0;13309601;14267890;0;350863;0;0;96839;0;447702;0;0;1154094;0;0;1154094;1601796;200000;791262;28967;11645865;0;0;12666094;14267890;
43415;860072491;2019-12-31;2019;MILES;1907313;1050748;2769599;0;5727660;0;1640386;6863668;1925726;1640386;12070166;17797826;1792840;0;0;0;2696;0;1795536;1935727;0;65271;0;0;2000998;3796534;84000;0;12827031;1090261;0;0;14001292;17797826;
43416;860072491;2019-12-31;2018;MILES;2664222;1000000;2060938;0;5725160;0;1587703;6549638;2004179;1587703;11729223;17454383;1848719;0;0;0;24510;0;1873229;1935727;0;56985;0;0;1992712;3865941;4000;0;12588276;996166;0;0;13588442;17454383;
43417;860528096;2019-12-31;2019;MILES;247341;592;195673;0;443606;1029022;1106841;2864009;-1106841;1106841;4999872;5443478;0;315070;0;0;0;0;315070;0;1661396;256523;5201;0;1923120;2238190;210250;0;1876574;1118464;0;0;3205288;5443478;
43418;860528096;2019-12-31;2018;MILES;75816;0;160618;0;236434;934542;1321977;2758098;-1108316;1321977;5228278;5464712;0;0;0;0;0;0;0;0;1751582;218570;16818;0;1986970;1986970;210250;0;1876574;1390918;0;0;3477742;5464712;
43419;900365409;2019-12-31;2019;MILES;230347;266947;4395551;3798387;8691232;187510;0;0;311183;0;498693;9189925;593877;5210406;0;366780;1366197;18308;7555568;116538;0;11167;0;0;127705;7683273;2284615;2761111;28331;-3567405;0;0;1506652;9189925;
43420;900365409;2019-12-31;2018;MILES;104028;207224;4395621;4344623;9051496;227539;0;0;129467;0;357006;9408502;581043;6416646;0;365537;1319227;9115;8691568;392145;0;93173;0;0;485318;9176886;2284615;2761111;28330;-4842440;0;0;231616;9408502;
43421;830138169;2019-12-31;2019;MILES;482960;4899;0;0;487859;87000;0;1487763;8306825;0;9881588;10369447;0;284;0;0;6736;0;7020;0;0;73776;0;0;73776;80796;150000;0;160281;9978370;0;0;10288651;10369447;
43422;830138169;2019-12-31;2018;MILES;593534;6877;0;0;600411;87000;0;1487763;7305777;0;8880540;9480951;160300;220;0;0;6998;0;167518;0;0;73776;0;0;73776;241294;150000;0;-179333;9268990;0;0;9239657;9480951;
43423;830080611;2019-12-31;2019;MILES;82406;343544;1001186;0;1427136;5790824;8412679;0;-8412679;8412679;14203503;15630639;0;10630;0;0;129732;0;140362;0;9900000;0;6272;0;9906272;10046634;126480;0;950917;4382993;0;123615;5584005;15630639;
43424;830080611;2019-12-31;2018;MILES;226730;84857;814202;0;1125789;6371060;6691079;0;-6691079;6691079;13062139;14187928;0;11803;0;0;28974;0;40777;0;8250000;26770;0;0;8276770;8317547;126480;0;950917;4669369;0;123615;5870381;14187928;
43425;860027143;2019-12-31;2019;MILES;103966;43251;691880;0;839097;851;1300246;3008385;-836934;1300246;4772794;5611891;728908;0;0;0;0;501;729409;2259967;0;51123;57;0;2311147;3040556;30000;0;16625875;-14084540;0;0;2571335;5611891;
43426;860027143;2019-12-31;2018;MILES;195521;33853;335220;0;564594;1985;1505471;2897409;-1041009;1505471;4869327;5433921;698908;0;0;0;0;409;699317;2155611;0;45689;11308;0;2212608;2911925;30000;0;16625875;-14133879;0;0;2521996;5433921;
43427;830506608;2019-12-31;2019;MILES;1101803;52442;128549;0;1282794;0;383157;10930704;3098181;383157;14795199;16077993;0;217786;0;10996;3651;0;232433;0;4175444;834046;0;0;5009490;5241923;1008076;883710;328767;8615517;0;0;10836070;16077993;
43428;830506608;2019-12-31;2018;MILES;1169982;765;14965;0;1185712;0;309551;10988073;4578897;309551;16186072;17371784;0;249015;0;8663;30960;0;288638;0;5696472;964635;0;0;6661107;6949745;1008076;883710;328767;8201486;0;0;10422039;17371784;
43429;860072492;2019-12-31;2019;MILES;1453379;1033673;1848157;0;4335209;0;2058570;623636;1604102;2058570;6344878;10680087;181;0;0;0;5186;0;5367;115604;1774259;0;0;0;1889863;1895230;20500;2115619;10677182;-4028444;0;0;8784857;10680087;
43430;860072492;2019-12-31;2018;MILES;1498405;1000000;1877101;0;4375506;0;1758041;600574;1905137;1758041;6021793;10397299;190;0;0;0;7853;0;8043;115604;1324259;1412;0;0;1441275;1449318;20500;2115619;10676932;-3865070;0;0;8947981;10397299;
43431;860521601;2019-12-31;2019;MILES;405808;254582;9020643;8118754;17799787;3169613;0;0;2344881;0;5514494;23314281;5985048;4545514;0;433224;205925;306825;11476536;2568794;447000;184525;0;0;3200319;14676855;2941756;800000;1380796;2035333;0;1479541;8637426;23314281;
43432;860521601;2019-12-31;2018;MILES;328806;375687;9705867;7282406;17692766;2042167;0;0;2193725;0;4235892;21928658;6092039;4761510;0;368584;119888;609892;11951913;2277002;1257000;378161;0;0;3912163;15864076;2741756;0;1359175;218367;0;1745284;6064582;21928658;
43433;860067949;2019-12-31;2019;MILES;216003;0;77240;0;293243;0;659684;1682974;4641667;659684;7644009;7937252;0;729;0;0;47506;902;49137;0;0;0;0;0;0;49137;535;2932382;2037151;2918047;0;0;7888115;7937252;
43434;860067949;2019-12-31;2018;MILES;206666;0;80753;0;287419;0;621998;1620738;4692536;621998;7557270;7844689;0;724;0;0;38911;1046;40681;0;0;0;0;0;0;40681;535;2932382;2037151;2833940;0;0;7804008;7844689;
43435;891904303;2019-12-31;2019;MILES;885748;117608;279255;93573;1376184;1620212;0;0;464085;0;2084297;3460481;0;343194;0;149927;285177;0;778298;0;0;198974;0;294961;493935;1272233;537300;0;148930;302831;0;1199187;2188248;3460481;
43436;891904303;2019-12-31;2018;MILES;808887;95847;259784;58921;1223439;1636222;0;0;469830;0;2106052;3329491;0;411394;0;145963;230703;0;788060;0;0;201489;0;218410;419899;1207959;537300;0;122694;262351;0;1199187;2121532;3329491;
43437;900470587;2019-12-31;2019;MILES;1179700;7205014;1292339;0;9677053;3782236;0;0;1120800;0;4903036;14580089;0;9678;0;0;137698;0;147376;0;2896368;58346;0;0;2954714;3102090;120900;2995406;0;-9753732;0;18115425;11477999;14580089;
43438;900470587;2019-12-31;2018;MILES;1186926;7177248;646563;0;9010737;3886273;0;0;1129366;0;5015639;14026376;0;2410961;0;0;73427;0;2484388;0;191226;66049;0;0;257275;2741663;120900;2995406;0;-9955584;0;18123991;11284713;14026376;
43439;832002204;2019-12-31;2019;MILES;391769;128000;6327525;2854151;9701445;874561;0;0;12511;0;887072;10588517;0;4785645;0;55250;278825;0;5119720;0;0;41240;0;0;41240;5160960;1418000;0;33921;3975636;0;0;5427557;10588517;
43440;832002204;2019-12-31;2018;MILES;324379;128000;7495380;2598634;10546393;960776;0;0;12304;0;973080;11519473;34995;6248801;0;55853;337177;114813;6791639;0;0;35415;0;0;35415;6827054;1418000;0;33921;3240498;0;0;4692419;11519473;
43441;830047411;2019-12-31;2019;MILES;1118626;0;3413804;1803935;6336365;8540701;0;0;851219;0;9391920;15728285;0;4360392;0;0;639622;74464;5074478;0;0;729894;0;0;729894;5804372;250000;0;191382;9482531;0;0;9923913;15728285;
43442;830047411;2019-12-31;2018;MILES;1645371;0;3080828;1325584;6051783;9031782;0;0;941997;0;9973779;16025562;0;4463333;0;0;0;73280;4536613;0;0;781139;0;0;781139;5317752;250000;0;191382;10266428;0;0;10707810;16025562;
43443;900438410;2019-12-31;2019;MILES;26614;52315;14;0;78943;149999;0;12385012;41004378;0;53539389;53618332;0;3716705;0;10693;6282;3975;3737655;3346301;0;258015;0;0;3604316;7341971;250000;4150000;0;40663609;0;1212752;46276361;53618332;
43444;900438410;2019-12-31;2018;MILES;45258;42018;0;0;87276;181538;0;12385012;40441670;0;53008220;53095496;829637;3593553;0;10725;18398;3853;4456166;3353690;0;220151;0;0;3573841;8030007;250000;4150000;0;39451896;0;1213593;45065489;53095496;
43445;800207932;2019-12-31;2019;MILES;576011;0;6936455;1687128;9199594;12647002;6098771;300000;-5883800;6098771;19260744;28460338;1120722;1432485;784634;209918;47928;2901845;6497532;3287008;8157754;262227;0;180754;11887743;18385275;500000;0;0;9575063;0;0;10075063;28460338;
43446;800207932;2019-12-31;2018;MILES;7429;0;4773559;1115916;5896904;13346255;6692724;300000;-6432293;6692724;20599410;26496314;26993;1585466;194671;355807;2289458;202456;4654851;4376926;8398600;419258;195725;205019;13595528;18250379;500000;0;311942;7433993;0;0;8245935;26496314;
43447;805001306;2019-12-31;2019;MILES;285824;526737;2686533;1070414;4569508;58891;0;0;3459931;0;3518822;8088330;73965;826161;0;115614;510303;2773;1528816;0;0;0;0;1395138;1395138;2923954;600000;0;316415;4247961;0;0;5164376;8088330;
43448;805001306;2019-12-31;2018;MILES;84951;391821;2603201;936003;4015976;64411;0;0;3253038;0;3317449;7333425;253730;310059;0;99173;841610;1081;1505653;0;0;0;0;1920328;1920328;3425981;600000;0;316415;2991029;0;0;3907444;7333425;
43449;900062979;2019-12-31;2019;MILES;1010721;734264;6369286;354067;8468338;6069075;0;4846436;6440415;0;17355926;25824264;807497;5929611;0;265024;300375;604176;7906683;731496;1120583;488076;0;1372654;3712809;11619492;5660000;0;400000;8144772;0;0;14204772;25824264;
43450;900062979;2019-12-31;2018;MILES;717180;1041583;7843760;52328;9654851;4937772;0;3103065;5992718;0;14033555;23688406;746321;5100013;0;238901;931761;350933;7367929;574697;339036;474417;0;2040223;3428373;10796302;800000;0;400000;11692104;0;0;12892104;23688406;
43451;860402618;2019-12-31;2019;MILES;188884;0;814205;847792;1850881;10345644;2330735;0;923201;2330735;15930315;17781196;391198;3796211;0;547046;0;1814920;6549375;2251460;1062570;685323;0;677817;4677170;11226545;1491765;976198;945029;3141659;0;0;6554651;17781196;
43452;860402618;2019-12-31;2018;MILES;565527;0;1187907;1006226;2759660;10894026;1742501;0;1474019;1742501;15853047;18612707;1273248;4114339;0;352281;192730;2885291;8817889;2120508;602551;633967;0;588638;3945664;12763553;1491765;976198;945029;2436162;0;0;5849154;18612707;
43453;819005874;2019-12-31;2019;MILES;1160870;14595;2521901;34499;3731865;231161;0;0;0;0;231161;3963026;0;154594;0;15232;17609;0;187435;71158;1247235;0;0;0;1318393;1505828;439000;0;19500;1998698;0;0;2457198;3963026;
43454;819005874;2019-12-31;2018;MILES;2764;159478;1755453;0;1917695;261291;0;0;0;0;261291;2178986;0;86965;0;9345;215178;0;311488;83582;843452;0;0;0;927034;1238522;39000;0;0;901464;0;0;940464;2178986;
43455;860350005;2019-12-31;2019;MILES;543856;123701330;18301278;0;142546464;100114;0;29267286;0;0;29367400;171913864;0;590526;0;0;0;0;590526;0;9700;0;0;0;9700;600226;120000;39;1349307;169844292;0;0;171313638;171913864;
43456;860350005;2019-12-31;2018;MILES;263256;127649911;9358157;0;137271324;182295;0;30428565;0;0;30610860;167882184;0;5663783;0;0;0;0;5663783;0;9700;0;0;0;9700;5673483;120000;39;1349307;160739355;0;0;162208701;167882184;
43457;830146669;2019-12-31;2019;MILES;311842;163781;1551906;5383312;7410841;2423379;0;0;306127;0;2729506;10140347;4355006;229464;0;10547;99676;0;4694693;0;0;0;0;0;0;4694693;800000;0;179679;2642593;0;1823382;5445654;10140347;
43458;830146669;2019-12-31;2018;MILES;476812;130051;1504977;5083464;7195304;2421331;0;0;237282;0;2658613;9853917;4240559;182517;0;9787;43415;0;4476278;0;0;0;0;0;0;4476278;800000;0;179679;2574578;0;1823382;5377639;9853917;
43459;900770027;2019-12-31;2019;MILES;33178;31500;121008;0;185686;13480955;0;0;36211129;0;49692084;49877770;0;5466;0;0;124477;42489;172432;0;0;0;0;0;0;172432;6375600;0;312754;5158958;0;37858026;49705338;49877770;
43460;900770027;2019-12-31;2018;MILES;22174;15631;35483;0;73288;13988986;0;0;34163315;0;48152301;48225589;32072;131301;0;0;86997;29700;280070;180000;0;0;0;0;180000;460070;6375600;0;221718;2905823;0;38262378;47765519;48225589;
43461;811024630;2019-12-31;2019;MILES;3456355;720043;211505;8264396;12652299;17173;1410306;0;-627387;1410306;2210398;14862697;1241137;521335;0;25691;27150;3220399;5035712;0;20811781;0;0;0;20811781;25847493;296092;1767545;10708;-13630945;0;571804;-10984796;14862697;
43462;811024630;2019-12-31;2018;MILES;41252;409475;211505;0;662232;72802;1433503;0;5348125;1433503;8287933;8950165;0;507238;0;0;74;0;507312;1347691;16724453;337076;0;2394193;20803413;21310725;296092;1767545;10708;-15006708;0;571803;-12360560;8950165;
43463;900328866;2019-12-31;2019;MILES;1397819;162722;299559;31554;1891654;20860;0;0;166251;0;187111;2078765;169629;472286;0;17964;99800;30307;789986;0;0;0;0;0;0;789986;300000;0;154750;834029;0;0;1288779;2078765;
43464;900328866;2019-12-31;2018;MILES;1106338;135895;196781;65512;1504526;26695;0;0;48273;0;74968;1579494;64302;156925;0;44282;68803;18368;352680;0;0;0;0;0;0;352680;300000;0;148554;778260;0;0;1226814;1579494;
43465;830119208;2019-12-31;2019;MILES;338378;0;485875;0;824253;0;0;2660086;71553478;0;74213564;75037817;0;245899;0;0;2213;0;248112;0;0;16664;128022;0;144686;392798;125000;826675;887495;72805849;0;0;74645019;75037817;
43466;830119208;2019-12-31;2018;MILES;26445;0;260162;0;286607;0;0;4151261;71553478;0;75704739;75991346;0;1268258;0;0;5831;0;1274089;0;0;124528;19770;0;144298;1418387;125000;826675;648607;72972677;0;0;74572959;75991346;
43467;830119224;2019-12-31;2019;MILES;386236;43204;23208;0;452648;4838;0;6758475;72070162;0;78833475;79286123;0;366708;0;0;377;0;367085;0;0;105367;31587;0;136954;504039;200000;1212000;1846251;75523833;0;0;78782084;79286123;
43468;830119224;2019-12-31;2018;MILES;200818;38216;182929;0;421963;4838;0;6758475;72223120;0;78986433;79408396;0;428845;0;0;602;0;429447;0;0;108348;68374;0;176722;606169;200000;1212000;1553002;75837225;0;0;78802227;79408396;
43469;900525002;2019-12-31;2019;MILES;6336;0;41515949;0;41522285;0;0;0;61197326;0;61197326;102719611;0;5851523;0;0;162070;18333773;24347366;0;0;0;0;14337912;14337912;38685278;70000;0;30000;63934333;0;0;64034333;102719611;
43470;900525002;2019-12-31;2018;MILES;54047;0;40539251;0;40593298;0;0;0;63732387;0;63732387;104325685;0;8026199;0;0;413470;14026222;22465891;0;0;0;0;14337912;14337912;36803803;70000;0;30000;67421882;0;0;67521882;104325685;
43471;830127783;2019-12-31;2019;MILES;1215539;624572;24324;8010130;9874565;4791;0;23338348;43115640;0;66458779;76333344;410678;337400;0;0;116204;1272383;2136665;12218612;0;354791;0;0;12573403;14710068;8000000;0;4812439;48810837;0;0;61623276;76333344;
43472;830127783;2019-12-31;2018;MILES;884358;1317277;1107933;8009720;11319288;8184;0;24648607;45378716;0;70035507;81354795;570000;69607;0;12983;18030;1581367;2251987;13197306;0;949316;0;0;14146622;16398609;8000000;0;2443398;54512788;0;0;64956186;81354795;
43473;824006708;2019-12-31;2019;MILES;820092;1513128;5553544;650005;8536769;7138462;2533280;0;4683056;2533280;16888078;25424847;32995;4238085;628135;256553;0;120245;5276013;10146176;0;740732;0;389394;11276302;16552315;6318000;0;616930;2432602;0;-495000;8872532;25424847;
43474;824006708;2019-12-31;2018;MILES;10009;1724705;6740626;858504;9333844;7406025;4319711;0;1775647;4319711;17821094;27154938;3850684;6451032;0;0;0;556239;10857955;2853040;0;782292;0;0;3635332;14493287;3300000;1502000;4080792;3778859;0;0;12661651;27154938;
43475;890403012;2019-12-31;2019;MILES;99523;0;13656213;0;13755736;635280;0;0;718009;0;1353289;15109025;605055;1426152;0;0;922280;0;2953487;418254;752669;0;0;0;1170923;4124410;3000000;0;1095438;6889177;0;0;10984615;15109025;
43476;890403012;2019-12-31;2018;MILES;113634;0;12133732;0;12247366;702635;0;0;455848;0;1158483;13405849;627945;430099;0;0;689882;389322;2137248;1367039;301456;654272;0;384738;2707505;4844753;3000000;0;883033;4678063;0;0;8561096;13405849;
43477;860048210;2019-12-31;2019;MILES;4151;287297;2222975;0;2514423;0;205;0;6122228;205;6122638;8637061;0;69957;0;1287;31328;0;102572;0;0;0;0;115154;115154;217726;1410344;0;1405172;5603819;0;0;8419335;8637061;
43478;860048210;2019-12-31;2018;MILES;59;345319;2200874;0;2546252;0;958;0;6121475;958;6123391;8669643;0;32863;0;1188;50140;3872;88063;0;0;0;0;110962;110962;199025;1410344;0;1405172;5655102;0;0;8470618;8669643;
43479;900076109;2019-12-31;2019;MILES;961737;1366513;1303656;731495;4363401;17325518;0;0;1292000;0;18617518;22980919;171381;618590;0;135930;198065;13469;1137435;6275273;6542811;176430;877043;77194;13948751;15086186;1380000;0;268173;6246560;0;0;7894733;22980919;
43480;900076109;2019-12-31;2018;MILES;201963;1418504;1635188;545093;3800748;17562288;0;0;1292000;0;18854288;22655036;260051;482106;0;81590;36344;73921;934012;6438042;6542811;123004;877043;77194;14058094;14992106;1380000;0;268173;6014757;0;0;7662930;22655036;
43481;800068234;2019-12-31;2019;MILES;1307105;114501;10726662;356713;12504981;7901096;0;0;2378193;0;10279289;22784270;601182;2300730;0;0;679456;1647806;5229174;601182;0;565950;0;5407939;6575071;11804245;4900000;0;2198117;3538230;0;343678;10980025;22784270;
43482;800068234;2019-12-31;2018;MILES;579614;83827;13679218;286020;14628679;7184125;0;0;2192703;0;9376828;24005507;1362613;1300866;0;0;1119127;1647533;5430139;1664147;0;490010;0;6100311;8254468;13684607;4900000;0;2001423;3075799;0;343678;10320900;24005507;
43483;900796115;2019-12-31;2019;MILES;137273;450797;705522;0;1293592;752783;0;0;0;0;752783;2046375;261803;391488;0;33452;186430;0;873173;193600;0;0;0;0;193600;1066773;600000;0;20806;358796;0;0;979602;2046375;
43484;900796115;2019-12-31;2018;MILES;178797;572059;232976;0;983832;75404;0;0;0;0;75404;1059236;12040;213088;0;50461;75586;0;351175;0;0;0;0;0;0;351175;500000;0;0;208061;0;0;708061;1059236;
43485;800210734;2019-12-31;2019;MILES;389436;969073;17904557;8877601;28140667;2769152;0;3535255;2948586;0;9252993;37393660;8782213;332006;0;242932;279669;11000349;20637169;0;0;430398;0;4851210;5281608;25918777;5871639;0;1338704;2592635;0;1671905;11474883;37393660;
43486;800210734;2019-12-31;2018;MILES;548987;3316092;14477738;8843104;27185921;3542375;0;1664285;2739697;0;7946357;35132278;11868096;2010285;0;197880;558846;9168691;23803798;0;0;298858;0;1991454;2290312;26094110;3101639;0;2168023;2096600;0;1671906;9038168;35132278;
43487;900130852;2019-12-31;2019;MILES;343885;15113;5218090;465283;6042371;29472;0;0;0;0;29472;6071843;3894;718517;0;740;35092;0;758243;100000;1667397;0;0;0;1767397;2525640;40000;0;17241;3488962;0;0;3546203;6071843;
43488;900130852;2019-12-31;2018;MILES;528273;0;1463826;0;1992099;17322;0;0;0;0;17322;2009421;26052;527530;0;39;8175;0;561796;0;240927;0;0;0;240927;802723;40000;0;11471;1155227;0;0;1206698;2009421;
43489;900495003;2019-12-31;2019;MILES;1703810;41757;246793;0;1992360;5837519;0;0;2827455;0;8664974;10657334;470170;2511862;0;0;13367;14942;3010341;0;0;719638;0;0;719638;3729979;12000;0;6000;6909355;0;0;6927355;10657334;
43490;900495003;2019-12-31;2018;MILES;1974;1536452;118559;0;1656985;5969280;0;0;2827455;0;8796735;10453720;390576;2313077;0;0;25347;16780;2745780;0;0;748140;0;0;748140;3493920;12000;0;6000;6941800;0;0;6959800;10453720;
43491;800043202;2019-12-31;2019;MILES;453885;1171941;1716664;858477;4200967;9248084;1892227;0;-1544227;1892227;11488311;15689278;1019979;1228327;0;142463;721141;83450;3195360;1410442;0;0;0;0;1410442;4605802;1530000;569794;1270390;1219567;0;6493725;11083476;15689278;
43492;800043202;2019-12-31;2018;MILES;290304;1682826;2491604;1195009;5659743;9734968;1920747;0;-1572747;1920747;12003715;17663458;3096615;1364120;0;202488;1265150;39390;5967763;975062;0;0;0;0;975062;6942825;1530000;569794;1226567;900547;0;6493725;10720633;17663458;
43493;890931636;2019-12-31;2019;MILES;24012;3045508;11803810;1286473;16159803;14958490;0;0;693936;0;15652426;31812229;947568;8794587;0;361669;0;1197888;11301712;1157258;0;2236084;0;0;3393342;14695054;1000000;0;500000;15617175;0;0;17117175;31812229;
43494;890931636;2019-12-31;2018;MILES;145368;2956204;7232157;1073378;11407107;15440456;0;0;390189;0;15830645;27237752;1136827;6995964;0;353196;0;908571;9394558;317182;0;2616089;0;0;2933271;12327829;1000000;0;500000;13409923;0;0;14909923;27237752;
43495;800113011;2019-12-31;2019;MILES;1455474;1386424;1850311;2169;4694378;1093838;0;0;0;0;1093838;5788216;0;390836;0;0;27745;815047;1233628;1218971;0;0;0;0;1218971;2452599;330000;0;449728;-12750;0;2568639;3335617;5788216;
43496;800113011;2019-12-31;2018;MILES;256120;7862;914248;3289086;4467316;1806424;0;0;90535;0;1896959;6364275;230093;871893;0;6644;16330;168641;1293601;1366028;0;85166;0;0;1451194;2744795;330000;0;449728;271113;0;2568639;3619480;6364275;
43497;860507248;2019-12-31;2019;MILES;1868641;15349348;10929735;16870840;45018564;10479573;0;6797390;3484671;0;20761634;65780198;10397243;14142334;0;2947651;693196;638139;28818563;7345325;0;539979;0;7415842;15301146;44119709;5000000;0;2800252;13860237;0;0;21660489;65780198;
43498;860507248;2019-12-31;2018;MILES;5706421;12625963;11728424;12915811;42976619;10633273;0;6818269;3160033;0;20611575;63588194;15965118;8167385;0;1652688;637304;374310;26796805;7514349;0;516447;0;7547485;15578281;42375086;5000000;0;2704924;13508184;0;0;21213108;63588194;
43499;830512616;2019-12-31;2019;MILES;306577;369098;664449;0;1340124;153497;0;25000;585639;0;764136;2104260;20932;878197;0;426493;148815;0;1474437;0;0;33702;0;0;33702;1508139;611565;0;18967;-979070;0;944659;596121;2104260;
43500;830512616;2019-12-31;2018;MILES;712775;423459;109982;0;1246216;158621;0;25000;655037;0;838658;2084874;5225;644510;0;347165;72650;0;1069550;0;0;37538;0;0;37538;1107088;611565;0;18967;-597405;0;944659;977786;2084874;
43501;900370025;2019-12-31;2019;MILES;715404;0;15348034;726523;16789961;342740;0;0;34935;0;377675;17167636;6115684;344840;2842828;0;388256;2472733;12164341;0;0;0;0;0;0;12164341;3000;0;12973;-7562512;0;12549834;5003295;17167636;
43502;900370025;2019-12-31;2018;MILES;1299572;0;6745424;1070481;9115477;405387;0;0;420736;0;826123;9941600;2545829;1221080;448703;0;15705;1975582;6206899;0;0;0;0;0;0;6206899;3000;0;12973;-7698224;0;11416952;3734701;9941600;
43503;900356107;2019-12-31;2019;MILES;2644500;283255;17410;0;2945165;0;15139;2927222;5719092;15139;8676592;11621757;0;26008;0;0;0;0;26008;0;0;440055;0;0;440055;466063;5560049;0;1622784;3972861;0;0;11155694;11621757;
43504;900356107;2019-12-31;2018;MILES;2143551;7518;20927;0;2171996;0;15139;3122925;5376738;15139;8529941;10701937;0;36778;0;0;21129;0;57907;0;0;407209;0;0;407209;465116;5560049;0;1345145;3331627;0;0;10236821;10701937;
43505;900353867;2019-12-31;2019;MILES;294131;46553;4425823;461921;5228428;122630;0;0;4680127;0;4802757;10031185;17185;6784331;0;420925;591113;11881;7825435;0;0;24115;0;0;24115;7849550;10000;0;1934688;236947;0;0;2181635;10031185;
43506;900353867;2019-12-31;2018;MILES;597754;142100;4329565;227729;5297148;153553;0;0;4157356;0;4310909;9608057;24999;6758421;0;394366;616641;0;7794427;0;0;5291;0;0;5291;7799718;10000;0;1934688;-136349;0;0;1808339;9608057;
43507;900356028;2019-12-31;2019;MILES;565960;0;4314682;1978119;6858761;54147;0;0;337303;0;391450;7250211;3698708;3023248;0;40161;14846;0;6776963;0;0;7322;0;186345;193667;6970630;60000;140000;4041;75540;0;0;279581;7250211;
43508;900356028;2019-12-31;2018;MILES;661757;0;4214227;1440246;6316230;62596;0;0;320906;0;383502;6699732;3585348;2902339;0;43926;12729;0;6544342;0;0;8128;0;48156;56284;6600626;60000;140000;4041;-104935;0;0;99106;6699732;
43509;860068255;2019-12-31;2019;MILES;1088760;57453918;29053265;0;87595943;12347418;0;37935101;25454618;0;75737137;163333080;33261518;6281049;303483;7626095;3053173;0;50525318;36870000;4309141;0;0;0;41179141;91704459;2500000;0;1058689;16088725;0;51981207;71628621;163333080;
43510;860068255;2019-12-31;2018;MILES;1307707;29037231;29935055;0;60279993;10525580;0;35988143;27288774;0;73802497;134082490;19491435;8518976;442102;8228189;3227301;0;39908003;27000000;4430638;0;0;0;31430638;71338641;2500000;0;817912;14292595;0;45133342;62743849;134082490;
43511;830061474;2019-12-31;2019;MILES;8624116;9957594;6417799;0;24999509;282737;0;0;6068769;0;6351506;31351015;0;2525098;0;1512970;2877147;0;6915215;0;0;31474;0;0;31474;6946689;9530470;0;3928105;10945751;0;0;24404326;31351015;
43512;830061474;2019-12-31;2018;MILES;5176244;7139488;9871420;0;22187152;317367;0;0;4048336;0;4365703;26552855;0;6530635;0;597554;2265446;0;9393635;0;0;6778;0;0;6778;9400413;9530470;0;3527972;4094000;0;0;17152442;26552855;
43513;800168533;2019-12-31;2019;MILES;726333;16774176;1764840;1506099;20771448;69062832;0;1588152;38340823;0;108991807;129763255;16181386;5172323;0;375122;0;1096062;22824893;15238383;33685712;252826;0;2607309;51784230;74609123;1100000;33186682;2191283;7747226;0;10928941;55154132;129763255;
43514;800168533;2019-12-31;2018;MILES;910554;16361228;1706262;2408888;21386932;70503511;257829;1588152;30442834;257829;103050155;124437087;8791663;5016690;0;314149;0;2813689;16936191;16558073;33619710;246589;0;9286082;59710454;76646645;1100000;33186682;1910681;4685766;0;6907313;47790442;124437087;
43515;900624440;2019-12-31;2019;MILES;443567;35672;440365;0;919604;694939;13541054;25342231;-10306576;13541054;42812702;43732306;839994;65723;0;50557;0;36658;992932;1567974;0;1732268;0;2139963;5440205;6433137;73504;9380000;36752;27808913;0;0;37299169;43732306;
43516;900624440;2019-12-31;2018;MILES;8421;97089;62751;0;168261;1530978;12917386;25341279;-9682908;12917386;43024121;43192382;455066;117879;0;45416;110609;31015;759985;1440017;4285;1483411;0;1094049;4021762;4781747;73504;9380000;36752;28920379;0;0;38410635;43192382;
43517;900724947;2019-12-31;2019;MILES;145314;136409;12357101;1999718;14638542;3633;0;0;192000;0;195633;14834175;0;1145230;0;0;543;0;1145773;0;12689670;0;0;73874;12763544;13909317;100000;0;0;824858;0;0;924858;14834175;
43518;900724947;2019-12-31;2018;MILES;120952;110415;9888118;978263;11097748;4133;0;0;192000;0;196133;11293881;0;731116;0;0;55860;0;786976;0;9672803;0;0;73874;9746677;10533653;100000;0;0;660228;0;0;760228;11293881;
43519;800031524;2019-12-31;2019;MILES;79923;30224;2079284;162073;2351504;2505905;0;0;0;0;2505905;4857409;589379;1293715;46001;261860;844927;19421;3055303;1375217;0;0;0;0;1375217;4430520;500000;0;0;-73111;0;0;426889;4857409;
43520;800031524;2019-12-31;2018;MILES;2775;39486;1275348;168776;1486385;2703794;0;0;0;0;2703794;4190179;551839;1173354;34677;207040;562297;194165;2723372;1208869;0;0;0;0;1208869;3932241;500000;0;0;-242062;0;0;257938;4190179;
43521;800157021;2019-12-31;2019;MILES;854806;223577;3529167;25339;4632889;491562;0;0;12156278;0;12647840;17280729;355920;280787;3185;0;92019;28457;760368;709187;858135;20933;0;0;1588255;2348623;700000;0;730692;13501414;0;0;14932106;17280729;
43522;800157021;2019-12-31;2018;MILES;491903;8721774;4005682;115692;13335051;493877;0;863023;7257;0;1364157;14699208;919327;178933;2845;0;68542;27282;1196929;981633;1697155;20816;0;0;2699604;3896533;700000;0;730692;9371983;0;0;10802675;14699208;
43523;860502327;2019-12-31;2019;MILES;2806052;5188201;6114677;0;14108930;5996097;0;0;6140062;0;12136159;26245089;0;1920758;0;974060;851847;290739;4037404;0;0;709149;0;0;709149;4746553;15500006;0;4085817;1912713;0;0;21498536;26245089;
43524;860502327;2019-12-31;2018;MILES;4370809;3547141;6431636;0;14349586;6191485;0;0;5788742;0;11980227;26329813;0;1193375;0;945683;963053;623904;3726015;0;0;695433;0;0;695433;4421448;15500006;0;4026791;2381568;0;0;21908365;26329813;
43525;900071212;2019-12-31;2019;MILES;17176;0;18959;0;36135;117641;0;346500;5106493;0;5570634;5606769;85206;34500;0;37787;3633;0;161126;81503;1947354;25431;0;0;2054288;2215414;100000;0;35439;3255916;0;0;3391355;5606769;
43526;900071212;2019-12-31;2018;MILES;65323;0;1771;0;67094;166475;1500;346500;4969455;1500;5485430;5552524;85206;367394;0;29172;34992;0;516764;124423;1602177;25427;0;0;1752027;2268791;100000;0;35439;3148294;0;0;3283733;5552524;
43527;830026921;2019-12-31;2019;MILES;2537;44375;0;0;46912;104585;3402554;0;3089771;3402554;9999464;10046376;0;1073341;0;0;81554;0;1154895;0;0;392041;0;0;392041;1546936;1567482;0;150000;6781958;0;0;8499440;10046376;
43528;830026921;2019-12-31;2018;MILES;2537;35914;0;0;38451;112553;1487605;0;10074031;1487605;13161794;13200245;0;342936;0;0;81411;0;424347;0;0;143086;0;0;143086;567433;1567482;0;150000;10915330;0;0;12632812;13200245;
43529;900059812;2019-12-31;2019;MILES;211006;272548;5653445;825466;6962465;116309;4451168;0;1377034;4451168;10395679;17358144;17674;171699;0;55674;0;376;245423;2047615;2628191;0;0;4602815;9278621;9524044;2000000;0;200000;5634100;0;0;7834100;17358144;
43530;900059812;2019-12-31;2018;MILES;774782;751258;5290644;1056863;7873547;192348;0;0;4516514;0;4708862;12582409;438018;2438612;0;51031;0;247563;3175224;1213269;0;0;0;4003500;5216769;8391993;2000000;0;200000;1990416;0;0;4190416;12582409;
43531;900189197;2019-12-31;2019;MILES;618;32897;609385;0;642900;227294;4737439;0;26016485;4737439;35718657;36361557;0;3084;0;0;0;476;3560;0;0;0;0;0;0;3560;481910;12677288;4022612;19176187;0;0;36357997;36361557;
43532;900189197;2019-12-31;2018;MILES;0;62227;876327;0;938554;319130;4517026;0;24710272;4517026;34063454;35002008;0;10641;0;0;0;187;10828;0;0;0;0;0;0;10828;481910;12677288;4022612;17809370;0;0;34991180;35002008;
43533;890300208;2019-12-31;2019;MILES;7342671;4077217;26843934;30636852;68900674;36486865;0;0;13032744;0;49519609;118420283;21749641;4091779;0;610891;271163;166698;26890172;54092197;0;922208;0;0;55014405;81904577;6000000;0;7417603;23098103;0;0;36515706;118420283;
43534;890300208;2019-12-31;2018;MILES;8783060;3782197;21519890;23660192;57745339;39151434;0;0;13416018;0;52567452;110312791;13885680;2458924;0;507232;457011;185747;17494594;56820061;0;910561;0;0;57730622;75225216;6000000;0;7312947;21774628;0;0;35087575;110312791;
43535;890107433;2019-12-31;2019;MILES;65621;8738216;672468;0;9476305;2864442;0;0;0;0;2864442;12340747;221826;1062340;0;0;0;0;1284166;489604;0;1940315;0;0;2429919;3714085;700;0;350;549003;0;8076609;8626662;12340747;
43536;890107433;2019-12-31;2018;MILES;495295;8570685;357905;0;9423885;2858767;0;0;0;0;2858767;12282652;260627;1199998;0;0;0;0;1460625;0;0;2058621;0;0;2058621;3519246;700;0;350;438088;0;8324268;8763406;12282652;
43537;860501651;2019-12-31;2019;MILES;35016;156034;0;0;191050;0;336732;0;12105046;336732;12778510;12969560;0;957633;0;0;814;0;958447;38000;0;0;0;0;38000;996447;41000;8447683;757507;2726923;0;0;11973113;12969560;
43538;860501651;2019-12-31;2018;MILES;5809;166809;0;0;172618;0;182769;0;13259197;182769;13624735;13797353;0;945425;0;0;115450;36693;1097568;114000;0;0;0;0;114000;1211568;41000;8447682;709291;3387812;0;0;12585785;13797353;
43539;900806708;2019-12-31;2019;MILES;1448242;2236857;1977899;0;5662998;135179401;0;0;5301875;0;140481276;146144274;8993582;11525617;0;16545;155315;232261;20923320;0;0;7875462;70140993;0;78016455;98939775;654447;0;33575694;12974358;0;0;47204499;146144274;
43540;900806708;2019-12-31;2018;MILES;1294782;5041321;2864113;0;9200216;139883129;0;0;933068;0;140816197;150016413;6106955;11582542;0;8690;419726;616362;18734275;0;0;5454951;80707330;0;86162281;104896556;654447;0;34979431;9485979;0;0;45119857;150016413;
43541;890905686;2019-12-31;2019;MILES;102336;850739;8940585;0;9893660;187154525;0;0;377336473;0;564490998;574384658;517565;40634420;0;0;281141;0;41433126;1968377;17831;36236506;0;0;38222714;79655840;41436;7625058;70420904;412641705;0;3999715;494728818;574384658;
43542;890905686;2019-12-31;2018;MILES;1213370;122483;9174163;0;10510016;183181255;0;0;372250455;0;555431710;565941726;481857;42770321;0;0;953094;0;44205272;2486696;16168;36273205;0;0;38776069;82981341;41436;7625058;60799505;411459925;0;3034461;482960385;565941726;
43543;811000328;2019-12-31;2019;MILES;23804750;711;95753844;0;119559305;1851;0;0;27411420;0;27413271;146972576;2312;175959;0;13199;12050369;0;12241839;0;0;1082259;0;593173;1675432;13917271;439500;1401565;456739;127574625;0;3182876;133055305;146972576;
43544;811000328;2019-12-31;2018;MILES;394864;248;3578988;0;3974100;3956;2278059;0;21752904;2278059;26312978;30287078;9174;86416;0;17110;0;1558139;1670839;0;2596151;1266226;0;593173;4455550;6126389;439500;1401565;11323369;10009790;0;986465;24160689;30287078;
43545;830116311;2019-12-31;2019;MILES;443802;1693714;0;7064277;9201793;2935017;28973547;0;-22394932;28973547;38487179;47688972;0;944660;0;138689;1130457;297761;2511567;11036720;667469;57457;0;14279801;26041447;28553014;300000;0;8809357;9258642;0;767959;19135958;47688972;
43546;830116311;2019-12-31;2018;MILES;1394695;4486313;0;36147333;42028341;2317327;20971430;0;-10382730;20971430;33877457;75905798;0;1920341;0;129931;1412703;7898;3470873;25246239;16284;56405;0;29221518;54540446;58011319;300000;0;8809357;8785122;0;0;17894479;75905798;
43547;900623029;2019-12-31;2019;MILES;456;0;0;0;456;0;38618;0;39922382;38618;39999618;40000074;0;35787;0;0;187;0;35974;0;0;0;0;0;0;35974;514;39999986;0;-36400;0;0;39964100;40000074;
43548;900623029;2019-12-31;2018;MILES;456;0;0;0;456;0;38563;0;39922437;38563;39999563;40000019;0;28134;0;0;291;0;28425;0;0;0;0;0;0;28425;514;39999986;0;-28906;0;0;39971594;40000019;
43549;890106364;2019-12-31;2019;MILES;11;0;1092;0;1103;0;0;0;252528805;0;252528805;252529908;0;275944;0;0;20;0;275964;0;0;0;0;0;0;275964;8965;0;713;252244266;0;0;252253944;252529908;
43550;890106364;2019-12-31;2018;MILES;11882;0;1312;0;13194;0;0;0;56242759;0;56242759;56255953;0;310000;0;0;220;0;310220;0;0;0;0;0;0;310220;8965;0;713;55936055;0;0;55945733;56255953;
43551;900626402;2019-12-31;2019;MILES;292502;0;4247412;0;4539914;420174;1030471;0;4071082;1030471;6552198;11092112;0;2378572;0;26925;0;23819;2429316;0;878179;0;0;1243928;2122107;4551423;9380000;0;0;-2839311;0;0;6540689;11092112;
43552;900626402;2019-12-31;2018;MILES;213387;0;4836024;0;5049411;74861;391891;0;4973042;391891;5831685;10881096;0;1836212;0;68317;0;66478;1971007;0;1395883;0;0;708869;2104752;4075759;9380000;0;0;-2574663;0;0;6805337;10881096;
43553;800142931;2019-12-31;2019;MILES;198036;107718;454183;312106;1072043;2485545;0;0;1499351;0;3984896;5056939;1047;728029;0;168010;225004;111907;1233997;2041122;0;0;0;0;2041122;3275119;1151108;0;360454;154077;0;116181;1781820;5056939;
43554;800142931;2019-12-31;2018;MILES;178972;118765;382990;309782;990509;2418083;0;0;1573352;0;3991435;4981944;32714;725543;0;162026;193505;67136;1180924;2013637;0;0;0;0;2013637;3194561;1151108;0;360454;159640;0;116181;1787383;4981944;
43555;830058737;2019-12-31;2019;MILES;650075;4214684;12257770;0;17122529;3840104;0;0;1387737;0;5227841;22350370;638944;630386;0;2225905;3657835;1900000;9053070;973238;1640749;50767;0;0;2664754;11717824;400000;200000;200000;9832546;0;0;10632546;22350370;
43556;830058737;2019-12-31;2018;MILES;2080211;2786908;8627210;0;13494329;2783691;0;484412;842310;0;4110413;17604742;354289;782403;0;1305640;3233526;704110;6379968;0;2494841;127484;0;0;2622325;9002293;400000;200000;200000;7802449;0;0;8602449;17604742;
43557;900485025;2019-12-31;2019;MILES;312615;3814857;3574916;0;7702388;1028484;0;24647840;411326;0;26087650;33790038;0;7749389;0;0;46784;6609789;14405962;0;0;720730;0;0;720730;15126692;1050553;10488624;6402077;722092;0;0;18663346;33790038;
43558;900485025;2019-12-31;2018;MILES;60063;5484243;4352398;0;9896704;882589;0;24272840;242289;0;25397718;35294422;0;9730740;0;0;37737;6263169;16031646;0;0;666870;0;0;666870;16698516;850553;10488624;4616513;2640216;0;0;18595906;35294422;
43559;900484728;2019-12-31;2019;MILES;4515501;5461933;1081209;5188621;16247264;1400850;0;0;0;0;1400850;17648114;548;1373893;0;1807;27383;180127;1583758;0;2976608;0;0;700000;3676608;5260366;500000;0;240896;11646852;0;0;12387748;17648114;
43560;900484728;2019-12-31;2018;MILES;2754528;6545563;3402099;1747659;14449849;1431887;0;8455000;0;0;9886887;24336736;10315;2089641;0;3540;57167;135093;2295756;0;7224711;0;0;1756;7226467;9522223;500000;0;57164;14257349;0;0;14814513;24336736;
43561;900438232;2019-12-31;2019;MILES;260342;148277;1837671;0;2246290;24503668;466913;0;264300659;466913;289738153;291984443;0;436420;0;251570;0;20356;708346;0;30591738;2418;0;0;30594156;31302502;747332;117956552;38089217;-567193;0;104456033;260681941;291984443;
43562;900438232;2019-12-31;2018;MILES;550975;67579;3301637;0;3920191;15230110;0;0;192568470;0;207798580;211718771;8141250;457606;0;215962;35114;17705;8867637;0;30999707;313;0;0;31000020;39867657;732933;103166969;7696896;24453221;0;35801095;171851114;211718771;
43563;830068550;2019-12-31;2019;MILES;4212351;942399;2461651;4618102;12234503;3416772;0;0;63171;0;3479943;15714446;1038715;4473516;0;350737;592482;172499;6627949;579565;0;108563;0;1742746;2430874;9058823;1000000;0;500000;4855237;0;300386;6655623;15714446;
43564;830068550;2019-12-31;2018;MILES;2958604;686461;2992461;3214892;9852418;2271466;0;0;63171;0;2334637;12187055;319592;3298842;0;203310;504031;133846;4459621;0;0;114489;0;1708871;1823360;6282981;1000000;0;499342;4104346;0;300386;5904074;12187055;
43565;800034638;2019-12-31;2019;MILES;1050391;0;497392;0;1547783;4214892;0;7591305;3528846;0;15335043;16882826;0;332336;0;0;0;0;332336;0;748232;0;0;0;748232;1080568;500000;0;250760;11282519;0;3768979;15802258;16882826;
43566;800034638;2019-12-31;2018;MILES;2322324;2465184;308064;0;5095572;4014892;0;6992398;460769;0;11468059;16563631;29;114870;2978;31479;7776;0;157132;0;828271;91928;0;0;920199;1077331;500000;0;230760;11051530;0;3704010;15486300;16563631;
43567;890103075;2019-12-31;2019;MILES;734682;0;10560550;27651481;38946713;9017887;0;618214;3164024;0;12800125;51746838;19962730;6506292;0;185906;1610453;0;28265381;4386515;0;534499;0;0;4921014;33186395;6100000;400000;2222471;9739137;0;98835;18560443;51746838;
43568;890103075;2019-12-31;2018;MILES;802671;0;10042103;24186572;35031346;9205570;0;618214;3228462;0;13052246;48083592;21100429;6542596;0;184744;1107574;0;28935343;3055882;0;856435;0;0;3912317;32847660;6000000;0;2085606;7051491;0;98835;15235932;48083592;
43569;900295495;2019-12-31;2019;MILES;319700;0;2252766;1399119;3971585;7873;0;0;50000;0;57873;4029458;0;1870064;0;1154;129271;0;2000489;0;579641;0;0;35896;615537;2616026;62207;0;52834;278931;0;1019460;1413432;4029458;
43570;900295495;2019-12-31;2018;MILES;239475;0;1669907;1381005;3290387;6664;0;0;50000;0;56664;3347051;0;1273638;0;0;67108;0;1340746;0;477630;0;0;32181;509811;1850557;62207;0;52834;199654;0;1181799;1496494;3347051;
43571;900599747;2019-12-31;2019;MILES;290752;829292;3500108;0;4620152;1205268;0;0;2442;0;1207710;5827862;276059;1296609;0;195175;1089848;40876;2898567;180000;1060862;0;0;0;1240862;4139429;500000;0;0;1188433;0;0;1688433;5827862;
43572;900599747;2019-12-31;2018;MILES;1305110;358486;2659575;0;4323171;879029;0;0;34057;0;913086;5236257;298500;1734689;0;107656;597398;2980;2741223;368985;924521;0;0;0;1293506;4034729;500000;0;0;701528;0;0;1201528;5236257;
43573;890905032;2019-12-31;2019;MILES;24020288;7359868;63221508;77588667;172190331;37562146;696592;0;40561338;696592;79516668;251706999;212818;76753162;0;0;1492162;6471951;84930093;188805;0;12443816;0;10240206;22872827;107802920;913850;73845310;15409002;53735917;0;0;143904079;251706999;
43574;890905032;2019-12-31;2018;MILES;19638853;2674268;65505569;76399698;164218388;39953214;570088;914047;46965704;570088;88973141;253191529;233611;68513264;0;0;1057899;6090998;75895772;401622;0;16800490;0;9879429;27081541;102977313;913850;73845310;17348208;58106848;0;0;150214216;253191529;
43575;860503363;2019-12-31;2019;MILES;758088;2811;239774;0;1000673;4315011;0;13216270;3035074;0;20566355;21567028;91444;1483549;0;41222;122000;0;1738215;0;0;1138294;0;0;1138294;2876509;60000;0;30000;18600519;0;0;18690519;21567028;
43576;860503363;2019-12-31;2018;MILES;63737;74968;1070143;0;1208848;4158933;0;13216270;1231796;0;18606999;19815847;449354;2015414;0;54007;106471;0;2625246;0;0;1133812;0;0;1133812;3759058;60000;0;30000;15966789;0;0;16056789;19815847;
43577;900261925;2019-12-31;2019;MILES;2844481;380755;3107490;0;6332726;929963;0;21736332;26149859;0;48816154;55148880;9343300;55760;0;126023;59681;0;9584764;0;0;262947;0;0;262947;9847711;1050000;24408686;5657280;14185203;0;0;45301169;55148880;
43578;900261925;2019-12-31;2018;MILES;102478;606504;70284;0;779266;955007;0;21736332;16778554;0;39469893;40249159;3290950;93263;0;76504;103121;0;3563838;0;5771915;212494;0;0;5984409;9548247;650000;18973077;5657280;5420555;0;0;30700912;40249159;
43579;800199514;2019-12-31;2019;MILES;14419797;150891;1544015;0;16114703;16647579;281768;75718766;96563621;281768;189493502;205608205;18760809;159055;0;88424;158210;415907;19582405;993219;0;4053822;0;0;5047041;24629446;300071;8562677;115714427;41690696;0;14710888;180978759;205608205;
43580;800199514;2019-12-31;2018;MILES;7392231;94395;4431720;0;11918346;16689455;403655;67481749;84021055;403655;168999569;180917915;10724175;1496702;0;87639;937423;481964;13727903;6682068;0;2645504;0;0;9327572;23055475;300071;8562677;84731174;42922778;0;21345740;157862440;180917915;
43581;890919322;2019-12-31;2019;MILES;98138;3365200;102881;0;3566219;58721767;0;0;9037411;0;67759178;71325397;3039;36770;0;0;106627;178669;325105;0;17644524;4995827;626358;442262;23708971;24034076;2000;0;363167;46926154;0;0;47291321;71325397;
43582;890919322;2019-12-31;2018;MILES;669926;3054953;79452;0;3804331;58944764;0;0;9037401;0;67982165;71786496;3421;104762;0;0;165233;171290;444706;0;17499457;4987366;694735;391924;23573482;24018188;2000;0;363167;47403141;0;0;47768308;71786496;
43583;900481195;2019-12-31;2019;MILES;1965147;0;5000748;4449530;11415425;845512;0;0;42298724;0;43144236;54559661;15343295;3991778;12166;0;475434;0;19822673;1554833;0;0;0;24140814;25695647;45518320;2000000;3400000;0;3641341;0;0;9041341;54559661;
43584;900481195;2019-12-31;2018;MILES;1915513;0;7967077;1278423;11161013;917190;0;0;40369338;0;41286528;52447541;17485012;2339540;106176;0;285257;567516;20783501;6708332;0;0;0;17916162;24624494;45407995;2000000;3400000;0;1639546;0;0;7039546;52447541;
43585;800188715;2019-12-31;2019;MILES;44789;0;465176;7515028;8024993;0;0;0;2153776;0;2153776;10178769;0;339995;0;0;165246;607674;1112915;0;4350336;0;0;3327388;7677724;8790639;600000;0;104101;684029;0;0;1388130;10178769;
43586;800188715;2019-12-31;2018;MILES;118271;0;463255;8922954;9504480;0;0;0;2358211;0;2358211;11862691;2394894;234833;0;0;51395;726894;3408016;0;3755843;0;0;3360835;7116678;10524694;600000;0;98708;639289;0;0;1337997;11862691;
43587;900482962;2019-12-31;2019;MILES;4045;0;1166800;45197;1216042;0;0;0;0;0;0;1216042;120761;0;0;0;38336;0;159097;0;0;0;0;558860;558860;717957;330000;0;0;168085;0;0;498085;1216042;
43588;900482962;2019-12-31;2018;MILES;4045;0;1932911;45198;1982154;0;0;0;0;0;0;1982154;618213;0;0;0;29545;0;647758;0;0;0;0;842910;842910;1490668;330000;0;0;161486;0;0;491486;1982154;
43589;900508501;2019-12-31;2019;MILES;658945;140190;468963;875263;2143361;3045858;0;0;11313;0;3057171;5200532;0;585418;0;0;106299;0;691717;636729;1062538;0;0;0;1699267;2390984;900000;0;127901;1781647;0;0;2809548;5200532;
43590;900508501;2019-12-31;2018;MILES;166243;2232492;571280;0;2970015;3213587;0;0;7914;0;3221501;6191516;0;834493;0;0;70670;0;905163;771185;1995196;0;0;0;2766381;3671544;900000;0;108818;1511154;0;0;2519972;6191516;
43591;830511142;2019-12-31;2019;MILES;1964688;118243;209763;0;2292694;395809;0;8333013;448341;0;9177163;11469857;0;1268183;0;0;53682;0;1321865;0;0;180626;0;0;180626;1502491;400000;0;154090;7785689;0;1627587;9967366;11469857;
43592;830511142;2019-12-31;2018;MILES;830641;59107;130603;0;1020351;255027;0;8265748;455492;0;8976267;9996618;0;1093796;0;0;110361;0;1204157;0;0;292801;0;0;292801;1496958;400000;0;154090;6317983;0;1627587;8499660;9996618;
43593;890938441;2019-12-31;2019;MILES;33895;0;674289;0;708184;0;0;23605074;59960375;0;83565449;84273633;500000;2395854;0;0;59760;1632137;4587751;466973;0;1742208;0;0;2209181;6796932;275000;0;138215;40163023;0;36900463;77476701;84273633;
43594;890938441;2019-12-31;2018;MILES;15673;0;389087;0;404760;0;0;23644131;59013779;0;82657910;83062670;1002011;4295830;0;0;128101;439301;5865243;1000293;0;1714743;0;0;2715036;8580279;275000;0;138215;37168713;0;36900463;74482391;83062670;
43595;800251710;2019-12-31;2019;MILES;342308;17171535;6339999;1363706;25217548;20460435;0;0;10048058;0;30508493;55726041;10102638;9266139;0;826487;1653948;0;21849212;12101258;69922;388521;0;0;12559701;34408913;4536000;0;8009693;8595339;0;176096;21317128;55726041;
43596;800251710;2019-12-31;2018;MILES;58458;20422827;4696120;1120947;26298352;20803621;0;0;6381232;0;27184853;53483205;12260607;7082781;0;906893;1293696;0;21543977;12961494;229178;1514969;0;0;14705641;36249618;4536000;0;4698574;7822917;0;176096;17233587;53483205;
43597;860528410;2019-12-31;2019;MILES;2447178;291182;2574335;4699797;10012492;47760;0;0;634365;0;682125;10694617;0;542650;0;81612;493170;0;1117432;0;0;4110;0;0;4110;1121542;200000;4842022;3901353;629700;0;0;9573075;10694617;
43598;860528410;2019-12-31;2018;MILES;1653049;0;3130578;5701990;10485617;44192;0;0;628001;0;672193;11157810;0;1816746;0;70985;319323;5195;2212249;0;0;2186;0;0;2186;2214435;200000;4842022;3375973;525380;0;0;8943375;11157810;
43599;804003509;2019-12-31;2019;MILES;53571;0;2304164;0;2357735;7362781;0;0;7437161;0;14799942;17157677;139343;540278;0;106518;16881;0;803020;2070632;1796928;722054;0;670405;5260019;6063039;433636;1035997;3053291;6571714;0;0;11094638;17157677;
43600;804003509;2019-12-31;2018;MILES;47752;0;2878431;0;2926183;7388748;0;0;7012178;0;14400926;17327109;223060;725146;0;162204;17671;0;1128081;2095106;1595628;721880;0;363913;4776527;5904608;433636;1035997;3112737;6840131;0;0;11422501;17327109;
43601;860066155;2019-12-31;2019;MILES;9396209;0;3776130;0;13172339;1577645;0;43475198;29741710;0;74794553;87966892;0;1003863;0;0;205240;0;1209103;0;0;4342173;0;0;4342173;5551276;40000;0;39074932;43300684;0;0;82415616;87966892;
43602;860066155;2019-12-31;2018;MILES;7931174;0;5103867;0;13035041;1597442;0;43475198;29896323;0;74968963;88004004;0;2481947;0;0;234947;0;2716894;0;0;4248309;0;0;4248309;6965203;40000;0;39521414;41477387;0;0;81038801;88004004;
43603;900472232;2019-12-31;2019;MILES;0;6826108;2651085;0;9477193;1182885;0;0;8000;0;1190885;10668078;0;2964642;0;0;21014;0;2985656;0;0;21082;0;0;21082;3006738;5486000;0;0;109618;0;2065722;7661340;10668078;
43604;900472232;2019-12-31;2018;MILES;1096499;6103252;2115017;0;9314768;1206206;0;0;8000;0;1214206;10528974;0;2846773;0;0;53666;0;2900439;0;0;18450;0;0;18450;2918889;5486000;0;0;58363;0;2065722;7610085;10528974;
43605;900808504;2019-12-31;2019;MILES;0;0;8720;0;8720;0;0;0;41135346;0;41135346;41144066;0;40926;0;0;4;0;40930;0;0;0;0;0;0;40930;10000;29791613;0;2890725;0;8410798;41103136;41144066;
43606;900808504;2019-12-31;2018;MILES;0;0;9450;0;9450;0;0;0;40089791;0;40089791;40099241;0;17732;0;0;108;0;17840;0;0;0;0;0;0;17840;10000;29791613;0;1868990;0;8410798;40081401;40099241;
43607;900671438;2019-12-31;2019;MILES;522424;0;4771286;512094;5805804;305972;0;0;0;0;305972;6111776;1677301;117158;0;9508;64794;0;1868761;0;0;0;0;0;0;1868761;2500000;0;81877;1661138;0;0;4243015;6111776;
43608;900671438;2019-12-31;2018;MILES;236734;1315;1590429;0;1828478;654696;0;0;0;0;654696;2483174;613587;0;0;8766;16798;25249;664400;0;0;0;0;0;0;664400;1000000;0;0;818774;0;0;1818774;2483174;
43609;900437004;2019-12-31;2019;MILES;164362;401131;11844196;0;12409689;410373;0;0;5445;0;415818;12825507;11976;3561910;0;138910;410241;0;4123037;5460316;0;0;0;0;5460316;9583353;1156000;0;286019;1800135;0;0;3242154;12825507;
43610;900437004;2019-12-31;2018;MILES;303819;135970;9917955;0;10357744;506628;0;0;0;0;506628;10864372;1715027;2458076;0;130769;1148582;0;5452454;2273988;0;0;0;0;2273988;7726442;998000;0;251499;1888431;0;0;3137930;10864372;
43611;800021595;2019-12-31;2019;MILES;1551;12317;30140;0;44008;0;0;2195249;34150649;0;36345898;36389906;0;0;0;0;165;0;165;0;0;3177980;0;10347165;13525145;13525310;165000;7835000;82497;14782099;0;0;22864596;36389906;
43612;800021595;2019-12-31;2018;MILES;1551;26326;342805;0;370682;0;0;2406255;25466881;0;27873136;28243818;0;0;0;0;45775;0;45775;0;0;3177980;0;7405273;10583253;10629028;165000;7835000;82497;9532293;0;0;17614790;28243818;
43613;830146811;2019-12-31;2019;MILES;1023440;0;2207884;80357;3311681;2320322;0;0;1732;0;2322054;5633735;375467;2391395;0;0;0;0;2766862;1540163;0;0;0;0;1540163;4307025;700000;0;350000;276710;0;0;1326710;5633735;
43614;830146811;2019-12-31;2018;MILES;27640;0;4035126;865873;4928639;577603;0;0;1732;0;579335;5507974;1168714;2748021;0;0;0;0;3916735;0;0;0;0;0;0;3916735;700000;0;350000;541239;0;0;1591239;5507974;
43615;811007707;2019-12-31;2019;MILES;1419190;344834;1919795;3512645;7196464;3621812;70670;0;1201147;70670;4964299;12160763;624846;1516301;0;0;717889;314869;3173905;2189056;0;75257;0;571429;2835742;6009647;1210000;0;464162;4270270;0;206684;6151116;12160763;
43616;811007707;2019-12-31;2018;MILES;1450139;132146;2220164;3537757;7340206;3549830;0;0;1215424;0;4765254;12105460;398826;1351925;0;0;535531;185868;2472150;3088980;0;90198;0;571429;3750607;6222757;1210000;0;464162;4008263;0;200278;5882703;12105460;
43617;817000809;2019-12-31;2019;MILES;3004285;1088135;3246881;1701708;9041009;8928243;266739;27638296;3748073;266739;40848090;49889099;493541;2578919;0;665030;636562;68815;4442867;3519705;0;3476579;0;0;6996284;11439151;3680302;0;717158;34052488;0;0;38449948;49889099;
43618;817000809;2019-12-31;2018;MILES;839700;1097524;3895934;1860730;7693888;15268116;3568509;20605926;-1125174;3568509;41885886;49579774;882638;2340614;0;600382;660113;69512;4553259;1867069;0;3411116;0;0;5278185;9831444;3680302;0;717158;35350870;0;0;39748330;49579774;
43619;814001131;2019-12-31;2019;MILES;162046;1567293;39206505;16622589;57558433;1340321;0;17646816;25778402;0;44765539;102323972;38960762;0;0;0;0;0;38960762;0;0;1469291;0;27499812;28969103;67929865;10000000;0;72091;14894589;0;9427427;34394107;102323972;
43620;814001131;2019-12-31;2018;MILES;191461;1765448;39171729;12996708;54125346;1344905;0;17622318;27134999;0;46102222;100227568;39619448;0;0;0;0;0;39619448;0;0;1469291;0;23293203;24762494;64381942;10000000;0;72091;16346108;0;9427427;35845626;100227568;
43621;900269271;2019-12-31;2019;MILES;1226150;1545722;111841;240827;3124540;493554;0;0;24437;0;517991;3642531;0;194380;0;0;12945;3946;211271;0;0;0;0;2266414;2266414;2477685;400000;0;56092;708754;0;0;1164846;3642531;
43622;900269271;2019-12-31;2018;MILES;172512;359456;50454;383557;965979;224004;0;0;394404;0;618408;1584387;0;41602;0;0;14208;6041;61851;124837;0;0;0;467864;592701;654552;400000;0;30671;499164;0;0;929835;1584387;
43623;860009250;2019-12-31;2019;MILES;809405;0;22458025;0;23267430;1206089;0;0;0;0;1206089;24473519;218809;10167834;0;0;0;0;10386643;0;0;0;0;0;0;10386643;425000;0;761150;12900726;0;0;14086876;24473519;
43624;860009250;2019-12-31;2018;MILES;955480;16644795;2544851;0;20145126;1224561;0;0;0;0;1224561;21369687;0;6104371;699712;114483;2349229;0;9267795;0;0;0;0;0;0;9267795;425000;0;761150;10915742;0;0;12101892;21369687;
43625;901140210;2019-12-31;2019;MILES;0;334;7463512;0;7463846;0;0;0;10684682;0;10684682;18148528;0;0;0;0;11170;0;11170;0;0;0;0;0;0;11170;81000;8679464;0;9376894;0;0;18137358;18148528;
43626;901140210;2019-12-31;2018;MILES;0;0;3329163;0;3329163;0;0;0;10190169;0;10190169;13519332;0;0;0;0;39618;0;39618;0;0;0;0;0;0;39618;81000;8679464;0;4719250;0;0;13479714;13519332;
43627;900139110;2019-12-31;2019;MILES;7816582;2153382;13287912;0;23257876;2951460;0;0;563865;0;3515325;26773201;1901;620614;0;818899;1714199;1405213;4560826;0;8980054;156918;0;0;9136972;13697798;430000;2895040;215000;9535363;0;0;13075403;26773201;
43628;900139110;2019-12-31;2018;MILES;9384446;1996454;7372067;0;18752967;1020679;0;0;299881;0;1320560;20073527;370257;521723;0;752226;1937782;314048;3896036;0;5395964;156918;0;0;5552882;9448918;430000;2895040;215000;7084569;0;0;10624609;20073527;
43629;891400005;2019-12-31;2019;MILES;873362;0;3198443;7015586;11087391;7283489;6404696;0;48132262;6404696;68225143;79312534;5218931;2021183;0;89716;0;0;7329830;11210255;1750805;297178;0;0;13258238;20588068;12730080;0;8021056;-7313339;0;45286669;58724466;79312534;
43630;891400005;2019-12-31;2018;MILES;1114239;0;3121066;7294277;11529582;7350241;10011333;0;42557316;10011333;69930223;81459805;8517089;1025746;0;81028;450857;0;10074720;13673027;1125616;216466;0;0;15015109;25089829;12730080;0;8021056;-8927659;0;44546499;56369976;81459805;
43631;860067950;2019-12-31;2019;MILES;37963;0;0;0;37963;0;573119;0;4888481;573119;6034719;6072682;0;0;0;0;3841;0;3841;0;6541;0;0;0;6541;10382;535;2929457;1350855;1781453;0;0;6062300;6072682;
43632;860067950;2019-12-31;2018;MILES;93956;0;0;0;93956;0;531513;0;4943266;531513;6006292;6100248;0;8;0;0;1002;0;1010;0;6541;0;0;0;6541;7551;535;2929457;1350855;1811850;0;0;6092697;6100248;
43633;860034784;2019-12-31;2019;MILES;1926550;0;915060;0;2841610;7977420;0;8239351;42971025;0;59187796;62029406;0;4826736;0;9408;155941;0;4992085;0;0;1292525;0;0;1292525;6284610;30000;0;38371489;17343307;0;0;55744796;62029406;
43634;860034784;2019-12-31;2018;MILES;3694768;0;236967;0;3931735;8059376;0;8239351;40104016;0;56402743;60334478;0;5009169;0;8104;239340;0;5256613;0;0;1098240;0;0;1098240;6354853;30000;0;38350383;15599242;0;0;53979625;60334478;
43635;830007555;2019-12-31;2019;MILES;82549;200;466938;0;549687;5443518;0;0;29481;0;5472999;6022686;23837;277548;462;0;17495;0;319342;197726;2524030;216792;0;0;2938548;3257890;450000;0;97686;2217110;0;0;2764796;6022686;
43636;830007555;2019-12-31;2018;MILES;94798;162596;484934;0;742328;4896182;0;0;71021;0;4967203;5709531;21875;67815;0;0;15032;0;104722;221563;2469341;189768;0;0;2880672;2985394;450000;0;92040;2182097;0;0;2724137;5709531;
43637;890210612;2019-12-31;2019;MILES;448314;136670;1163600;537828;2286412;173711;0;0;2111695;0;2285406;4571818;58800;180359;0;0;102942;5395;347496;917356;368652;0;0;3830;1289838;1637334;985000;0;24634;1722367;0;202483;2934484;4571818;
43638;890210612;2019-12-31;2018;MILES;140779;120376;2023411;537828;2822394;190360;0;0;2446952;0;2637312;5459706;4548;233614;0;0;23756;4775;266693;1036751;1331791;0;0;114251;2482793;2749486;985000;0;24634;1498103;0;202483;2710220;5459706;
43639;900482387;2019-12-31;2019;MILES;1197408;180913;2050372;0;3428693;13008;0;0;86954;0;99962;3528655;0;1168469;0;123284;331217;82224;1705194;0;0;63303;0;0;63303;1768497;7655;0;0;1752503;0;0;1760158;3528655;
43640;900482387;2019-12-31;2018;MILES;2202957;91622;1504673;0;3799252;37457;0;0;66925;0;104382;3903634;0;798986;0;94415;120900;80170;1094471;0;0;0;0;0;0;1094471;7655;0;0;2801508;0;0;2809163;3903634;
43641;860523814;2019-12-31;2019;MILES;543038;51003;2651826;0;3245867;446385;0;0;19657116;0;20103501;23349368;0;583960;0;0;69555;0;653515;0;0;0;0;0;0;653515;277796;0;218898;21102920;0;1096239;22695853;23349368;
43642;860523814;2019-12-31;2018;MILES;945237;46777;1139177;0;2131191;474271;0;0;16373233;0;16847504;18978695;0;448092;0;0;65300;85512;598904;0;0;0;0;383682;383682;982586;277796;0;218898;16403176;0;1096239;17996109;18978695;
43643;900420110;2019-12-31;2019;MILES;124518;9871;566015;4988390;5688794;468268;153945;0;4837936;153945;5614094;11302888;0;90392;0;34578;17986;0;142956;10202985;0;188894;0;335340;10727219;10870175;200000;0;0;232713;0;0;432713;11302888;
43644;900420110;2019-12-31;2018;MILES;563296;21527;754661;1529010;2868494;472896;308721;0;4511880;308721;5602218;8470712;0;123891;0;26034;70974;0;220899;7506058;0;119451;0;63;7625572;7846471;200000;0;0;424241;0;0;624241;8470712;
43645;830046588;2019-12-31;2019;MILES;184859;138563;5168808;1255187;6747417;2003855;0;0;52857;0;2056712;8804129;0;105482;0;28587;480;0;134549;0;6980141;0;10116;267881;7258138;7392687;2480000;0;764771;-2194560;0;361231;1411442;8804129;
43646;830046588;2019-12-31;2018;MILES;82970;129213;5354117;1255187;6821487;2091519;0;0;63311;0;2154830;8976317;0;84997;0;28587;0;0;113584;0;6980141;0;10116;262333;7252590;7366174;2480000;0;764771;-1995662;0;361034;1610143;8976317;
43647;823000097;2019-12-31;2019;MILES;2066874;4391976;22116778;8768890;37344518;68226;0;0;2019210;0;2087436;39431954;1116666;16633039;0;311138;1510673;162421;19733937;2047106;806782;16081;0;0;2869969;22603906;700000;0;657201;15294876;0;175971;16828048;39431954;
43648;823000097;2019-12-31;2018;MILES;2071183;4072243;17863088;6042490;30049004;108724;0;0;2048919;0;2157643;32206647;1408093;14127943;0;245381;1377261;43785;17202463;0;598941;50541;0;0;649482;17851945;700000;0;657201;12821530;0;175971;14354702;32206647;
43649;900420537;2019-12-31;2019;MILES;1749;1254354;3908732;3892688;9057523;2031876;0;0;0;0;2031876;11089399;49000;1089374;0;0;55372;1156329;2350075;0;1138039;0;0;0;1138039;3488114;3000000;0;351426;4249859;0;0;7601285;11089399;
43650;900420537;2019-12-31;2018;MILES;46668;1057354;2713305;4644500;8461827;2310576;0;0;0;0;2310576;10772403;0;1345198;0;0;29133;464252;1838583;0;1182606;0;0;907407;2090013;3928596;3000000;0;293914;3549893;0;0;6843807;10772403;
43651;811015602;2019-12-31;2019;MILES;2369922;89361;3862695;423493;6745471;30565099;0;0;277344;0;30842443;37587914;5703086;2650462;0;1350826;158488;1119750;10982612;7882931;0;1204671;0;0;9087602;20070214;2806460;35937;7795727;6887446;0;-7870;17517700;37587914;
43652;811015602;2019-12-31;2018;MILES;1377374;60288;3021611;410244;4869517;25977885;0;0;323465;0;26301350;31170867;3383331;2948757;0;1296220;568009;976721;9173038;6359108;0;1298270;0;0;7657378;16830416;2806460;35937;3884941;7620983;0;-7870;14340451;31170867;
43653;830013490;2019-12-31;2019;MILES;3663507;1472665;165901;14220;5316293;11102874;10141355;47614909;11562292;10141355;90562785;95879078;33085;3066043;0;19374;100713;0;3219215;0;22900229;5552397;0;7271;28459897;31679112;4055000;0;338456;59806510;0;0;64199966;95879078;
43654;830013490;2019-12-31;2018;MILES;5428814;1362998;1610746;4590;8407148;11206024;9909180;48923941;11455533;9909180;91403858;99811006;255568;2854771;0;21094;147934;0;3279367;20368;25683537;5624486;0;38582;31366973;34646340;4055000;0;338456;60771210;0;0;65164666;99811006;
43655;900065373;2019-12-31;2019;MILES;31657;38029;964093;0;1033779;89167;3905652;6378421;90975946;3905652;105254838;106288617;0;30359;0;0;37740;27568;95667;0;0;254511;0;0;254511;350178;50000;16623419;1308865;87956155;0;0;105938439;106288617;
43656;900065373;2019-12-31;2018;MILES;117747;14453;422446;0;554646;99167;2855741;6592419;92025857;2855741;104428925;104983571;0;30478;0;0;69139;24497;124114;0;0;116031;0;0;116031;240145;50000;16623419;1308865;86761142;0;0;104743426;104983571;
43657;812000010;2019-12-31;2019;MILES;101133;0;938382;976086;2015601;6626599;96121;0;91391;96121;6910232;8925833;458336;1370366;0;195793;171207;182099;2377801;2858829;0;185644;0;0;3044473;5422274;2822595;0;123064;11889;0;546011;3503559;8925833;
43658;812000010;2019-12-31;2018;MILES;87849;0;870623;850492;1808964;6781276;112281;0;182406;112281;7188244;8997208;608065;1475012;0;230646;126440;204404;2644567;2957928;0;185644;0;0;3143572;5788139;2600413;0;108903;-46258;0;546011;3209069;8997208;
43659;900555609;2019-12-31;2019;MILES;9340;6543;463;27215;43561;608036;0;0;30000;0;638036;681597;0;487950;0;0;83786;0;571736;554535;0;0;0;0;554535;1126271;50000;0;0;-719684;0;225010;-444674;681597;
43660;900555609;2019-12-31;2018;MILES;8946;7913;75527;362251;454637;608036;0;0;30000;0;638036;1092673;0;423730;0;2511;91520;0;517761;640728;0;0;0;0;640728;1158489;50000;0;0;-340826;0;225010;-65816;1092673;
43661;900770681;2019-12-31;2019;MILES;8016064;57682;5632406;0;13706152;1093109;0;0;34463959;0;35557068;49263220;10000000;978113;0;0;449117;0;11427230;0;0;0;0;0;0;11427230;240001;1266290;98731;36230968;0;0;37835990;49263220;
43662;900770681;2019-12-31;2018;MILES;136476;55880;1900120;0;2092476;0;0;0;40373439;0;40373439;42465915;0;1058146;0;0;209226;0;1267372;0;0;0;0;0;0;1267372;240001;1266290;5507;39686745;0;0;41198543;42465915;
43663;890201881;2019-12-31;2019;MILES;3190780;87879996;20443753;141036950;252551479;263750994;0;0;71862893;0;335613887;588165366;79037898;133968960;33953;11903297;144660;0;225088768;31385830;0;7468653;0;0;38854483;263943251;11396761;70197063;139250633;100620490;0;2757168;324222115;588165366;
43664;890201881;2019-12-31;2018;MILES;8005963;67876560;20441659;99977416;196301598;240306099;0;0;64497820;0;304803919;501105517;74581908;106637359;27932;10797292;118025;0;192162516;15722396;0;8088824;0;0;23811220;215973736;10499546;45691347;135238690;90945030;0;2757168;285131781;501105517;
43665;900234823;2019-12-31;2019;MILES;575957;85305;1770429;0;2431691;16506216;0;0;603527;0;17109743;19541434;147;164949;0;3538;4589;1650000;1823223;0;0;45561;0;0;45561;1868784;5805102;5724207;884147;5259194;0;0;17672650;19541434;
43666;900234823;2019-12-31;2018;MILES;1326997;699323;6388303;0;8414623;14026279;0;0;1538820;0;15565099;23979722;304599;1055;0;21002;8633;4009311;4344600;0;0;128907;0;0;128907;4473507;5805102;5724207;884147;7092759;0;0;19506215;23979722;
43667;811036964;2019-12-31;2019;MILES;1056652;7938709;436601;0;9431962;63886;3481518;2517818;89024810;3481518;98569550;108001512;0;35000;0;0;48030;1132;84162;0;0;351223;0;0;351223;435385;50000;16476544;1790806;89248777;0;0;107566127;108001512;
43668;811036964;2019-12-31;2018;MILES;1220208;6856656;399969;0;8476833;72718;3508196;2526040;88998132;3508196;98613282;107090115;0;0;0;0;54168;1620;55788;0;0;345890;0;0;345890;401678;50000;16476544;1790806;88371087;0;0;106688437;107090115;
43669;830110734;2019-12-31;2019;MILES;15538814;6706589;8234236;249213;30728852;6736025;0;7930700;20120070;0;34786795;65515647;0;5454062;0;885219;3937336;3430714;13707331;0;0;3209232;11425460;2925674;17560366;31267697;2650000;0;1325000;21096860;0;9176090;34247950;65515647;
43670;830110734;2019-12-31;2018;MILES;7023614;4326712;5686742;295973;17333041;6561965;0;6597933;22744358;0;35904256;53237297;0;4638389;0;498014;1510024;2044919;8691346;0;0;1433433;13497292;2784513;17715238;26406584;2650000;0;1325000;15250320;0;7605393;26830713;53237297;
43671;804003310;2019-12-31;2019;MILES;123686;0;3286680;85437;3495803;6715743;0;0;892450;0;7608193;11103996;0;324760;0;89795;346376;5714;766645;1515159;3598078;278965;0;0;5392202;6158847;689713;0;288466;-67451;0;4034421;4945149;11103996;
43672;804003310;2019-12-31;2018;MILES;337573;0;3010531;103723;3451827;6947472;0;0;892450;0;7839922;11291749;0;213084;0;106660;150990;103302;574036;1719673;3630371;278965;0;0;5629009;6203045;689713;0;288466;-2444;0;4112969;5088704;11291749;
43673;900105740;2019-12-31;2019;MILES;54144;0;246208;0;300352;1019683;4571933;0;4958097;4571933;15121646;15421998;0;787638;0;0;106972;0;894610;0;7539296;0;121922;827450;8488668;9383278;900000;0;917684;-2576374;0;6797410;6038720;15421998;
43674;900105740;2019-12-31;2018;MILES;50747;0;287847;0;338594;1296457;4295369;0;4981483;4295369;14868678;15207272;0;743327;0;34748;103602;0;881677;0;7691418;0;121922;827450;8640790;9522467;900000;0;917684;-2930289;0;6797410;5684805;15207272;
43675;900329512;2019-12-31;2019;MILES;114251;0;314280;0;428531;146458;0;18140277;9020069;0;27306804;27735335;0;1307189;0;0;70011;0;1377200;0;283386;11090;0;0;294476;1671676;10350000;0;1184933;14528726;0;0;26063659;27735335;
43676;900329512;2019-12-31;2018;MILES;115300;0;595275;0;710575;149602;0;18140277;9019811;0;27309690;28020265;0;970963;0;0;96686;0;1067649;0;21230;26289;0;20035;67554;1135203;10350000;0;1076097;15458965;0;0;26885062;28020265;
43677;900329508;2019-12-31;2019;MILES;225351;17908;3996485;0;4239744;0;0;0;11674224;0;11674224;15913968;0;2082;0;0;25424;0;27506;0;25000;0;0;0;25000;52506;11865000;2430000;361941;1204521;0;0;15861462;15913968;
43678;900329508;2019-12-31;2018;MILES;1957190;16889;3023658;0;4997737;0;0;0;11662654;0;11662654;16660391;0;95939;0;0;50967;0;146906;0;14269;0;0;161;14430;161336;11865000;2430000;208927;1995128;0;0;16499055;16660391;
43679;890939650;2019-12-31;2019;MILES;196;315877;196790;0;512863;0;0;18421852;1827775;0;20249627;20762490;19635;29782;0;2003;54373;34297;140090;0;2212041;1478628;0;0;3690669;3830759;1001000;1400;-31745;15961076;0;0;16931731;20762490;
43680;890939650;2019-12-31;2018;MILES;88106;954242;273096;0;1315444;0;0;18288531;0;0;18288531;19603975;0;132006;0;1889;54643;23151;211689;0;1149398;1481356;0;0;2630754;2842443;1000000;0;29247;15732285;0;0;16761532;19603975;
43681;860067948;2019-12-31;2019;MILES;37489;0;18535;0;56024;93058;691810;0;4639553;691810;6116231;6172255;8;0;0;0;13445;0;13453;0;404560;0;0;0;404560;418013;535;2952919;1058874;1741914;0;0;5754242;6172255;
43682;860067948;2019-12-31;2018;MILES;33615;0;19134;0;52749;108570;660680;0;4683856;660680;6113786;6166535;8;0;0;0;11000;0;11008;0;349656;0;0;0;349656;360664;535;2952919;1058874;1793543;0;0;5805871;6166535;
43683;900291461;2019-12-31;2019;MILES;234752;50969;467709;315439;1068869;3271650;0;0;83324;0;3354974;4423843;0;531241;0;49419;0;15156;595816;929500;0;0;0;0;929500;1525316;600000;0;247790;2050737;0;0;2898527;4423843;
43684;900291461;2019-12-31;2018;MILES;296996;29624;312680;444639;1083939;2186937;0;0;820203;0;3007140;4091079;0;564522;0;45420;1610;20668;632220;355867;0;72412;0;0;428279;1060499;600000;0;196653;1453288;0;780639;3030580;4091079;
43685;900311842;2019-12-31;2019;MILES;920352;277020;13378384;3553786;18129542;94886919;0;0;3426777;0;98313696;116443238;16703;6457309;0;3018232;1696211;0;11188455;79999;0;0;0;67157433;67237432;78425887;30473263;0;0;-45459226;0;53003314;38017351;116443238;
43686;900311842;2019-12-31;2018;MILES;1273698;217158;11595006;1120927;14206789;86861175;0;0;3816029;0;90677204;104883993;4789;5887331;0;2057374;595546;0;8545040;79999;0;0;0;67157433;67237432;75782472;24186120;0;0;-40095913;0;45011314;29101521;104883993;
43687;800017936;2019-12-31;2019;MILES;5944;271765;18355095;0;18632804;0;0;0;138277208;0;138277208;156910012;0;14466;0;0;7685;0;22151;0;0;0;0;0;0;22151;8000000;0;73450205;16045695;0;59391961;156887861;156910012;
43688;800017936;2019-12-31;2018;MILES;4444;173831;19298577;0;19476852;0;0;0;132041101;0;132041101;151517953;0;10461;0;0;129008;0;139469;0;0;0;0;0;0;139469;8000000;0;72037634;12915516;0;58425334;151378484;151517953;
43689;800024075;2019-12-31;2019;MILES;3006421;3313274;10835400;0;17155095;4535047;0;0;4153625;0;8688672;25843767;451360;13688352;0;1870097;638898;0;16648707;0;0;953190;0;0;953190;17601897;250010;0;125005;7866855;0;0;8241870;25843767;
43690;800024075;2019-12-31;2018;MILES;1331785;3126549;11898540;0;16356874;4479376;0;0;4024198;0;8503574;24860448;164094;16280250;0;1757725;580303;0;18782372;0;0;906653;0;0;906653;19689025;250010;0;125005;4796408;0;0;5171423;24860448;
43691;890206613;2019-12-31;2019;MILES;0;25831;274233;0;300064;0;0;2518406;12525764;0;15044170;15344234;0;867118;0;0;72744;0;939862;0;0;191061;0;127701;318762;1258624;200400;10199034;1679280;1747723;0;259173;14085610;15344234;
43692;890206613;2019-12-31;2018;MILES;0;14549;235735;0;250284;0;0;2518406;12203056;0;14721462;14971746;0;492861;0;0;43491;0;536352;0;0;191062;0;124992;316054;852406;200400;10199034;1679280;1781453;0;259173;14119340;14971746;
43693;800017934;2019-12-31;2019;MILES;10933;42015;5231339;0;5284287;0;0;0;33159748;0;33159748;38444035;0;17457;0;0;1;0;17458;0;0;0;0;0;0;17458;1920000;0;18301085;3959137;0;14246355;38426577;38444035;
43694;800017934;2019-12-31;2018;MILES;7389;1999;5402268;0;5411656;0;0;0;31661946;0;31661946;37073602;0;28534;0;0;45116;0;73650;0;0;0;0;0;0;73650;1920000;0;17903114;3162346;0;14014492;36999952;37073602;
43695;900151906;2019-12-31;2019;MILES;18115913;0;57378689;0;75494602;0;0;91167727;50175082;0;141342809;216837411;0;62909553;0;331;11540;0;62921424;10678904;0;0;0;0;10678904;73600328;24030170;0;10646621;94390292;0;14170000;143237083;216837411;
43696;900151906;2019-12-31;2018;MILES;15631283;1115;70290189;0;85922587;0;0;65943931;71449295;0;137393226;223315813;0;71764721;0;0;223345;0;71988066;12181852;0;0;0;0;12181852;84169918;24030170;0;8742915;92202810;0;14170000;139145895;223315813;
43697;830079234;2019-12-31;2019;MILES;928331;403394;15993554;1989400;19314679;10894087;953766;5412380;549878;953766;18763877;38078556;4298398;4420260;0;227415;398429;0;9344502;2258655;3240228;1209526;0;174385;6882794;16227296;3690978;8513141;113220;9533921;0;0;21851260;38078556;
43698;830079234;2019-12-31;2018;MILES;452419;911;14506491;1882173;16841994;10516953;952060;5412380;1490596;952060;19324049;36166043;2254452;7262593;0;204693;1019737;0;10741475;549239;618515;1180448;0;470677;2818879;13560354;3690978;8513141;113220;10288350;0;0;22605689;36166043;
43699;900796705;2019-12-31;2019;MILES;513836;7380;94106;0;615322;0;0;2498578;5668838;0;8167416;8782738;85276;7356;0;0;7498;0;100130;0;882612;0;0;0;882612;982742;1324999;144200;341787;5989010;0;0;7799996;8782738;
43700;900796705;2019-12-31;2018;MILES;762340;0;0;0;762340;0;0;2146027;5312017;0;7458044;8220384;0;240654;0;0;19279;0;259933;0;454105;0;0;0;454105;714038;1324999;0;244908;5936439;0;0;7506346;8220384;
43701;800017935;2019-12-31;2019;MILES;3890;808899;18898230;0;19711019;0;0;0;138277208;0;138277208;157988227;0;15747;0;0;8272;0;24019;0;528564;0;0;0;528564;552583;8000000;0;73925605;16118081;0;59391958;157435644;157988227;
43702;800017935;2019-12-31;2018;MILES;8333;677459;19761756;0;20447548;0;0;0;132041117;0;132041117;152488665;0;11360;0;0;133256;0;144616;0;503629;0;0;0;503629;648245;8000000;0;72533027;12882062;0;58425331;151840420;152488665;
43703;900087602;2019-12-31;2019;MILES;67589;57521;248630;0;373740;4656778;0;0;13295825;0;17952603;18326343;750000;1880016;0;0;3609;0;2633625;3355115;0;0;0;0;3355115;5988740;2965000;0;2720;3641683;0;5728200;12337603;18326343;
43704;900087602;2019-12-31;2018;MILES;6363;454;1706157;0;1712974;4716024;0;0;11863178;0;16579202;18292176;750000;2691170;0;0;419173;0;3860343;4106063;0;0;0;0;4106063;7966406;2965000;0;2720;1629850;0;5728200;10325770;18292176;
43705;900511117;2019-12-31;2019;MILES;919781;51383;994585;0;1965749;0;0;15158310;7406175;0;22564485;24530234;214285;817015;0;0;40869;0;1072169;982143;7424367;52191;0;215356;8674057;9746226;11300000;0;256162;3227846;0;0;14784008;24530234;
43706;900511117;2019-12-31;2018;MILES;704282;0;3166907;0;3871189;0;0;15650310;6508490;0;22158800;26029989;214285;744980;0;0;68347;0;1027612;1196430;8677683;108378;0;29240;10011731;11039343;11300000;0;94465;3596181;0;0;14990646;26029989;
43707;830140722;2019-12-31;2019;MILES;144007;12042;2124390;0;2280439;0;0;12542598;14309390;0;26851988;29132427;0;353307;0;0;61233;0;414540;0;0;3534;0;0;3534;418074;15450000;0;2476336;10788017;0;0;28714353;29132427;
43708;830140722;2019-12-31;2018;MILES;213246;37696;3473080;0;3724022;0;0;12542598;14346272;0;26888870;30612892;0;843086;0;0;103014;0;946100;0;0;0;0;0;0;946100;15450000;0;2365555;11851237;0;0;29666792;30612892;
43709;860511496;2019-12-31;2019;MILES;24061;25446;419418;0;468925;0;0;14421397;679341;0;15100738;15569663;0;107833;0;0;14171;0;122004;0;0;2214336;0;0;2214336;2336340;32873;1550008;7181;11643261;0;0;13233323;15569663;
43710;860511496;2019-12-31;2018;MILES;23836;11089;505866;0;540791;0;0;14488873;664024;0;15152897;15693688;0;181559;0;0;20254;0;201813;0;0;2236604;0;0;2236604;2438417;32873;1550008;7181;11665209;0;0;13255271;15693688;
43711;900566468;2019-12-31;2019;MILES;2238;3661;339000;0;344899;0;0;0;3900486;0;3900486;4245385;25761;6991;0;0;0;0;32752;0;0;0;0;0;0;32752;323500;3888181;0;952;0;0;4212633;4245385;
43712;900566468;2019-12-31;2018;MILES;2238;3075;339000;0;344313;0;0;0;3881722;0;3881722;4226035;4284;1684;0;0;7434;0;13402;0;0;0;0;0;0;13402;323500;3888181;0;952;0;0;4212633;4226035;
43713;860004625;2019-12-31;2019;MILES;954351;183565;543819;7435870;9117605;1417812;910237;7480280;8253711;910237;18972277;28089882;0;1913778;0;41938;74676;1757017;3787409;0;8129792;772947;0;929540;9832279;13619688;641817;0;2775346;11053031;0;0;14470194;28089882;
43714;860004625;2019-12-31;2018;MILES;224303;200904;586554;7839246;8851007;1310259;4036713;6321435;4801778;4036713;20506898;29357905;0;884883;0;54394;120411;3719142;4778830;0;9786889;98424;0;0;9885313;14664143;641817;0;2775346;11276599;0;0;14693762;29357905;
43715;900436549;2019-12-31;2019;MILES;253249;61279;80172;0;394700;1742887;2129600;192679;34270646;2129600;40465412;40860112;0;27162;0;0;18194;0;45356;0;2929733;153534;0;0;3083267;3128623;3302003;0;14484590;19944896;0;0;37731489;40860112;
43716;900436549;2019-12-31;2018;MILES;98360;0;80000;0;178360;1887043;3082654;0;31784777;3082654;39837128;40015488;0;291;0;0;26359;0;26650;0;2895858;121217;0;0;3017075;3043725;3302003;0;13871473;19798287;0;0;36971763;40015488;
43717;800045311;2019-12-31;2019;MILES;4072639;0;6912255;2114305;13099199;93289;0;3111797;2174894;0;5379980;18479179;0;1321671;0;0;132920;64449;1519040;0;12035537;161485;0;0;12197022;13716062;1410000;0;1911428;-292700;0;1734389;4763117;18479179;
43718;800045311;2019-12-31;2018;MILES;2069172;0;6192000;2437740;10698912;77588;0;1642756;2827111;0;4547455;15246367;0;1412255;0;0;84565;59116;1555936;0;12035537;0;0;0;12035537;13591473;1410000;0;1787516;-3277011;0;1734389;1654894;15246367;
43719;900447782;2019-12-31;2019;MILES;32394;548637;1547371;0;2128402;0;11593243;179527760;-781720;11593243;201932526;204060928;7296399;361372;0;0;411038;203213;8272022;71664470;37927772;8125644;0;0;117717886;125989908;12250;59326053;20694439;-1961722;0;0;78071020;204060928;
43720;900447782;2019-12-31;2018;MILES;655722;2354157;1262339;0;4272218;0;11026140;153735239;-285577;11026140;175501942;179774160;6474227;1165977;0;0;825059;4000;8469263;59464818;38070155;4783714;0;0;102318687;110787950;11250;47330413;20694439;950108;0;0;68986210;179774160;
43721;811012321;2019-12-31;2019;MILES;605202;367061;1612425;3512424;6097112;21254157;0;2727093;590627;0;24571877;30668989;0;1719001;0;168574;336892;686233;2910700;4797976;0;1673190;0;0;6471166;9381866;2000000;0;173542;19113581;0;0;21287123;30668989;
43722;811012321;2019-12-31;2018;MILES;324443;740093;2518600;3006574;6589710;21538588;0;2727093;104911;0;24370592;30960302;0;1274574;0;158565;650624;547712;2631475;5387261;0;1673190;0;0;7060451;9691926;2000000;0;173542;19094834;0;0;21268376;30960302;
43723;900321419;2019-12-31;2019;MILES;2033882;0;8050476;11835004;21919362;1528877;3955330;0;-1574510;3955330;7865027;29784389;2215584;13403098;0;297500;929092;14059;16859333;2489111;0;0;0;405026;2894137;19753470;4295000;0;1285365;4074653;0;375901;10030919;29784389;
43724;900321419;2019-12-31;2018;MILES;1640746;0;6223938;11910225;19774909;1578812;5164332;0;-2797022;5164332;9110454;28885363;3887546;8744785;0;267428;1253504;127159;14280422;725695;0;0;0;460205;1185900;15466322;4295000;0;1264243;7483897;0;375901;13419041;28885363;
43725;900260267;2019-12-31;2019;MILES;10819796;11397477;28163774;0;50381047;4325196;12509560;8022578;-6698574;12509560;30668320;81049367;12165527;327388;0;0;0;70185;12563100;10068208;4485526;295885;0;0;14849619;27412719;500000;0;0;53189548;0;-52900;53636648;81049367;
43726;900260267;2019-12-31;2018;MILES;8032802;7231864;6237605;64197;21566468;4473545;27939940;8102946;-18634428;27939940;49821943;71388411;23439265;337941;0;0;0;38696;23815902;2646981;2122488;201852;0;0;4971321;28787223;500000;0;0;42154088;0;-52900;42601188;71388411;
43727;900225474;2019-12-31;2019;MILES;388766;5158214;7668239;3929553;17144772;29676826;0;0;40813;0;29717639;46862411;4512643;8760970;0;174963;1109596;0;14558172;10361969;2612618;769229;0;0;13743816;28301988;7500000;0;853500;3283863;0;6923060;18560423;46862411;
43728;900225474;2019-12-31;2018;MILES;240914;4853462;6363907;3735975;15194258;26501655;0;0;138744;0;26640399;41834657;2825558;5831988;0;201890;998852;0;9858288;9821249;4263345;769229;0;0;14853823;24712111;7500000;0;696487;2002999;0;6923060;17122546;41834657;
43729;826000089;2019-12-31;2019;MILES;569934;2008232;4387076;1018298;7983540;18745623;0;0;14400529;0;33146152;41129692;0;4511464;0;407622;0;673661;5592747;3887396;0;691143;530932;1393329;6502800;12095547;1800000;9600000;922135;10624009;0;6088001;29034145;41129692;
43730;826000089;2019-12-31;2018;MILES;623338;433810;4619131;1526416;7202695;18055818;0;0;14408372;0;32464190;39666885;0;4071541;0;341928;0;411523;4824992;4058471;0;698561;524684;1322642;6604358;11429350;1800000;9600000;922135;9827399;0;6088001;28237535;39666885;
43731;900188602;2019-12-31;2019;MILES;6735494;964164;2685540;0;10385198;4464124;0;0;0;0;4464124;14849322;0;204783;0;60034;471400;0;736217;0;98609;0;0;0;98609;834826;375000;0;187500;10115051;0;3336945;14014496;14849322;
43732;900188602;2019-12-31;2018;MILES;5094825;506407;2785488;0;8386720;4180403;0;0;0;0;4180403;12567123;0;1050810;0;114413;578192;0;1743415;0;141631;0;0;0;141631;1885046;375000;0;187500;5280860;0;4838717;10682077;12567123;
43733;830035402;2019-12-31;2019;MILES;28028;0;2187983;420871;2636882;4112723;0;0;1006979;0;5119702;7756584;881081;1059020;0;425198;543083;25253;2933635;1314594;2003767;0;0;0;3318361;6251996;400000;0;201000;903588;0;0;1504588;7756584;
43734;830035402;2019-12-31;2018;MILES;159690;0;2639999;358146;3157835;4142196;0;0;1006979;0;5149175;8307010;955225;1128537;0;234434;391740;33306;2743242;2009636;2201133;0;0;0;4210769;6954011;400000;0;201000;751999;0;0;1352999;8307010;
43735;830017238;2019-12-31;2019;MILES;606491;1379869;13206097;6193139;21385596;1084647;358385;0;1089383;358385;2890800;24276396;609;2771232;27412;374110;531816;75191;3780370;167752;0;0;0;0;167752;3948122;550000;2694;366444;16584403;0;2824733;20328274;24276396;
43736;830017238;2019-12-31;2018;MILES;2353978;1457275;11911630;3972361;19695244;1090787;199743;0;172740;199743;1663013;21358257;3854;1934810;0;440660;1281497;68057;3728878;213265;6036;0;0;0;219301;3948179;550000;2694;278322;13754329;0;2824733;17410078;21358257;
43737;900266641;2019-12-31;2019;MILES;10593953;1485076;12804202;1836536;26719767;14699;0;0;79374;0;94073;26813840;0;20994519;0;384488;0;95722;21474729;0;0;0;0;0;0;21474729;12247;0;0;-2149361;0;7476225;5339111;26813840;
43738;900266641;2019-12-31;2018;MILES;5932379;1398312;12575609;589035;20495335;26456;0;0;32006;0;58462;20553797;0;14301810;0;315569;0;1023138;15640517;0;0;0;0;0;0;15640517;12247;0;0;-2575192;0;7476225;4913280;20553797;
43739;860513360;2019-12-31;2019;MILES;3449612;789326;16320798;10531374;31091110;12591914;0;1234859;110931;0;13937704;45028814;1889164;2629856;0;238335;728703;1064433;6550491;1805117;0;48130;0;0;1853247;8403738;2338573;4949937;759993;3306894;0;25269679;36625076;45028814;
43740;860513360;2019-12-31;2018;MILES;1056317;467875;9141913;7674638;18340743;35666921;0;3618288;5009;0;39290218;57630961;1772139;4351211;0;182982;1035263;14226669;21568264;733333;0;54498;0;0;787831;22356095;2338573;4949937;759993;1956684;0;25269679;35274866;57630961;
43741;900226247;2019-12-31;2019;MILES;2024855;433022;286553;1652250;4396680;192636;0;0;1039223;0;1231859;5628539;0;369051;0;42153;54352;0;465556;298123;0;7035;0;1422260;1727418;2192974;2040000;0;146181;1249384;0;0;3435565;5628539;
43742;900226247;2019-12-31;2018;MILES;130130;334992;0;2505054;2970176;290466;0;0;726346;0;1016812;3986988;0;205057;0;27297;52011;0;284365;485742;0;3555;0;92106;581403;865768;2040000;0;146181;935039;0;0;3121220;3986988;
43743;900983812;2019-12-31;2019;MILES;1036838;1999;3787933;0;4826770;0;0;0;40504409;0;40504409;45331179;0;13467777;0;0;1873;0;13469650;0;25384612;0;0;0;25384612;38854262;50000;0;25000;6401917;0;0;6476917;45331179;
43744;900983812;2019-12-31;2018;MILES;11050;0;2195958;0;2207008;0;5003;0;32378684;5003;32388690;34595698;0;4144928;0;0;109985;0;4254913;0;24850025;0;0;0;24850025;29104938;50000;0;25000;5415760;0;0;5490760;34595698;
43745;860029022;2019-12-31;2019;MILES;19649151;485523;31031876;26798055;77964605;49813832;1496372;0;2235666;1496372;55042242;133006847;0;12500204;0;483251;5639834;0;18623289;0;3000000;371989;0;318730;3690719;22314008;2000000;0;64141166;44551673;0;0;110692839;133006847;
43746;860029022;2019-12-31;2018;MILES;13043293;326208;19562804;23647237;56579542;46496387;1496372;0;2173957;1496372;51663088;108242630;0;10103830;0;627283;3788717;0;14519830;0;6000000;446947;0;310437;6757384;21277214;2000000;0;47940949;37024467;0;0;86965416;108242630;
43747;890912810;2019-12-31;2019;MILES;41477;219369;3921592;0;4182438;1340878;0;2062933;4402756;0;7806567;11989005;0;136383;0;28724;0;0;165107;0;0;316244;0;0;316244;481351;220000;0;110000;6021601;0;5156053;11507654;11989005;
43748;890912810;2019-12-31;2018;MILES;7333;34111;4753076;0;4794520;1361180;0;2071836;4197920;0;7630936;12425456;0;533775;0;1493;16788;0;552056;0;0;295760;0;0;295760;847816;220000;0;110000;6296423;0;4951217;11577640;12425456;
43749;811001017;2019-12-31;2019;MILES;13846;91874;0;218718;324438;0;2375624;0;1958093;2375624;6709341;7033779;0;1138;0;0;445;0;1583;0;6509704;415867;0;154423;7079994;7081577;1100000;4716;100815;-3754563;0;2501234;-47798;7033779;
43750;811001017;2019-12-31;2018;MILES;36939;54919;0;269616;361474;53399;2334931;0;2309792;2334931;7033053;7394527;0;232746;0;0;18;0;232764;0;6506546;514117;0;156344;7177007;7409771;1100000;4716;100815;-4019738;0;2798963;-15244;7394527;
43751;830081738;2019-06-30;2019;MILES;14282;0;13067591;0;13081873;0;0;0;113557649;0;113557649;126639522;0;19899;0;0;19800;0;39699;0;0;0;0;0;0;39699;12268163;95508265;6165471;12657924;0;0;126599823;126639522;
43752;830081738;2019-06-30;2018;MILES;31304;7331;3746425;0;3785060;0;0;0;113557649;0;113557649;117342709;0;1285;0;0;19102;0;20387;0;0;0;0;0;0;20387;12268163;95508265;6196608;3349286;0;0;117322322;117342709;
43753;830081738;2019-12-31;2019;MILES;57632;10995;3782116;0;3850743;0;0;0;113557649;0;113557649;117408392;0;1269;0;0;408;0;1677;0;0;0;0;0;0;1677;12268163;95508265;6241849;3388438;0;0;117406715;117408392;
43754;830081738;2019-12-31;2018;MILES;14282;0;13067591;0;13081873;0;0;0;113557649;0;113557649;126639522;0;19899;0;0;19800;0;39699;0;0;0;0;0;0;39699;12268163;95508265;6165471;12657924;0;0;126599823;126639522;
43755;900339779;2019-12-31;2019;MILES;4061141;1059335;452130;10745911;16318517;520259;1311633;0;-1223160;1311633;1920365;18238882;0;62112;0;11079;5884;0;79075;2005034;16609936;0;0;3267372;21882342;21961417;2000;727810;0;-4452345;0;0;-3722535;18238882;
43756;900339779;2019-12-31;2018;MILES;1001816;990974;725471;13783559;16501820;520259;239644;0;-119054;239644;880493;17382313;0;90063;0;12463;109358;0;211884;1986290;12481048;152573;0;3347395;17967306;18179190;2000;727810;0;-1526687;0;0;-796877;17382313;
43757;900425189;2019-12-31;2019;MILES;321460;0;0;0;321460;0;14079431;2488859;12844966;14079431;43492687;43814147;0;15;0;0;53620;0;53635;0;5243104;0;0;0;5243104;5296739;50300;2918504;11332447;24216157;0;0;38517408;43814147;
43758;900425189;2019-12-31;2018;MILES;352;0;25000;0;25352;0;11205478;0;14558419;11205478;36969375;36994727;0;3;0;0;2688;0;2691;0;414617;0;0;0;414617;417308;50300;2918504;11307247;22301368;0;0;36577419;36994727;
43759;890204134;2019-12-31;2019;MILES;1829592;28723844;24022460;21541188;76117084;10532495;0;5859731;2835770;0;19227996;95345080;7190171;13068450;0;843542;1968789;0;23070952;10300500;0;1186258;0;0;11486758;34557710;2500000;4210182;1366500;26184891;0;26525797;60787370;95345080;
43760;890204134;2019-12-31;2018;MILES;1136109;4519312;26517878;21071711;53245010;10557746;0;12101507;2747289;0;25406542;78651552;1553335;15375875;0;746634;2524105;0;20199949;0;0;1698805;0;0;1698805;21898754;2500000;4210182;926500;22435228;0;26680888;56752798;78651552;
43761;830081739;2019-06-30;2019;MILES;13535;0;13061950;0;13075485;0;0;0;113555602;0;113555602;126631087;0;19842;0;0;19789;0;39631;0;0;0;0;0;0;39631;12268221;95508206;6157711;12657318;0;0;126591456;126631087;
43762;830081739;2019-06-30;2018;MILES;30503;6894;3741802;0;3779199;0;0;0;113555602;0;113555602;117334801;0;1358;0;0;19041;0;20399;0;0;0;0;0;0;20399;12268221;95508206;6188288;3349687;0;0;117314402;117334801;
43763;830081739;2019-12-31;2019;MILES;58941;29649;3757163;0;3845753;0;0;0;113555602;0;113555602;117401355;0;1344;0;0;408;0;1752;0;0;0;0;0;0;1752;12268221;95508206;6233600;3389576;0;0;117399603;117401355;
43764;830081739;2019-12-31;2018;MILES;13535;35993;13025957;0;13075485;0;0;0;113555602;0;113555602;126631087;0;19842;0;0;19789;0;39631;0;0;0;0;0;0;39631;12268221;95508206;6157711;12657318;0;0;126591456;126631087;
43765;820005548;2019-12-31;2019;MILES;542064;0;211540;0;753604;31870;0;0;1263281;0;1295151;2048755;655388;31636;0;0;0;0;687024;0;0;0;0;0;0;687024;600000;0;83163;678568;0;0;1361731;2048755;
43766;820005548;2019-12-31;2018;MILES;15420;0;2004259;0;2019679;10970;0;0;273754;0;284724;2304403;1119095;0;0;0;9440;0;1128535;0;0;0;0;0;0;1128535;600000;0;83163;492705;0;0;1175868;2304403;
43767;900676221;2019-12-31;2019;MILES;2071;59023;197030;0;258124;0;22923;0;61913525;22923;61959371;62217495;198711;0;0;0;0;5;198716;0;59614756;0;0;0;59614756;59813472;807754;4085597;403877;-2893205;0;0;2404023;62217495;
43768;900676221;2019-12-31;2018;MILES;35064;46927;0;0;81991;0;20380;0;53698483;20380;53739243;53821234;705;0;0;0;0;0;705;0;59614952;0;0;0;59614952;59615657;807754;4085597;403877;-11091651;0;0;-5794423;53821234;
43769;811007293;2019-12-31;2019;MILES;0;0;5491021;0;5491021;0;0;0;6278610;0;6278610;11769631;0;0;0;0;34233;1252;35485;0;0;0;0;5786875;5786875;5822360;300000;5481257;0;166014;0;0;5947271;11769631;
43770;811007293;2019-12-31;2018;MILES;0;0;3601983;0;3601983;0;0;0;5426452;0;5426452;9028435;0;12901;0;0;29172;1252;43325;0;0;0;0;5398749;5398749;5442074;220000;3193257;0;173104;0;0;3586361;9028435;
43771;900584028;2019-12-31;2019;MILES;0;4305;38384;0;42689;0;0;0;100209431;0;100209431;100252120;0;45006;0;0;343;0;45349;0;0;0;0;0;0;45349;500;1613184;1587789;97005298;0;0;100206771;100252120;
43772;900584028;2019-12-31;2018;MILES;0;5477;59234;0;64711;0;0;0;100211360;0;100211360;100276071;0;40413;0;0;1285;0;41698;0;0;0;0;0;0;41698;500;1613184;1587789;97032900;0;0;100234373;100276071;
43773;890300707;2019-12-31;2019;MILES;294715;467386;4494800;3136558;8393459;1179365;0;0;238895;0;1418260;9811719;0;2772496;116591;111602;498876;0;3499565;0;0;61593;0;0;61593;3561158;700000;0;277879;1097023;0;4175659;6250561;9811719;
43774;890300707;2019-12-31;2018;MILES;490280;356988;4154570;3137046;8138884;1157059;0;0;547090;0;1704149;9843033;0;3009538;116270;92931;309864;0;3528603;0;0;61908;0;0;61908;3590511;700000;0;256463;1120400;0;4175659;6252522;9843033;
43775;900164346;2019-12-31;2019;MILES;5454;0;27811932;2218601;30035987;160881;0;0;13770657;0;13931538;43967525;0;1506818;0;0;69572;0;1576390;0;2782922;1260;0;0;2784182;4360572;574000;0;287000;35254440;0;3491513;39606953;43967525;
43776;900164346;2019-12-31;2018;MILES;93924;0;23821990;7609822;31525736;199634;0;0;12986228;0;13185862;44711598;0;1585289;0;0;335643;0;1920932;0;4480928;1260;0;0;4482188;6403120;574000;0;287000;33955965;0;3491513;38308478;44711598;
43777;900809003;2019-12-31;2019;MILES;20062;0;0;0;20062;0;2144116;0;26615619;2144116;30903851;30923913;0;1765;0;0;0;0;1765;0;22846462;2675691;0;0;25522153;25523918;350000;0;0;5049995;0;0;5399995;30923913;
43778;900809003;2019-12-31;2018;MILES;20670;0;0;0;20670;0;16373283;0;-16189156;16373283;16557410;16578080;0;1765;0;0;3530;0;5295;0;16854354;0;0;0;16854354;16859649;350000;0;0;-631569;0;0;-281569;16578080;
43779;900537423;2019-12-31;2019;MILES;119428;132537;3156806;0;3408771;251809;39334421;691650;-14497822;39334421;65114479;68523250;0;165810;0;0;3065629;10251;3241690;0;5620252;504579;0;91490;6216321;9458011;4100000;0;1577312;51964747;0;1423180;59065239;68523250;
43780;900537423;2019-12-31;2018;MILES;33420;123377;2972229;0;3129026;50097;4375720;684625;29940102;4375720;39426264;42555290;0;115946;0;0;100242;14629;230817;0;5056002;135575;0;2424;5194001;5424818;4100000;0;1180826;30472950;0;1376696;37130472;42555290;
43781;800152208;2019-12-31;2019;MILES;4222539;27226890;47400087;45426989;124276505;7716622;45354502;0;-36882305;45354502;61543321;185819826;0;13960263;0;1157882;9162822;13147242;37428209;72092589;31244077;490790;0;1966623;105794079;143222288;6727270;19248909;6009380;10611979;0;0;42597538;185819826;
43782;800152208;2019-12-31;2018;MILES;7344999;26229100;65947856;45846651;145368606;8736207;39765130;0;-36288223;39765130;51978244;197346850;23000939;40898494;0;3378136;10063334;15293948;92634851;49664666;6496932;89789;0;2020120;58271507;150906358;6727270;19248909;6009380;14454933;0;0;46440492;197346850;
43783;900174390;2019-12-31;2019;MILES;2403;0;0;0;2403;238342;0;3951000;4633610;0;8822952;8825355;0;4778;0;0;35903;0;40681;0;901437;0;0;322003;1223440;1264121;51100;147783;25550;7336801;0;0;7561234;8825355;
43784;900174390;2019-12-31;2018;MILES;628;3934710;0;0;3935338;238342;0;3951000;7443823;0;11633165;15568503;0;2387;0;0;0;0;2387;0;844412;0;0;46593;891005;893392;51100;147783;6002937;8473291;0;0;14675111;15568503;
43785;900431728;2019-12-31;2019;MILES;7218;1953118;3564235;390542;5915113;99255;0;0;0;0;99255;6014368;0;250421;0;0;0;0;250421;0;867047;0;0;0;867047;1117468;1950000;0;76236;2870664;0;0;4896900;6014368;
43786;900431728;2019-12-31;2018;MILES;503069;4531521;2447374;5885;7487849;682171;0;0;0;0;682171;8170020;0;1331953;0;25705;148838;0;1506496;0;1874246;0;0;0;1874246;3380742;1950000;0;76236;2763042;0;0;4789278;8170020;
43787;900247608;2019-12-31;2019;MILES;33020;10036036;626156;0;10695212;7708273;0;0;0;0;7708273;18403485;0;456001;0;0;37284;607857;1101142;0;0;0;0;0;0;1101142;100000;0;220163;10749349;0;6232831;17302343;18403485;
43788;900247608;2019-12-31;2018;MILES;113165;9395492;733681;0;10242338;5739262;0;0;0;0;5739262;15981600;0;1026473;0;0;78470;410611;1515554;0;0;0;0;0;0;1515554;100000;0;220163;6312892;0;7832991;14466046;15981600;
43789;900229208;2019-12-31;2019;MILES;55570;9546;411088;0;476204;17918812;0;0;3819;0;17922631;18398835;0;1354483;0;0;151883;0;1506366;623000;6628065;0;0;0;7251065;8757431;5010617;511196;0;-6532967;0;10652558;9641404;18398835;
43790;900229208;2019-12-31;2018;MILES;145550;543974;745560;0;1435084;18151765;0;0;328;0;18152093;19587177;1607852;839882;296;0;369473;0;2817503;6797525;0;0;0;0;6797525;9615028;5010617;511196;0;-6202222;0;10652558;9972149;19587177;
43791;860003057;2019-06-30;2019;MILES;466218;8829794;876341;0;10172353;31997897;0;0;175247;0;32173144;42345497;0;1327949;0;491;162397;51221;1542058;0;0;554897;0;340344;895241;2437299;37110890;0;1700726;1096582;0;0;39908198;42345497;
43792;860003057;2019-06-30;2018;MILES;441539;8809692;406262;0;9657493;32121379;0;0;175247;0;32296626;41954119;0;104824;0;1014;251907;51221;408966;0;0;554897;0;340344;895241;1304207;37110890;0;1262614;2276408;0;0;40649912;41954119;
43793;860003057;2019-12-31;2019;MILES;298297;9327466;459978;0;10085741;31877033;0;0;307125;0;32184158;42269899;0;185689;0;1056;58460;51221;296426;0;0;664342;0;341260;1005602;1302028;37110890;0;1700726;2156255;0;0;40967871;42269899;
43794;860003057;2019-12-31;2018;MILES;466218;8829794;876341;0;10172353;31997897;0;0;175247;0;32173144;42345497;0;1327949;0;491;162397;51221;1542058;0;0;554897;0;340344;895241;2437299;37110890;0;1700726;1096582;0;0;39908198;42345497;
43795;811022908;2019-12-31;2019;MILES;453174;7092262;14134250;2824681;24504367;10595772;0;0;648150;0;11243922;35748289;17005;3066808;0;0;3756041;641068;7480922;18794896;109723;1027463;0;0;19932082;27413004;1000000;0;522419;4396984;0;2415882;8335285;35748289;
43796;811022908;2019-12-31;2018;MILES;374853;1457188;7990650;1609180;11431871;11444715;0;0;696505;0;12141220;23573091;14385;1662554;0;0;2132146;217717;4026802;12731584;489898;623772;0;0;13845254;17872056;1000000;0;522419;1762734;0;2415882;5701035;23573091;
43797;890916946;2019-12-31;2019;MILES;198825;7752;321;0;206898;105163;175397;1015080;15319396;175397;16790433;16997331;0;948;0;16058;0;21047;38053;0;3186695;101021;0;12711;3300427;3338480;32500;870909;21129;12734313;0;0;13658851;16997331;
43798;890916946;2019-12-31;2018;MILES;37870;0;5910;0;43780;158058;153526;1035200;14199938;153526;15700248;15744028;0;1178;0;16641;8810;34608;61237;0;3268092;99835;0;14393;3382320;3443557;32500;870909;21129;11375933;0;0;12300471;15744028;
43799;890929080;2019-12-31;2019;MILES;2086589;150448;67563;0;2304600;4727903;0;129710701;9431698;0;143870302;146174902;876924;36091;0;35826;265600;2910;1217351;9857119;0;10898178;0;0;20755297;21972648;1290000;15210000;625000;106778144;0;299110;124202254;146174902;
43800;890929080;2019-12-31;2018;MILES;596636;245511;489685;0;1331832;4786408;0;129710701;10248877;0;144745986;146077818;812958;794328;354957;12164;79489;148237;2202133;10768324;0;10779759;0;0;21548083;23750216;1250000;13750000;625000;106399620;0;302982;122327602;146077818;
43801;900568494;2019-12-31;2019;MILES;1010512;0;802;0;1011314;0;0;5399385;27103414;0;32502799;33514113;0;7665983;0;0;16123;0;7682106;0;0;0;0;0;0;7682106;10000;0;11791598;14030409;0;0;25832007;33514113;
43802;900568494;2019-12-31;2018;MILES;5899001;0;802;0;5899803;0;0;0;24934847;0;24934847;30834650;0;5645964;0;0;58762;0;5704726;0;0;0;0;0;0;5704726;10000;0;11790336;13329588;0;0;25129924;30834650;
43803;900616308;2019-12-31;2019;MILES;4465246;1934791;3169993;0;9570030;46407623;0;0;900739;0;47308362;56878392;0;11196795;6145369;86963;348226;0;17777353;0;0;0;0;1606927;1606927;19384280;35519452;29844505;0;-27869845;0;0;37494112;56878392;
43804;900616308;2019-12-31;2018;MILES;3258984;1077741;2291867;0;6628592;48074970;0;0;711179;0;48786149;55414741;0;303812;5032499;71965;400390;0;5808666;0;11080337;0;0;1332728;12413065;18221731;35519452;29844505;0;-28170947;0;0;37193010;55414741;
43805;830096151;2019-12-31;2019;MILES;1436695;14290452;136162;3211;15866520;14361391;1076071;1919000;9200269;1076071;27632802;43499322;0;9919;0;86091;16394;0;112404;0;0;1535749;0;1420976;2956725;3069129;497491;11566377;704994;15137374;0;12523957;40430193;43499322;
43806;830096151;2019-12-31;2018;MILES;1363278;14264885;232926;9241;15870330;14327983;1364225;1919000;7684031;1364225;26659464;42529794;0;4824;0;92845;243001;0;340670;0;0;1428629;0;1372647;2801276;3141946;497491;11566377;0;14800023;0;12523957;39387848;42529794;
43807;900538804;2019-12-31;2019;MILES;32213;1758;0;580432;614403;904485;4433322;1100000;-3397415;4433322;7473714;8088117;0;36647;0;43086;4209;0;83942;0;7723188;0;0;7011;7730199;7814141;200000;0;0;-1968771;0;2042747;273976;8088117;
43808;900538804;2019-12-31;2018;MILES;39169;3672;1137259;580432;1760532;1028311;4475499;0;-3030451;4475499;6948858;8709390;0;51809;0;37291;11421;379;100900;0;6811312;0;0;0;6811312;6912212;200000;0;0;-445569;0;2042747;1797178;8709390;
43809;900326943;2019-12-31;2019;MILES;410766;100791;205031;0;716588;9621016;0;0;745138;0;10366154;11082742;5496;102796;0;50216;22944;4462;185914;762600;0;844363;0;0;1606963;1792877;300000;0;9703;657063;0;8323099;9289865;11082742;
43810;900326943;2019-12-31;2018;MILES;363218;77031;465548;0;905797;9614187;0;214923;411441;0;10240551;11146348;7631;18953;0;46496;0;214923;288003;1041774;0;839614;0;0;1881388;2169391;300000;0;9703;344155;0;8323099;8976957;11146348;
43811;900483028;2019-12-31;2019;MILES;167448;56067;2159574;1236962;3620051;485261;378486;0;-212573;378486;1029660;4649711;340226;2314763;0;90906;76876;0;2822771;233733;0;0;0;0;233733;3056504;500000;0;138702;895194;0;59311;1593207;4649711;
43812;900483028;2019-12-31;2018;MILES;221725;0;1821710;753908;2797343;333772;540967;0;-440967;540967;974739;3772082;273777;1620996;0;75108;105508;0;2075389;359674;0;0;0;0;359674;2435063;500000;0;116608;720411;0;0;1337019;3772082;
43813;860004130;2019-12-31;2019;MILES;30169;994719;0;0;1024888;6760;0;6249776;12728318;0;18984854;20009742;0;140834;0;17656;6945;4484;169919;0;229256;565322;12760;158589;965927;1135846;162498;921502;2731988;15057908;0;0;18873896;20009742;
43814;860004130;2019-12-31;2018;MILES;118040;903792;0;0;1021832;0;0;6249776;11968130;0;18217906;19239738;0;123133;0;2977;33326;3177;162613;0;229256;565322;12760;158589;965927;1128540;162498;921502;1928021;15099177;0;0;18111198;19239738;
43815;830125837;2019-12-31;2019;MILES;107838;137877;5069580;0;5315295;386070;0;0;75520;0;461590;5776885;1980913;1927222;0;0;22870;786855;4717860;166501;0;6909;0;0;173410;4891270;1200000;0;184752;-499137;0;0;885615;5776885;
43816;830125837;2019-12-31;2018;MILES;154078;152982;5354604;0;5661664;414527;0;0;59530;0;474057;6135721;2086978;1752944;0;0;25835;1257224;5122981;0;0;11892;0;0;11892;5134873;1200000;0;184752;-383904;0;0;1000848;6135721;
43817;900083408;2019-12-31;2019;MILES;1161021;2598867;25536532;19846061;49142481;4829412;0;0;706548;0;5535960;54678441;15565328;19265630;0;0;816730;0;35647688;2710106;7822371;0;0;0;10532477;46180165;4320000;1100000;2306950;771326;0;0;8498276;54678441;
43818;900083408;2019-12-31;2018;MILES;688158;2151448;21279698;18836334;42955638;4966377;0;0;685232;0;5651609;48607247;11529465;20267897;0;0;182129;0;31979491;2750125;6342371;0;0;0;9092496;41071987;4320000;1100000;2190413;-75153;0;0;7535260;48607247;
43819;800049711;2019-12-31;2019;MILES;31657;31811;240531;0;303999;8914279;79809;0;6372158;79809;15446055;15750054;0;1005;0;0;5527;0;6532;0;0;1499442;0;0;1499442;1505974;1000;0;0;10490383;0;3752697;14244080;15750054;
43820;800049711;2019-12-31;2018;MILES;503;45032;250582;0;296117;8943004;79809;0;6305366;79809;15407988;15704105;0;1951;0;0;0;0;1951;0;0;1530564;11806;0;1542370;1544321;1000;0;0;10406087;0;3752697;14159784;15704105;
43821;900257498;2019-12-31;2019;MILES;6722;6114;21525;0;34361;123519;0;4257228;3689527;0;8070274;8104635;0;92424;0;2906;16295;0;111625;0;0;234564;0;0;234564;346189;6801;2805309;0;4946336;0;0;7758446;8104635;
43822;900257498;2019-12-31;2018;MILES;3540;5265;89098;0;97903;64106;0;4320898;3999557;0;8384561;8482464;0;73989;0;2759;40362;0;117110;0;0;540779;0;0;540779;657889;6801;2805309;0;5012465;0;0;7824575;8482464;
43823;900258151;2019-12-31;2019;MILES;150489;3172;84324;0;237985;24881;0;4069601;3379952;0;7474434;7712419;0;336;0;2378;17115;0;19829;0;0;221593;0;0;221593;241422;6801;2560103;0;4904093;0;0;7470997;7712419;
43824;900258151;2019-12-31;2018;MILES;24503;3465;180298;0;208266;37881;0;4131615;3684128;0;7853624;8061890;0;9379;0;1922;27271;0;38572;0;0;521136;0;0;521136;559708;6801;2560103;0;4935278;0;0;7502182;8061890;
43825;811037630;2019-12-31;2019;MILES;138590;0;41712;0;180302;2029984;122174;0;1549186;122174;3823518;4003820;0;1250;0;0;83634;0;84884;0;0;276400;0;0;276400;361284;95001;2054999;83826;1348713;0;59997;3642536;4003820;
43826;811037630;2019-12-31;2018;MILES;105760;0;38877;0;144637;2052948;20340;0;1809765;20340;3903393;4048030;0;9830;0;0;85670;0;95500;86085;0;255617;0;0;341702;437202;95001;2054999;83826;1317005;0;59997;3610828;4048030;
43827;860000637;2019-12-31;2019;MILES;221142;38715;924305;0;1184162;33521;0;0;11372814;0;11406335;12590497;0;7610;0;39886;510504;0;558000;0;0;56870;0;0;56870;614870;3000000;0;1500000;7052913;0;422714;11975627;12590497;
43828;860000637;2019-12-31;2018;MILES;769251;66735;919121;0;1755107;36622;0;0;10927960;0;10964582;12719689;0;8387;0;38767;108948;0;156102;0;0;50536;0;0;50536;206638;3000000;0;1500000;2830857;0;5182194;12513051;12719689;
43829;800133562;2019-12-31;2019;MILES;4967914;1812654;8148899;4056513;18985980;3576964;0;0;354972;0;3931936;22917916;0;7649149;0;370852;880661;0;8900662;0;384264;314647;0;1289314;1988225;10888887;1100000;0;550000;10379029;0;0;12029029;22917916;
43830;800133562;2019-12-31;2018;MILES;12850856;336937;10881285;1776030;25845108;3683065;0;0;25244;0;3708309;29553417;1567419;5944448;0;374178;587557;5348;8478950;0;2318457;151616;0;6637966;9108039;17586989;1100000;0;550000;10316428;0;0;11966428;29553417;
43831;900451010;2019-12-31;2019;MILES;767598;2472732;51883224;0;55123554;10682480;0;0;10047453;0;20729933;75853487;0;6522178;0;3802268;11552822;896018;22773286;2850896;0;427003;0;0;3277899;26051185;50000;0;25000;49727302;0;0;49802302;75853487;
43832;900451010;2019-12-31;2018;MILES;548623;1773045;33507806;0;35829474;9909595;0;0;8553564;0;18463159;54292633;0;12370656;0;2891779;6850923;1072481;23185839;1312788;0;361963;0;0;1674751;24860590;50000;0;25000;29357043;0;0;29432043;54292633;
43833;900205514;2019-12-31;2019;MILES;182608;116035;824004;13509588;14632235;656717;0;0;185794;0;842511;15474746;4134885;696256;0;69223;199395;0;5099759;1012592;8305516;0;0;0;9318108;14417867;530689;0;44534;481656;0;0;1056879;15474746;
43834;900205514;2019-12-31;2018;MILES;95368;165669;1013759;17577897;18852693;356240;0;0;208014;0;564254;19416947;5811664;1618182;0;72079;64570;0;7566495;1370000;9769917;0;0;0;11139917;18706412;530689;0;29499;150347;0;0;710535;19416947;
43835;804000601;2019-12-31;2019;MILES;867507;3440226;5160816;1090402;10558951;95313784;101716;0;19393803;101716;114911019;125469970;1268369;3888495;0;798636;807693;0;6763193;5525234;1040711;57105;0;90219;6713269;13476462;3739553;9353866;22209862;72226850;0;4463377;111993508;125469970;
43836;804000601;2019-12-31;2018;MILES;709892;2986982;4872714;953735;9523323;95559925;66919;0;19392963;66919;115086726;124610049;15685;3876040;0;684281;964699;0;5540705;6948340;1344920;45342;0;88912;8427514;13968219;3537856;7538593;22042979;72071345;0;5451057;110641830;124610049;
43837;800101822;2019-12-31;2019;MILES;33370;314179;2572710;0;2920259;12252947;0;1144448;13569861;0;26967256;29887515;1982283;2152309;0;587199;29225;722602;5473618;2187375;697646;3668195;0;1362486;7915702;13389320;32000;0;16000;16450195;0;0;16498195;29887515;
43838;800101822;2019-12-31;2018;MILES;104079;313945;2364188;804766;3586978;11293924;0;1144447;12694879;0;25133250;28720228;893977;1528517;0;322000;87701;730750;3562945;3642611;1404637;3548094;0;1349068;9944410;13507355;32000;0;16000;15164873;0;0;15212873;28720228;
43839;800211401;2019-12-31;2019;MILES;9245579;4804304;41173464;0;55223347;10758578;0;0;2552790;0;13311368;68534715;3147380;8460455;623458;14623218;7735913;0;34590424;0;0;0;0;4269983;4269983;38860407;1245700;0;1241962;27186646;0;0;29674308;68534715;
43840;800211401;2019-12-31;2018;MILES;8765461;4450714;26461413;0;39677588;8251020;0;0;1514840;0;9765860;49443448;2401178;7050782;457427;14073425;4520544;0;28503356;0;0;0;0;2282535;2282535;30785891;1245700;0;1241962;16169895;0;0;18657557;49443448;
43841;900163101;2019-12-31;2019;MILES;553867;0;1329814;4013902;5897583;51366;0;0;0;0;51366;5948949;27332;3304;0;10452;0;889026;930114;409050;0;0;0;3016839;3425889;4356003;1000000;0;70346;522600;0;0;1592946;5948949;
43842;900163101;2019-12-31;2018;MILES;653544;0;503974;3213948;4371466;0;0;0;73984;0;73984;4445450;45904;40407;0;3860;0;803229;893400;183817;0;0;0;1801001;1984818;2878218;1000000;0;67640;499592;0;0;1567232;4445450;
43843;900389943;2019-12-31;2019;MILES;1401;34780;1737410;2606428;4380019;142020;0;0;0;0;142020;4522039;469800;563220;0;14385;54204;107524;1209133;600000;0;0;0;0;600000;1809133;800000;0;191290;1721616;0;0;2712906;4522039;
43844;900389943;2019-12-31;2018;MILES;4526;0;189744;2345030;2539300;149260;0;0;0;0;149260;2688560;0;23300;0;10666;0;0;33966;0;0;0;0;0;0;33966;800000;0;185459;1669135;0;0;2654594;2688560;
43845;900191623;2019-12-31;2019;MILES;196840;7052;0;0;203892;0;0;0;16187478;0;16187478;16391370;0;11163;0;0;958;0;12121;0;0;1007629;0;0;1007629;1019750;641316;0;2507956;12222348;0;0;15371620;16391370;
43846;900191623;2019-12-31;2018;MILES;255810;2488;0;0;258298;0;0;0;12539500;0;12539500;12797798;0;181;0;0;3064;0;3245;0;0;662684;0;0;662684;665929;641316;0;2089881;9400672;0;0;12131869;12797798;
43847;830005407;2019-12-31;2019;MILES;533686;249720;1655089;97115;2535610;4509359;0;0;318726;0;4828085;7363695;238;157994;0;118570;36876;27322;341000;0;0;443170;0;325291;768461;1109461;186160;0;93080;5061154;0;913840;6254234;7363695;
43848;830005407;2019-12-31;2018;MILES;915002;228123;1751225;106926;3001276;4429292;0;0;271750;0;4701042;7702318;77;112102;30000;135250;29774;38432;345635;0;0;392209;0;808505;1200714;1546349;186160;0;93080;4962889;0;913840;6155969;7702318;
43849;832004104;2019-12-31;2019;MILES;1843780;100915;6634516;17923711;26502922;27566828;0;0;2022308;0;29589136;56092058;11054452;12533595;0;0;1348495;578028;25514570;0;0;144915;0;540000;684915;26199485;1980000;0;989999;26694369;0;228205;29892573;56092058;
43850;832004104;2019-12-31;2018;MILES;4156263;92352;4637853;17392077;26278545;27340967;0;0;1641231;0;28982198;55260743;9401496;10348346;0;0;871942;145483;20767267;5394157;0;126677;0;440000;5960834;26728101;1980000;0;989999;25334438;0;228205;28532642;55260743;
43851;860059265;2019-12-31;2019;MILES;703015;0;22154942;0;22857957;33235878;0;0;48171581;0;81407459;104265416;12494007;4755043;0;0;0;0;17249050;0;28528801;4284421;0;0;32813222;50062272;5400000;0;3941458;627370;0;44234316;54203144;104265416;
43852;860059265;2019-12-31;2018;MILES;698132;0;23537817;0;24235949;34085006;0;0;27001530;0;61086536;85322485;14827679;3542797;0;0;0;0;18370476;0;13625397;3662233;0;0;17287630;35658106;3000000;0;1309839;8116684;0;37237856;49664379;85322485;
43853;900604898;2019-12-31;2019;MILES;211000;49798;359505;0;620303;3877183;0;0;7000;0;3884183;4504486;1360;67130;0;37363;5625;0;111478;0;0;0;0;0;0;111478;8276677;0;0;-3883669;0;0;4393008;4504486;
43854;900604898;2019-12-31;2018;MILES;60894;0;3714;0;64608;2799454;0;0;7000;0;2806454;2871062;0;1499664;0;29654;23818;0;1553136;0;0;0;0;0;0;1553136;4604998;0;0;-3287072;0;0;1317926;2871062;
43855;811012506;2019-12-31;2019;MILES;456892;2004476;4522805;158990;7143163;1324793;750215;0;7382475;750215;10207698;17350861;1713620;1799438;187507;870953;55804;416093;5043415;4939669;0;1442529;0;139395;6521593;11565008;300000;0;243679;4133174;0;1109000;5785853;17350861;
43856;811012506;2019-12-31;2018;MILES;114317;1944746;3434319;249651;5743033;1094044;691685;0;7247369;691685;9724783;15467816;2251713;2679595;165791;747819;48689;321180;6214787;1639154;0;1154569;0;1486418;4280141;10494928;219000;0;243679;4220209;0;290000;4972888;15467816;
43857;890914701;2019-12-31;2019;MILES;358696;29048;2773393;0;3161137;814;0;0;14103386;0;14104200;17265337;0;1727409;0;3392;80550;0;1811351;0;0;0;0;0;0;1811351;1050000;2453450;25000;11925536;0;0;15453986;17265337;
43858;890914701;2019-12-31;2018;MILES;167016;46415;2844685;0;3058116;10701;0;0;14103386;0;14114087;17172203;0;1861162;0;2586;46771;0;1910519;0;0;0;0;0;0;1910519;1050000;2453450;25000;11733234;0;0;15261684;17172203;
43859;830008803;2019-12-31;2019;MILES;18869841;43904;3325829;1683197;23922771;26084941;6362229;56447336;-6266213;6362229;88990522;112913293;0;0;0;0;101133;0;101133;0;3257666;36285;0;271797;3565748;3666881;600000;0;25706437;36522905;0;46417070;109246412;112913293;
43860;830008803;2019-12-31;2018;MILES;19559349;43904;3230562;0;22833815;26144518;10162490;51347515;-9614095;10162490;88202918;111036733;0;0;0;0;148434;0;148434;0;7341487;36285;0;0;7377772;7526206;600000;0;25706437;30787020;0;46417070;103510527;111036733;
43861;890926938;2019-12-31;2019;MILES;3438434;4342456;2447833;217844;10446567;77591125;13759602;0;74399120;13759602;179509449;189956016;0;7089549;777453;296888;14756;0;8178646;4402146;6615539;16483276;0;1614999;29115960;37294606;318463;5054037;6766806;20193254;0;120328850;152661410;189956016;
43862;890926938;2019-12-31;2018;MILES;2824182;4392324;2496217;196272;9908995;77437451;10917608;0;64481026;10917608;163753693;173662688;0;6413379;1275329;744494;249891;0;8683093;1013869;6666386;15181959;0;1521524;24383738;33066831;318463;5054037;6766806;20003409;0;108453142;140595857;173662688;
43863;900586838;2019-12-31;2019;MILES;1564904;72;30113;0;1595089;2316310;0;0;1222088;0;3538398;5133487;282454;1403783;0;0;5518;0;1691755;282454;0;402938;0;0;685392;2377147;1500000;996637;11349;248354;0;0;2756340;5133487;
43864;900586838;2019-12-31;2018;MILES;52690;0;33185;0;85875;2326504;0;1617307;1048460;0;4992271;5078146;144500;1752026;0;17693;34555;0;1948774;420408;0;393790;0;0;814198;2762972;1500000;996637;11349;-192812;0;0;2315174;5078146;
43865;900344811;2019-12-31;2019;MILES;116163;69099;973282;952281;2110825;110098;0;0;3766;0;113864;2224689;0;33227;0;16754;46047;0;96028;374000;0;0;0;366840;740840;836868;1100000;0;0;287821;0;0;1387821;2224689;
43866;900344811;2019-12-31;2018;MILES;285138;142786;899927;912281;2240132;24319;0;0;3766;0;28085;2268217;158631;241131;0;0;0;0;399762;0;573375;0;0;0;573375;973137;1100000;0;0;195080;0;0;1295080;2268217;
43867;805008909;2019-12-31;2019;MILES;1687394;979353;5360682;2754385;10781814;1459311;0;0;30027;0;1489338;12271152;484323;2699941;346800;179674;195256;329848;4235842;1499983;0;72943;0;0;1572926;5808768;900000;200000;368454;4993930;0;0;6462384;12271152;
43868;805008909;2019-12-31;2018;MILES;1410637;957735;5676839;2665498;10710709;1365306;0;0;25551;0;1390857;12101566;882177;2617271;169932;152017;174469;487844;4483710;1401247;0;71886;0;200000;1673133;6156843;900000;200000;315970;4528753;0;0;5944723;12101566;
43869;830089785;2019-12-31;2019;MILES;252217;113191;4669973;1778422;6813803;9625623;0;0;540771;0;10166394;16980197;2052480;2424601;0;0;603675;21049;5101805;0;0;95157;0;0;95157;5196962;990000;0;495000;10298235;0;0;11783235;16980197;
43870;830089785;2019-12-31;2018;MILES;108760;77342;4737848;2399607;7323557;8638579;0;0;352308;0;8990887;16314444;513376;2933292;0;0;406193;22690;3875551;869019;0;81229;0;0;950248;4825799;990000;0;495000;10003645;0;0;11488645;16314444;
43871;900277507;2019-12-31;2019;MILES;5947489;0;0;0;5947489;0;0;0;53841258;0;53841258;59788747;0;4995940;0;0;112129;0;5108069;0;0;0;0;0;0;5108069;2900000;0;931561;50849117;0;0;54680678;59788747;
43872;900277507;2019-12-31;2018;MILES;6049488;0;0;0;6049488;0;0;0;33562452;0;33562452;39611940;0;999397;0;0;41765;0;1041162;0;0;0;0;0;0;1041162;2900000;0;931561;34739217;0;0;38570778;39611940;
43873;900060442;2019-12-31;2019;MILES;1138879;6979914;12625258;0;20744051;3232195;18937887;7094478;-17194870;18937887;31007577;51751628;2594101;10551440;0;1826366;1147064;0;16118971;924489;18259037;895598;3919699;1633422;25632245;41751216;563267;27272767;282000;-18117622;0;0;10000412;51751628;
43874;900060442;2019-12-31;2018;MILES;1919345;3265283;14945934;0;20130562;605612;27756732;1563177;-26962050;27756732;30720203;50850765;5344217;9623095;0;1935566;836043;0;17738921;965509;18619167;0;8016327;807518;28408521;46147442;563267;27272767;282000;-23414711;0;0;4703323;50850765;
43875;830008804;2019-12-31;2019;MILES;3050264;4316;17934850;13296726;34286156;17947097;0;0;32680037;0;50627134;84913290;150000;19907964;0;621662;1542459;0;22222085;0;6482192;313173;3827352;0;10622717;32844802;1000000;0;24591210;588637;0;25888641;52068488;84913290;
43876;830008804;2019-12-31;2018;MILES;5995087;553930;15919842;14501936;36970795;17921787;0;0;29748494;0;47670281;84641076;150000;17657663;0;500995;1374470;0;19683128;0;9277100;478880;1709815;0;11465795;31148923;1000000;0;23904402;6066278;0;22521473;53492153;84641076;
43877;830074416;2019-12-31;2019;MILES;516066;269919;120161;0;906146;3134359;3137856;0;20983213;3137856;30393284;31299430;293739;364302;0;12540;22213;0;692794;1822646;630950;21369;0;0;2474965;3167759;3309071;340165;8690993;15742946;0;48496;28131671;31299430;
43878;830074416;2019-12-31;2018;MILES;199158;235637;40013;0;474808;3314754;2194381;0;22779981;2194381;30483497;30958305;0;128442;0;7967;47433;2442024;2625866;0;892747;21369;0;0;914116;3539982;3309071;340165;9258550;14068466;0;442071;27418323;30958305;
43879;900403439;2019-12-31;2019;MILES;759106;253859;111936;0;1124901;0;0;19918934;60949;0;19979883;21104784;0;2040547;0;0;51655;0;2092202;0;0;92328;0;0;92328;2184530;913;0;456;18918885;0;0;18920254;21104784;
43880;900403439;2019-12-31;2018;MILES;104856;218358;608945;0;932159;0;0;19991921;77526;0;20069447;21001606;0;2037544;0;0;169293;0;2206837;0;0;68243;0;0;68243;2275080;913;0;456;18725157;0;0;18726526;21001606;
43881;900210555;2019-12-31;2019;MILES;0;12572;997100;0;1009672;589500;0;0;14429385;0;15018885;16028557;0;0;0;0;11058;0;11058;0;0;4018709;0;0;4018709;4029767;3000;0;0;11995790;0;0;11998790;16028557;
43882;900210555;2019-12-31;2018;MILES;0;0;970186;0;970186;589500;0;0;13322113;0;13911613;14881799;0;0;0;0;0;0;0;0;0;4018709;0;0;4018709;4018709;3000;0;0;10860090;0;0;10863090;14881799;
43883;830021108;2019-12-31;2019;MILES;406010;115567;3680461;3063662;7265700;2947752;5138;1319025;1615009;5138;5892062;13157762;1841075;2336512;0;70938;215847;508959;4973331;561433;16;56245;0;0;617694;5591025;1500000;0;372498;5694239;0;0;7566737;13157762;
43884;830021108;2019-12-31;2018;MILES;132550;73772;4217075;3509949;7933346;3044237;0;1362329;1878734;0;6285300;14218646;2120526;2298038;0;144088;102014;532017;5196683;1133984;445210;50660;0;0;1629854;6826537;1500000;0;339504;5552605;0;0;7392109;14218646;
43885;900230405;2019-12-31;2019;MILES;5738;72882;0;0;78620;0;40984604;0;-40984604;40984604;40984604;41063224;482081;7835153;0;0;295;0;8317529;0;32211501;0;0;0;32211501;40529030;10000;0;0;524194;0;0;534194;41063224;
43886;900230405;2019-12-31;2018;MILES;5738;164806;0;0;170544;0;41107594;0;-41107594;41107594;41107594;41278138;915429;7635968;0;0;78319;0;8629716;0;32148426;0;0;0;32148426;40778142;10000;0;0;489996;0;0;499996;41278138;
43887;900799428;2019-12-31;2019;MILES;595475;13421249;0;0;14016724;1845287;0;7003350;456084;0;9304721;23321445;0;183680;0;5933;5612;16512658;16707883;0;0;0;0;0;0;16707883;472000;580000;0;5561562;0;0;6613562;23321445;
43888;900799428;2019-12-31;2018;MILES;1580704;10419629;0;0;12000333;0;0;7003350;347888;0;7351238;19351571;0;0;0;0;10876;13063092;13073968;0;0;0;0;0;0;13073968;472000;580000;0;5225603;0;0;6277603;19351571;
43889;830507152;2019-12-31;2019;MILES;148310;0;1622119;4577174;6347603;128098;0;0;46618;0;174716;6522319;297335;802352;0;0;324870;0;1424557;0;0;0;0;0;0;1424557;1156000;379868;312670;3249224;0;0;5097762;6522319;
43890;830507152;2019-12-31;2018;MILES;305771;0;1762126;3471859;5539756;162289;0;0;0;0;162289;5702045;22945;787710;0;0;246306;0;1056961;0;0;0;0;0;0;1056961;1156000;379868;276211;2833005;0;0;4645084;5702045;
43891;813008405;2019-12-31;2019;MILES;167733;828604;8241599;0;9237936;6242967;0;0;489988;0;6732955;15970891;1113468;1677421;0;139576;367004;228684;3526153;3098652;0;545459;0;0;3644111;7170264;3300000;0;460678;3982512;0;1057437;8800627;15970891;
43892;813008405;2019-12-31;2018;MILES;581179;552827;8490478;0;9624484;3806208;0;0;489988;0;4296196;13920680;608753;3653996;0;141384;314269;382506;5100908;1321351;0;616390;0;0;1937741;7038649;3300000;0;460678;3028765;0;92588;6882031;13920680;
43893;832001805;2019-12-31;2019;MILES;1265346;491530;1106084;1017739;3880699;98068;0;4460500;24643;0;4583211;8463910;0;588725;0;303190;98075;3230;993220;0;0;470346;0;0;470346;1463566;300000;0;119986;6580358;0;0;7000344;8463910;
43894;832001805;2019-12-31;2018;MILES;1048281;583419;997234;790362;3419296;125661;0;4460500;90904;0;4677065;8096361;0;593048;0;228950;121194;2934;946126;0;0;457866;0;0;457866;1403992;300000;0;119986;6272383;0;0;6692369;8096361;
43895;890317116;2019-12-31;2019;MILES;46937;10490;0;0;57427;1199538;0;0;3563969;0;4763507;4820934;1710782;143107;0;2197;14837;0;1870923;0;0;69;0;0;69;1870992;800000;0;45901;79044;0;2024997;2949942;4820934;
43896;890317116;2019-12-31;2018;MILES;112061;8843;25228;0;146132;1228254;0;0;3565086;0;4793340;4939472;1750000;107124;0;2197;47883;0;1907204;0;0;69;0;0;69;1907273;800000;0;881;206321;0;2024997;3032199;4939472;
43897;900489117;2019-12-31;2019;MILES;210360;0;4322380;505102;5037842;3207175;0;0;2184705;0;5391880;10429722;0;93988;0;185351;346464;178158;803961;0;8568979;131045;0;523826;9223850;10027811;500000;0;0;-491225;0;393136;401911;10429722;
43898;900489117;2019-12-31;2018;MILES;65987;0;3995267;411447;4472701;3553453;0;0;2339838;0;5893291;10365992;0;242984;0;189812;83663;5182;521641;0;8616433;131045;0;608051;9355529;9877170;500000;0;0;-404314;0;393136;488822;10365992;
43899;900814101;2019-12-31;2019;MILES;2995063;51071;850144;0;3896278;3102941;1265000;0;3735000;1265000;9367941;13264219;0;0;0;0;64209;0;64209;0;3000000;40900;0;0;3040900;3105109;210000;2084595;0;7864515;0;0;10159110;13264219;
43900;900814101;2019-12-31;2018;MILES;858035;31126;4328219;0;5217380;2146057;1265000;0;3740671;1265000;8416728;13634108;0;0;0;0;301791;677;302468;0;3000000;15466;0;0;3015466;3317934;210000;2084595;0;8021579;0;0;10316174;13634108;
43901;830045470;2019-12-31;2019;MILES;91304;0;2234543;24465;2350312;3226380;0;0;892450;0;4118830;6469142;0;79461;0;44922;10403;23008;157794;564527;2858350;70815;0;0;3493692;3651486;439520;0;189391;545291;0;1643454;2817656;6469142;
43902;830045470;2019-12-31;2018;MILES;182092;0;1915849;31761;2129702;2634332;0;0;907021;0;3541353;5671055;0;1709520;0;97496;304224;15538;2126778;1243701;0;70815;0;0;1314516;3441294;439520;0;189391;730052;0;870798;2229761;5671055;
43903;900328533;2019-12-31;2019;MILES;27372581;82603;21503392;0;48958576;1086981;31532335;473970;22353192;31532335;86978813;135937389;3916656;1762998;0;0;3270056;0;8949710;48305424;13675526;655087;0;0;62636037;71585747;13548;42670825;25443;21641826;0;0;64351642;135937389;
43904;900328533;2019-12-31;2018;MILES;7534773;31288;5420574;0;12986635;572987;1923892;260808;47744776;1923892;52426355;65412990;0;1554195;0;0;3558806;0;5113001;0;0;106593;0;0;106593;5219594;13548;42670609;25443;17483796;0;0;60193396;65412990;
43905;800256429;2019-12-31;2019;MILES;343881;228779;30471;147161;750292;4036776;0;441148;1092988;0;5570912;6321204;0;269742;0;29311;34926;9992;343971;0;0;305199;0;0;305199;649170;1296232;0;368405;390247;0;3617150;5672034;6321204;
43906;800256429;2019-12-31;2018;MILES;402645;0;66713;151336;620694;4500551;0;0;716503;0;5217054;5837748;137;290910;0;34774;27320;19695;372836;0;0;289374;0;0;289374;662210;946455;0;355854;184654;0;3688575;5175538;5837748;
43907;800049083;2019-12-31;2019;MILES;1374656;364907;5173588;3785082;10698233;685382;0;0;2472269;0;3157651;13855884;4138403;3721571;18681;380107;0;50651;8309413;104421;0;57064;0;0;161485;8470898;185000;0;4306678;893308;0;0;5384986;13855884;
43908;800049083;2019-12-31;2018;MILES;1114279;899156;4866914;4162091;11042440;645968;0;0;2309437;0;2955405;13997845;4598135;3919812;18681;396222;0;67835;9000685;0;0;0;0;0;0;9000685;185000;0;4145538;666622;0;0;4997160;13997845;
43909;900822808;2019-12-31;2019;MILES;6984262;42737;813465;0;7840464;2768102;1325365;0;3679904;1325365;9098736;16939200;0;1636689;0;2699;68929;0;1708317;0;3000000;0;0;0;3000000;4708317;210000;0;0;12020883;0;0;12230883;16939200;
43910;900822808;2019-12-31;2018;MILES;5027004;41732;3000925;0;8069661;2703570;1245423;0;3756869;1245423;8951285;17020946;0;1273344;0;2689;319649;0;1595682;0;3000000;0;0;0;3000000;4595682;210000;0;0;12215264;0;0;12425264;17020946;
43911;900678208;2019-12-31;2019;MILES;1404846;22918;105;0;1427869;0;0;0;24412690;0;24412690;25840559;0;10915;0;0;13338;0;24253;0;0;719;0;0;719;24972;40000;24631955;68915;1074717;0;0;25815587;25840559;
43912;900678208;2019-12-31;2018;MILES;211888;40370;0;0;252258;0;0;12058;14571161;0;14583219;14835477;0;2;0;0;73459;0;73461;0;0;0;0;0;0;73461;21000;13676774;24593;1039649;0;0;14762016;14835477;
43913;890211049;2019-12-31;2019;MILES;1470215;23891;5229737;0;6723843;598171;314515;707373;2459124;314515;4393698;11117541;72059;581011;0;72071;214990;1010733;1950864;93226;0;60312;0;0;153538;2104402;1893528;715095;4480041;1924475;0;0;9013139;11117541;
43914;890211049;2019-12-31;2018;MILES;1144178;40939;5087580;0;6272697;615124;242200;707373;2426809;242200;4233706;10506403;63724;504793;0;61564;171680;970141;1771902;161304;0;52108;0;0;213412;1985314;1893528;715095;4048070;1864396;0;0;8521089;10506403;
43915;901079410;2019-12-31;2019;MILES;0;0;1150304;0;1150304;0;0;0;2420126;0;2420126;3570430;0;0;0;0;200;0;200;0;1171141;0;0;0;1171141;1171341;3588405;0;242693;-1432009;0;0;2399089;3570430;
43916;901079410;2019-12-31;2018;MILES;0;0;30962;0;30962;0;0;0;2807230;0;2807230;2838192;0;0;0;0;43021;0;43021;0;0;0;0;497694;497694;540715;4170045;0;242693;-2115261;0;0;2297477;2838192;
43917;890329516;2019-12-31;2019;MILES;308296;780821;341507;0;1430624;924900;0;0;2476017;0;3400917;4831541;0;3124054;1676;10660;5279;0;3141669;0;0;0;0;0;0;3141669;115000;237000;0;1015284;0;322588;1689872;4831541;
43918;890329516;2019-12-31;2018;MILES;90108;734146;869856;0;1694110;888900;0;0;1846939;0;2735839;4429949;0;2791976;0;8740;9178;0;2809894;0;0;0;0;0;0;2809894;115000;237000;0;945467;0;322588;1620055;4429949;
43919;892400201;2019-12-31;2019;MILES;816604;0;743204;0;1559808;501834;0;0;290531;0;792365;2352173;1998;376089;0;0;0;0;378087;0;725746;0;0;0;725746;1103833;100000;0;76974;1004438;0;66928;1248340;2352173;
43920;892400201;2019-12-31;2018;MILES;531272;0;1163053;0;1694325;633117;0;0;298692;0;931809;2626134;15798;379596;0;117179;113186;0;625759;0;0;0;0;0;0;625759;100000;0;76974;1675979;0;147422;2000375;2626134;
43921;801004901;2019-12-31;2019;MILES;22244;5775;315058;94072;437149;4152239;0;0;567018;0;4719257;5156406;76580;406412;0;16014;13816;0;512822;767939;261157;211946;0;220639;1461681;1974503;750000;1700;432045;1998158;0;0;3181903;5156406;
43922;801004901;2019-12-31;2018;MILES;41415;16332;116038;108665;282450;4161208;0;0;568456;0;4729664;5012114;92110;82835;0;13606;8613;0;197164;828989;745518;313549;0;327312;2215368;2412532;300000;1700;415305;1882577;0;0;2599582;5012114;
43923;800024403;2019-12-31;2019;MILES;1506559;50203;17031323;1259303;19847388;53484526;0;0;359368;0;53843894;73691282;28358499;6739814;0;36858;553715;0;35688886;0;0;0;0;0;0;35688886;510000;16584638;255000;14711508;0;5941250;38002396;73691282;
43924;800024403;2019-12-31;2018;MILES;1909594;204642;19349382;1127008;22590626;47261087;0;0;359368;0;47620455;70211081;25096447;7737564;0;33087;492571;0;33359669;0;0;0;0;0;0;33359669;510000;16584638;255000;13560524;0;5941250;36851412;70211081;
43925;800246604;2019-12-31;2019;MILES;218152;75022;3225093;9879;3528146;1100748;3452224;0;15646064;3452224;23651260;27179406;0;45672;0;24565;81908;3043;155188;0;0;0;0;0;0;155188;18000;0;9000;26997218;0;0;27024218;27179406;
43926;800246604;2019-12-31;2018;MILES;117063;74678;6586444;6315;6784500;1171959;0;0;15281080;0;16453039;23237539;0;53230;0;21802;71295;0;146327;0;0;0;0;0;0;146327;18000;0;9000;23064212;0;0;23091212;23237539;
43927;802010623;2019-12-31;2019;MILES;0;0;2062893;0;2062893;339204;0;0;146181;0;485385;2548278;0;0;0;0;9219;586378;595597;0;0;0;0;0;0;595597;632600;1954006;0;-633925;0;0;1952681;2548278;
43928;802010623;2019-12-31;2018;MILES;0;0;2242989;0;2242989;339204;0;0;146181;0;485385;2728374;0;0;0;0;24461;742013;766474;0;0;0;0;0;0;766474;632600;1954006;0;-624706;0;0;1961900;2728374;
43929;900609804;2019-12-31;2019;MILES;10027;150389;7509281;0;7669697;5281214;0;0;33881344;0;39162558;46832255;0;11874552;0;313913;39729;0;12228194;0;6197605;68497;0;0;6266102;18494296;15479005;14205716;30338;-1898304;0;521204;28337959;46832255;
43930;900609804;2019-12-31;2018;MILES;195519;1217285;3385926;0;4798730;5351708;7777873;0;21292968;7777873;42200422;46999152;0;16167030;0;189715;0;0;16356745;0;7388090;64250;0;0;7452340;23809085;15479005;14137864;30338;-6990579;0;533439;23190067;46999152;
43931;900557811;2019-12-31;2019;MILES;905;1524;0;0;2429;0;0;0;38735408;0;38735408;38737837;0;0;0;0;0;0;0;4828415;0;0;0;0;4828415;4828415;1000;0;8917335;24991087;0;0;33909422;38737837;
43932;900557811;2019-12-31;2018;MILES;905;1524;0;0;2429;0;0;0;36802910;0;36802910;36805339;0;0;0;0;0;0;0;4821675;0;0;0;0;4821675;4821675;1000;0;6984893;24997771;0;0;31983664;36805339;
43933;890900314;2019-12-31;2019;MILES;1407601;0;4944619;2180954;8533174;16015982;0;0;442740;0;16458722;24991896;1320445;1545873;0;496602;264032;64704;3691656;939510;0;902133;0;154290;1995933;5687589;425770;2077816;258284;16542437;0;0;19304307;24991896;
43934;890900314;2019-12-31;2018;MILES;1175586;0;4480956;2208673;7865215;16557271;0;0;465674;0;17022945;24888160;1671367;912875;0;514622;289780;0;3388644;1073053;0;943114;0;188812;2204979;5593623;425770;2077816;258284;16532667;0;0;19294537;24888160;
43935;805014762;2019-12-31;2019;MILES;63936;450951;3216539;3084685;6816111;209567;0;0;533836;0;743403;7559514;303448;3561611;0;110080;270611;0;4245750;659060;752080;0;0;18000;1429140;5674890;1000000;0;104656;750750;0;29218;1884624;7559514;
43936;805014762;2019-12-31;2018;MILES;213395;441815;2836822;2824110;6316142;310311;0;0;326226;0;636537;6952679;212863;3899262;0;96326;234422;0;4442873;131438;978850;0;0;18000;1128288;5571161;1000000;0;73913;247644;0;59961;1381518;6952679;
43937;811003513;2019-12-31;2019;MILES;1264167;327663;3599260;1375356;6566446;783074;0;10148835;284581;0;11216490;17782936;663433;2644330;0;168938;14179;0;3490880;7386851;0;230898;0;0;7617749;11108629;10040;0;30521;6633746;0;0;6674307;17782936;
43938;811003513;2019-12-31;2018;MILES;1103028;174816;3854903;1207073;6339820;252866;0;10148835;371039;0;10772740;17112560;628649;2129760;5445;134575;17;0;2898446;7990796;0;165412;0;0;8156208;11054654;10040;0;30521;6017345;0;0;6057906;17112560;
43939;900570632;2019-12-31;2019;MILES;2249804;31183;5298710;0;7579697;271595;0;1889053;4404095;0;6564743;14144440;0;9849;0;0;18884;0;28733;0;0;0;0;58301;58301;87034;1020;14098069;0;-41683;0;0;14057406;14144440;
43940;900570632;2019-12-31;2018;MILES;1566337;65725;4966558;0;6598620;271595;0;1889053;5217375;0;7378023;13976643;0;9680;0;8770;133911;0;152361;0;0;0;0;0;0;152361;1020;14098069;0;-274807;0;0;13824282;13976643;
43941;891300222;2019-12-31;2019;MILES;44511;5602;1933420;107536;2091069;31354234;1873913;0;13314464;1873913;48416524;50507593;73914;232818;0;180263;366058;12783;865836;5709546;0;3271885;0;371006;9352437;10218273;196701;0;7552929;32539690;0;0;40289320;50507593;
43942;891300222;2019-12-31;2018;MILES;660255;7134;2508962;97299;3273650;31892582;0;0;9870134;0;41762716;45036366;0;281722;0;163664;587208;10809;1043403;0;0;3182329;0;331953;3514282;4557685;196701;0;10968799;29313181;0;0;40478681;45036366;
43943;900212286;2019-12-31;2019;MILES;6122586;6362722;1289239;0;13774547;146332;0;9240749;8710415;0;18097496;31872043;0;316683;0;12917;200353;0;529953;689589;0;368200;0;0;1057789;1587742;6000;10011330;0;20266971;0;0;30284301;31872043;
43944;900212286;2019-12-31;2018;MILES;4917968;7297558;1032586;0;13248112;0;0;6753784;8325246;0;15079030;28327142;0;36760;0;0;416894;0;453654;0;0;765471;0;0;765471;1219125;6000;10011330;0;17090687;0;0;27108017;28327142;
43945;819004204;2019-12-31;2019;MILES;512091;723369;11295872;0;12531332;2677292;0;2259229;16627465;0;21563986;34095318;10088;2825713;1950;10714;396956;0;3245421;346789;5962170;2585214;0;0;8894173;12139594;80000;3960000;1334618;16564093;0;17013;21955724;34095318;
43946;819004204;2019-12-31;2018;MILES;527196;2691989;9912078;0;13131263;2597339;0;1906520;14413957;0;18917816;32049079;10000;2633653;1818;8535;27470;0;2681476;385848;10991056;2471483;0;0;13848387;16529863;80000;3960000;1334618;10144598;0;0;15519216;32049079;
43947;805029605;2019-12-31;2019;MILES;779976;1036222;225881;0;2042079;2233396;12369536;0;-4003330;12369536;22969138;25011217;149567;151528;0;0;17269;0;318364;1217576;1259274;339361;0;0;2816211;3134575;1635621;1470000;0;18771021;0;0;21876642;25011217;
43948;805029605;2019-12-31;2018;MILES;878490;1486743;586678;0;2951911;1483862;12106858;0;-4271140;12106858;21426438;24378349;51494;132076;0;0;143779;0;327349;1509693;656825;372387;0;0;2538905;2866254;1635621;1470000;0;18406474;0;0;21512095;24378349;
43949;860517381;2019-12-31;2019;MILES;221088;0;43022;0;264110;149124;1671757;1739954;576023;1671757;5808615;6072725;0;0;0;944;23551;0;24495;0;2008362;39945;0;0;2048307;2072802;961560;2435216;0;603147;0;0;3999923;6072725;
43950;860517381;2019-12-31;2018;MILES;169452;0;101203;0;270655;149124;1588947;1739953;818280;1588947;5885251;6155906;0;0;0;0;26545;0;26545;0;2109947;39954;0;0;2149901;2176446;961560;2435216;0;582684;0;0;3979460;6155906;
43951;830067768;2019-12-31;2019;MILES;266684;190582;4534446;407265;5398977;476616;0;1153087;0;0;1629703;7028680;3032;1217704;0;171062;0;649613;2041411;881305;0;6998;586516;0;1474819;3516230;1000000;0;441370;2071080;0;0;3512450;7028680;
43952;830067768;2019-12-31;2018;MILES;258657;269353;5624466;517225;6669701;648225;0;1153088;6697;0;1808010;8477711;167227;1217290;0;175784;998393;468171;3026865;812534;0;13956;515576;568607;1910673;4937538;1000000;0;413432;2126741;0;0;3540173;8477711;
43953;900070710;2019-12-31;2019;MILES;3512054;1410934;28881933;0;33804921;0;0;0;37469689;0;37469689;71274610;6864375;25697324;0;0;560278;22693622;55815599;0;0;193169;0;0;193169;56008768;200000;0;5016748;10049094;0;0;15265842;71274610;
43954;900070710;2019-12-31;2018;MILES;1133405;1973519;25416183;0;28523107;0;0;0;31051928;0;31051928;59575035;7000000;23901401;0;0;666933;17782619;49350953;0;0;193169;0;0;193169;49544122;200000;0;5016748;4814165;0;0;10030913;59575035;
43955;900319755;2019-12-31;2019;MILES;14470772;11173041;490323;0;26134136;424045;0;4350000;2938000;0;7712045;33846181;28883;5182922;2538;235431;291366;1243121;6984261;0;0;487958;0;0;487958;7472219;8246020;0;1487452;13038490;0;3602000;26373962;33846181;
43956;900319755;2019-12-31;2018;MILES;22192128;5444455;114368;0;27750951;227980;156442;4350000;-156442;156442;4734422;32485373;84380;5467091;0;455376;2077481;1775713;9860041;296256;0;400541;0;0;696797;10556838;7543174;0;717626;10065735;0;3602000;21928535;32485373;
43957;811033664;2019-12-31;2019;MILES;936335;436585;19142609;0;20515529;12644256;10171529;0;5521751;10171529;38509065;59024594;0;140392;0;59695;770042;6899281;7869410;0;41662895;1232109;0;0;42895004;50764414;1350000;1370577;0;-6820031;0;12359634;8260180;59024594;
43958;811033664;2019-12-31;2018;MILES;3071656;66588;16266420;0;19404664;21435072;8550005;0;4518471;8550005;43053553;62458217;51;149344;0;1204;7108;10626405;10784112;0;41821365;2243684;0;0;44065049;54849161;1350000;1370577;0;-16586844;0;21475323;7609056;62458217;
43959;900555508;2019-12-31;2019;MILES;559481;2865411;7602801;0;11027693;3038121;0;0;3773919;0;6812040;17839733;0;1385622;0;860398;3684383;114017;6044420;485541;1264549;106412;0;0;1856502;7900922;100000;0;50000;9788811;0;0;9938811;17839733;
43960;900555508;2019-12-31;2018;MILES;1320500;3014240;8250668;0;12585408;3557806;0;0;3790264;0;7348070;19933478;0;2524316;0;1022964;2218076;448369;6213725;1244365;6154867;98313;0;0;7497545;13711270;100000;0;50000;6072208;0;0;6222208;19933478;
43961;800173565;2019-12-31;2019;MILES;830092;1072620;2803761;5639089;10345562;175991;0;5147380;180204;0;5503575;15849137;81005;2214521;0;225091;0;3470477;5991094;0;1017658;55479;0;0;1073137;7064231;5151200;0;809463;2824243;0;0;8784906;15849137;
43962;800173565;2019-12-31;2018;MILES;2812169;998006;1722423;1346059;6878657;152370;0;4445534;203550;0;4801454;11680111;372517;950252;0;217841;0;925680;2466290;0;0;7253;0;0;7253;2473543;5151200;0;690882;3364486;0;0;9206568;11680111;
43963;900568496;2019-12-31;2019;MILES;17102;2684127;0;0;2701229;0;0;0;48803689;0;48803689;51504918;0;2480;0;0;1;5006;7487;0;0;0;0;0;0;7487;45500000;0;5946425;51006;0;0;51497431;51504918;
43964;900568496;2019-12-31;2018;MILES;5193144;0;441906;0;5635050;0;0;0;48791652;0;48791652;54426702;0;281975;0;0;2495213;4710;2781898;0;0;0;0;0;0;2781898;45500000;0;5946425;198379;0;0;51644804;54426702;
43965;900131745;2019-12-31;2019;MILES;6430808;5103088;61320566;37900000;110754462;3751183;0;0;646222;0;4397405;115151867;18694062;12071895;0;1460207;1095682;1835313;35157159;0;0;0;0;0;0;35157159;6000000;0;3087000;70907708;0;0;79994708;115151867;
43966;900131745;2019-12-31;2018;MILES;28767050;1484465;39307947;7640000;77199462;4879457;0;0;917591;0;5797048;82996510;0;677532;0;292207;1406955;0;2376694;0;0;4738915;0;0;4738915;7115609;6000000;0;4298532;65582369;0;0;75880901;82996510;
43967;900790291;2019-12-31;2019;MILES;1232;117097;11245400;0;11363729;0;2563797;0;202656780;2563797;207784374;219148103;0;64955;0;0;72175;0;137130;0;0;0;0;0;0;137130;200000;900000;100000;187579274;0;30231699;219010973;219148103;
43968;900790291;2019-12-31;2018;MILES;5469;85847;12151344;0;12242660;0;2562168;0;196827003;2562168;201951339;214193999;0;1000000;0;0;175381;0;1175381;0;0;0;0;0;0;1175381;200000;900000;100000;181579287;0;30239331;213018618;214193999;
43969;900390077;2019-12-31;2019;MILES;7461;7;0;0;7468;0;0;0;9485517;0;9485517;9492985;0;0;0;0;0;0;0;8113439;7538;450405;0;0;8571382;8571382;10000;0;0;911603;0;0;921603;9492985;
43970;900390077;2019-12-31;2018;MILES;7461;8;0;0;7469;0;0;0;9485517;0;9485517;9492986;0;40;0;0;1;0;41;7354707;5316;700787;0;0;8060810;8060851;10000;0;0;1422135;0;0;1432135;9492986;
43971;830062860;2019-12-31;2019;MILES;1577831;1289142;8952042;6251128;18070143;605970;0;0;297126;0;903096;18973239;0;1620207;0;0;0;0;1620207;0;10752983;0;0;0;10752983;12373190;1200000;0;616072;4660523;0;123454;6600049;18973239;
43972;830062860;2019-12-31;2018;MILES;1214331;1861528;9223611;6472827;18772297;536567;0;0;8126;0;544693;19316990;0;1855350;0;0;0;0;1855350;0;10084143;0;0;0;10084143;11939493;1200000;0;527375;4579526;0;1070596;7377497;19316990;
43973;860534134;2019-12-31;2019;MILES;168917;0;691873;17640;878430;2802976;0;0;30792709;0;33595685;34474115;0;98994;0;42275;110444;0;251713;0;0;0;272611;0;272611;524324;20000;0;60000;33869791;0;0;33949791;34474115;
43974;860534134;2019-12-31;2018;MILES;40612;0;950653;14400;1005665;2806476;322311;0;26201925;322311;29653023;30658688;0;409844;0;63106;140717;0;613667;0;0;0;272140;0;272140;885807;20000;0;60000;29692881;0;0;29772881;30658688;
43975;830040752;2019-12-31;2019;MILES;1889452;28016;2669192;0;4586660;247965;0;6763194;7655092;0;14666251;19252911;0;3397281;0;0;5761;3872;3406914;0;0;22593;0;4251122;4273715;7680629;420000;7190000;816211;3146071;0;0;11572282;19252911;
43976;830040752;2019-12-31;2018;MILES;1082818;79802;922970;0;2085590;276165;0;7152808;5268527;0;12697500;14783090;0;4417214;0;0;77941;1848;4497003;0;0;38963;0;1120134;1159097;5656100;420000;7190000;5000;1511990;0;0;9126990;14783090;
43977;860517144;2019-12-31;2019;MILES;356614;346697;17478654;55687;18237652;5178392;1541146;0;-969231;1541146;7291453;25529105;2438642;6296724;652445;0;219939;0;9607750;8663629;123710;404292;0;204729;9396360;19004110;1225497;0;612748;4686750;0;0;6524995;25529105;
43978;860517144;2019-12-31;2018;MILES;779340;300125;14446470;13971;15539906;5944795;1315396;0;-714116;1315396;7861471;23401377;2444504;3100981;65535;0;270178;0;5881198;8791839;137336;554500;0;385641;9869316;15750514;1225497;0;612748;5812618;0;0;7650863;23401377;
43979;830074622;2019-12-31;2019;MILES;99509;2059827;2308842;13994371;18462549;7138620;19227;0;9272101;19227;16449175;34911724;1171807;22961686;2038986;0;10175;74052;26256706;4951086;11681711;74926;0;74052;16781775;43038481;958308;0;479154;-9564219;0;0;-8126757;34911724;
43980;830074622;2019-12-31;2018;MILES;130245;1220513;2790707;13777733;17919198;7539720;17860;0;9273468;17860;16848908;34768106;1182024;21641036;1556640;0;44340;74052;24498092;4951086;11353547;85385;0;74052;16464070;40962162;958308;0;479154;-7631518;0;0;-6194056;34768106;
43981;900537921;2019-12-31;2019;MILES;374;0;1422143;0;1422517;0;669333;0;-669333;669333;669333;2091850;0;3417195;578657;159159;2760;0;4157771;0;2550991;0;0;0;2550991;6708762;10000;0;0;-4626912;0;0;-4616912;2091850;
43982;900537921;2019-12-31;2018;MILES;30893;0;1372943;0;1403836;0;603487;0;-602797;603487;604177;2008013;0;2265994;274231;482031;23590;0;3045846;0;1155601;0;0;0;1155601;4201447;10000;0;0;-2203434;0;0;-2193434;2008013;
43983;860070536;2019-12-31;2019;MILES;130346;7624613;10076775;3739326;21571060;330070;0;0;4820125;0;5150195;26721255;4837932;1665818;0;371830;1433491;1433537;9742608;0;0;0;0;2619304;2619304;12361912;7794479;4440116;2607057;-482309;0;0;14359343;26721255;
43984;860070536;2019-12-31;2018;MILES;82942;7145479;11450767;3780765;22459953;333843;0;0;4100125;0;4433968;26893921;5228003;1224006;0;514243;1055340;3295044;11316636;1726456;0;0;0;0;1726456;13043092;7794479;4440116;2607057;-990823;0;0;13850829;26893921;
43985;900889628;2019-12-31;2019;MILES;2047619;0;10177094;11124011;23348724;1659980;0;0;5380548;0;7040528;30389252;12123924;10064092;0;0;1953668;0;24141684;0;0;0;0;0;0;24141684;250000;3750000;3267;2244301;0;0;6247568;30389252;
43986;900889628;2019-12-31;2018;MILES;3535509;0;9022213;8302898;20860620;925769;0;0;1857165;0;2782934;23643554;11458089;5716076;0;0;1601974;0;18776139;0;0;0;0;0;0;18776139;250000;3750000;3267;864148;0;0;4867415;23643554;
43987;800219290;2019-12-31;2019;MILES;256870;1022232;10538978;5125088;16943168;20921182;0;0;11938342;0;32859524;49802692;5624599;11822427;0;508490;800572;0;18756088;10566610;1498426;3107739;0;0;15172775;33928863;3000000;0;449351;567547;0;11856931;15873829;49802692;
43988;800219290;2019-12-31;2018;MILES;144393;1106918;7926553;4252469;13430333;19210884;0;0;12266479;0;31477363;44907696;4928494;8333805;0;452326;613363;0;14327988;10217823;2351803;3107739;0;0;15677365;30005353;3000000;0;449351;-403939;0;11856931;14902343;44907696;
43989;800199606;2019-12-31;2019;MILES;4737036;4226475;979868;0;9943379;0;0;0;563591;0;563591;10506970;0;30852;0;0;25542;0;56394;58694;0;0;0;0;58694;115088;240120;0;120060;5422059;0;4609643;10391882;10506970;
43990;800199606;2019-12-31;2018;MILES;4439499;4225148;1664611;0;10329258;0;0;0;623849;0;623849;10953107;0;323756;0;0;12934;0;336690;97007;0;0;0;0;97007;433697;240120;0;120060;5549587;0;4609643;10519410;10953107;
43991;813003421;2019-12-31;2019;MILES;168521;10499;678960;2468487;3326467;695188;1416139;1583048;-1364351;1416139;3746163;7072630;165367;426347;0;87922;7677;0;687313;236143;3069466;0;0;1549381;4854990;5542303;21000;0;14038;1495289;0;0;1530327;7072630;
43992;813003421;2019-12-31;2018;MILES;210031;8807;1669798;3743165;5631801;747355;782693;1583048;-716247;782693;3179542;8811343;135837;919246;0;119449;3650;0;1178182;156724;3687951;0;0;2322806;6167481;7345663;21000;0;14038;1430642;0;0;1465680;8811343;
43993;860512972;2019-12-31;2019;MILES;268735;723;14189;0;283647;174000;11473929;3950900;52166560;11473929;79239318;79522965;0;370;0;0;48315;0;48685;4630680;2426539;433681;0;0;7490900;7539585;26110;1328442;41913095;28715733;0;0;71983380;79522965;
43994;860512972;2019-12-31;2018;MILES;71428;0;0;0;71428;174000;12129689;3950900;46699898;12129689;75084176;75155604;0;123;0;0;30054;0;30177;100000;5161321;433681;0;0;5695002;5725179;26100;0;42102116;27302209;0;0;69430425;75155604;
43995;900033567;2019-12-31;2019;MILES;510387;456918;2038675;97240;3103220;39185220;3617783;0;2456831;3617783;48877617;51980837;3411147;2621108;0;351407;808734;1028139;8220535;4655777;0;0;0;33264204;37919981;46140516;17200000;96250;50000;-12042307;0;536378;5840321;51980837;
43996;900033567;2019-12-31;2018;MILES;337718;6115124;1641646;146774;8241262;23229956;4295643;0;1785618;4295643;33606860;41848122;3217784;1249071;0;394583;995934;1329212;7186584;5485538;0;27869;0;19054643;24568050;31754634;17200000;96250;50000;-7792151;0;539389;10093488;41848122;
43997;800241469;2019-12-31;2019;MILES;2481170;7354884;21670188;0;31506242;3060568;4076217;0;-1147444;4076217;10065558;41571800;8106179;21332539;292263;1539612;702985;0;31973578;3244131;302494;0;0;0;3546625;35520203;2600000;0;2700082;751515;0;0;6051597;41571800;
43998;800241469;2019-12-31;2018;MILES;5874879;3957749;17561025;0;27393653;2722688;3183001;0;-440929;3183001;8647761;36041414;5613661;17379991;152832;1441913;640371;0;25228768;5234501;278063;0;0;0;5512564;30741332;2600000;0;1948387;751695;0;0;5300082;36041414;
43999;900242553;2019-12-31;2019;MILES;352000;5083000;3541000;787000;9763000;26521000;6337000;0;388000;6337000;39583000;49346000;3462000;5951000;0;0;462000;233000;10108000;9513000;6012000;3832000;0;0;19357000;29465000;2500000;0;766000;16615000;0;0;19881000;49346000;
44000;900242553;2019-12-31;2018;MILES;209000;6220000;3244000;594000;10267000;27004000;1855000;0;5085000;1855000;35799000;46066000;3375000;7305000;0;0;340000;219000;11239000;5258000;6909000;3795000;0;0;15962000;27201000;2500000;0;680000;15685000;0;0;18865000;46066000;
44001;830139248;2019-12-31;2019;MILES;225770;33035;428548;0;687353;12860689;0;0;6654384;0;19515073;20202426;0;12298;0;0;2046;0;14344;0;353167;1321234;0;6369;1680770;1695114;6360259;0;1829898;1845445;0;8471710;18507312;20202426;
44002;830139248;2019-12-31;2018;MILES;180220;0;720730;0;900950;13001226;0;0;2364589;0;15365815;16266765;0;1658601;0;0;17843;0;1676444;0;0;1382811;0;6369;1389180;3065624;5796759;0;1829898;3600221;0;1974263;13201141;16266765;
44003;860015576;2019-12-31;2019;MILES;15116161;1688898;17680830;1381682;35867571;30188663;1716009;75000;-1589047;1716009;32106634;67974205;2219936;8887900;120052;1335730;371578;0;12935196;7973701;15072027;235992;0;7758983;31040703;43975899;5962775;0;1713506;4978474;0;11343551;23998306;67974205;
44004;860015576;2019-12-31;2018;MILES;19099200;1338188;17973437;2479676;40890501;33897298;1248027;75000;-329825;1248027;36138527;77029028;2148494;14712044;37671;1282197;628033;0;18808439;11717581;9872207;0;0;11697733;33287521;52095960;4897492;0;1629150;4047770;0;14358656;24933068;77029028;
44005;890920431;2019-12-31;2019;MILES;662838;3025580;343987;0;4032405;12356248;0;0;2794068;0;15150316;19182721;0;493553;0;11537;17138;0;522228;0;0;986508;0;0;986508;1508736;40000;0;20000;15594265;0;2019720;17673985;19182721;
44006;890920431;2019-12-31;2018;MILES;714309;3011569;340761;0;4066639;12471447;0;0;2842147;0;15313594;19380233;0;512317;0;0;172526;0;684843;0;0;987626;0;0;987626;1672469;40000;0;20000;15628044;0;2019720;17707764;19380233;
44007;806012020;2019-12-31;2019;MILES;371;3480;0;0;3851;4746223;1561077;0;-425477;1561077;7442900;7446751;0;0;0;0;10107;0;10107;0;2606414;0;0;0;2606414;2616521;30000;0;15000;4785230;0;0;4830230;7446751;
44008;806012020;2019-12-31;2018;MILES;371;600;0;0;971;3079759;1316237;0;-182612;1316237;5529621;5530592;0;0;0;0;8779;0;8779;0;2953558;0;0;0;2953558;2962337;30000;0;15000;2523255;0;0;2568255;5530592;
44009;900564863;2019-12-31;2019;MILES;216400;26016;2097134;814543;3154093;1621490;887697;0;-115169;887697;3281715;6435808;1401075;1306182;0;98990;96478;0;2902725;247137;0;17893;0;0;265030;3167755;1225000;0;188643;1854410;0;0;3268053;6435808;
44010;900564863;2019-12-31;2018;MILES;286062;25415;1562954;1257176;3131607;1604906;812630;0;-437630;812630;2792536;5924143;658156;1744192;0;83068;133669;0;2619085;0;0;0;0;493630;493630;3112715;1225000;0;144048;1442380;0;0;2811428;5924143;
44011;800242993;2019-12-31;2019;MILES;532155;340619958;83878;0;341235991;44564;0;0;0;0;44564;341280555;0;4925493;0;0;41945;0;4967438;0;4061433;0;0;0;4061433;9028871;200000;0;332192385;-140701;0;0;332251684;341280555;
44012;800242993;2019-12-31;2018;MILES;280511;275520132;171762;0;275972405;44564;0;0;0;0;44564;276016969;0;58834;0;0;261415;0;320249;0;4061433;0;0;0;4061433;4381682;200000;0;271956808;-521521;0;0;271635287;276016969;
44013;860090915;2019-12-31;2019;MILES;9327110;1556815;65146132;0;76030057;3254548;8418751;2146310;4240999;8418751;26479359;102509416;25445888;20701789;0;0;2562674;135920;48846271;0;4503754;1020480;0;1189685;6713919;55560190;5034000;0;15628441;13439803;0;12846982;46949226;102509416;
44014;860090915;2019-12-31;2018;MILES;3713415;2369967;77783195;0;83866577;3221221;5998531;2146310;5398406;5998531;22762999;106629576;29334086;21500468;0;0;2030598;144463;53009615;3000000;4620517;2991927;0;17341;10629785;63639400;5034000;0;15213827;10890014;0;11852335;42990176;106629576;
44015;800142314;2019-12-31;2019;MILES;66908;0;508800;0;575708;0;0;1922000;7848530;0;9770530;10346238;0;1717;0;0;14764;0;16481;0;0;36795;0;0;36795;53276;400000;0;951310;8584752;0;356900;10292962;10346238;
44016;800142314;2019-12-31;2018;MILES;24630;10919;512354;0;547903;0;0;1922000;7848530;0;9770530;10318433;0;1324;0;0;34521;0;35845;0;0;36795;0;0;36795;72640;400000;0;951310;8537583;0;356900;10245793;10318433;
44017;822002258;2019-12-31;2019;MILES;847065;435944;1545792;0;2828801;6058930;0;11693795;3247271;0;20999996;23828797;0;1307846;0;0;67329;9867;1385042;0;0;0;0;382249;382249;1767291;5050000;0;11595843;5415663;0;0;22061506;23828797;
44018;822002258;2019-12-31;2018;MILES;1337367;416108;822444;0;2575919;5629620;0;11693795;582312;0;17905727;20481646;0;1820346;0;0;92493;8193;1921032;0;0;0;0;65604;65604;1986636;5050000;0;8122087;5322923;0;0;18495010;20481646;
44019;900775769;2019-12-31;2019;MILES;116272;0;29366;15327502;15473140;324104;0;0;0;0;324104;15797244;656580;14787403;0;0;94157;0;15538140;0;0;0;0;0;0;15538140;250000;0;0;9104;0;0;259104;15797244;
44020;900775769;2019-12-31;2018;MILES;170772;4629;7749;11372598;11555748;0;0;0;0;0;0;11555748;1340599;9970988;0;0;6173;0;11317760;0;0;0;0;0;0;11317760;250000;0;0;-12012;0;0;237988;11555748;
44021;860352933;2019-12-31;2019;MILES;19368;0;70044;2851539;2940951;12142992;0;0;346039;0;12489031;15429982;0;5170268;0;0;26500;0;5196768;0;7959409;0;0;0;7959409;13156177;5587600;12144;0;-5103352;0;1777413;2273805;15429982;
44022;860352933;2019-12-31;2018;MILES;20952;0;74442;2851539;2946933;12146247;0;0;346040;0;12492287;15439220;0;4871132;0;0;92000;0;4963132;0;7271052;0;0;0;7271052;12234184;5587600;12144;0;-4172121;0;1777413;3205036;15439220;
44023;900528321;2019-12-31;2019;MILES;3543725;5849462;11959;0;9405146;3210636;5;0;4504218;5;7714864;17120010;38609;693423;0;0;83231;2592;817855;332776;0;31355;0;0;364131;1181986;1194127;3478142;7852087;3413668;0;0;15938024;17120010;
44024;900528321;2019-12-31;2018;MILES;2076540;4753558;21469;0;6851567;2633909;930809;0;3573049;930809;8068576;14920143;34203;800344;0;0;53944;3000;891491;371506;0;18549;0;0;390055;1281546;1194127;3478142;7271685;1694643;0;0;13638597;14920143;
44025;800204486;2019-12-31;2019;MILES;3166398;0;12148639;5766697;21081734;5721121;0;0;1630083;0;7351204;28432938;1635063;10269922;0;164235;1613413;0;13682633;0;0;49234;0;2437501;2486735;16169368;2000000;0;6323365;3807227;0;132978;12263570;28432938;
44026;800204486;2019-12-31;2018;MILES;1814899;0;13310852;5713459;20839210;3198524;0;0;1219899;0;4418423;25257633;1711838;10665152;0;115894;696794;0;13189678;0;0;41500;0;652968;694468;13884146;2000000;0;5870206;3360700;0;142581;11373487;25257633;
44027;900268240;2019-12-31;2019;MILES;0;0;5090442;0;5090442;2532868;0;0;7608889;0;10141757;15232199;0;3060441;0;0;9351;0;3069792;0;0;123581;0;0;123581;3193373;1366206;0;7422;10665198;0;0;12038826;15232199;
44028;900268240;2019-12-31;2018;MILES;0;0;4184682;0;4184682;2559896;0;0;5712281;0;8272177;12456859;0;2082860;0;0;33483;0;2116343;0;0;121705;0;0;121705;2238048;1366206;0;7422;8845183;0;0;10218811;12456859;
44029;890100248;2019-12-31;2019;MILES;233528;98765806;13274404;0;112273738;16108367;0;18273996;27634708;0;62017071;174290809;3437633;42358940;0;1308038;2580158;21022149;70706918;824353;2994962;2461761;0;13156946;19438022;90144940;4200000;21800000;2000000;56145869;0;0;84145869;174290809;
44030;890100248;2019-12-31;2018;MILES;279826;82204804;16019382;0;98504012;19133781;0;18273996;19741448;0;57149225;155653237;13014600;15274518;0;3444217;8210802;15335135;55279272;1042919;6373632;3319960;0;10329019;21065530;76344802;4200000;21800000;2000000;51308435;0;0;79308435;155653237;
44031;900318972;2019-12-31;2019;MILES;5235;0;1269475;0;1274710;31207;0;0;1097816;0;1129023;2403733;0;380512;0;695;27244;0;408451;0;408047;0;0;0;408047;816498;1000000;0;272982;314253;0;0;1587235;2403733;
44032;900318972;2019-12-31;2018;MILES;3291;740886;2913320;510000;4167497;844740;0;0;3025618;0;3870358;8037855;0;1492368;0;9636;30901;0;1532905;0;2125434;0;0;0;2125434;3658339;1000000;0;272982;3106534;0;0;4379516;8037855;
44033;890917620;2019-12-31;2019;MILES;1424730;84083;13092856;0;14601669;4239122;0;0;103253;0;4342375;18944044;0;8170680;0;24461;79531;0;8274672;0;0;0;0;0;0;8274672;220000;0;2500;10446872;0;0;10669372;18944044;
44034;890917620;2019-12-31;2018;MILES;214702;45709;14864088;0;15124499;4236544;0;0;103253;0;4339797;19464296;0;8452560;0;28212;136315;0;8617087;0;0;0;0;0;0;8617087;220000;0;2500;10624709;0;0;10847209;19464296;
44035;800230032;2019-12-31;2019;MILES;679151;257188;9140445;0;10076784;1447252;0;0;459140;0;1906392;11983176;0;4039896;0;0;655466;0;4695362;0;0;0;0;0;0;4695362;220017;0;110009;6957788;0;0;7287814;11983176;
44036;800230032;2019-12-31;2018;MILES;347800;184008;8843152;0;9374960;1447252;0;0;456621;0;1903873;11278833;0;4601904;0;0;371270;0;4973174;0;0;0;0;0;0;4973174;220017;0;110009;5975633;0;0;6305659;11278833;
44037;860531015;2019-12-31;2019;MILES;138469;0;1972308;895;2111672;17998745;0;0;9061093;0;27059838;29171510;5824;378146;0;26123;113196;0;523289;0;5623409;1468399;0;268330;7360138;7883427;3618262;0;226137;17443684;0;0;21288083;29171510;
44038;860531015;2019-12-31;2018;MILES;134744;0;3030599;446;3165789;18246615;0;0;8679451;0;26926066;30091855;16302;582288;0;20974;10757;0;630321;0;6312085;1488009;0;266800;8066894;8697215;3618262;0;226137;17550241;0;0;21394640;30091855;
44039;900256875;2019-12-31;2019;MILES;211828;24328;2290696;0;2526852;13500;1796376;11818597;-1719898;1796376;13704951;16231803;0;5083290;0;0;0;0;5083290;0;0;415941;0;0;415941;5499231;121000;9209701;0;1401871;0;0;10732572;16231803;
44040;900256875;2019-12-31;2018;MILES;82690;2162911;24940;0;2270541;15300;2438345;11737159;-2305199;2438345;14323950;16594491;389633;5716784;0;0;70400;0;6176817;0;0;251603;0;0;251603;6428420;121000;9209701;0;835370;0;0;10166071;16594491;
44041;860043809;2019-12-31;2019;MILES;1014836;803988;3113752;0;4932576;17273578;0;0;16945815;0;34219393;39151969;0;861189;0;0;0;0;861189;0;0;0;0;0;0;861189;1030000;0;10368674;-1136054;0;28028160;38290780;39151969;
44042;860043809;2019-12-31;2018;MILES;599221;913410;3085264;0;4597895;17326804;0;0;16101265;0;33428069;38025964;0;1762738;0;0;0;0;1762738;0;0;31759;0;0;31759;1794497;1030000;0;6980132;193175;0;28028160;36231467;38025964;
44043;900345780;2019-12-31;2019;MILES;321039;3736;822104;0;1146879;3441919;0;0;3316138;0;6758057;7904936;0;2880464;0;25531;77216;0;2983211;0;0;0;0;0;0;2983211;1110000;0;2596339;1184547;0;30839;4921725;7904936;
44044;900345780;2019-12-31;2018;MILES;1457303;4082;393313;0;1854698;3888709;0;0;2178084;0;6066793;7921491;0;3356432;0;16616;343801;0;3716849;0;0;0;0;0;0;3716849;1110000;0;1244908;1797716;0;52018;4204642;7921491;
44045;890307617;2019-12-31;2019;MILES;709433;91965;56000;0;857398;85238;0;7170167;453554;0;7708959;8566357;0;29880;0;73596;239030;0;342506;0;0;427481;0;0;427481;769987;300000;0;142789;7353581;0;0;7796370;8566357;
44046;890307617;2019-12-31;2018;MILES;229574;31294;45000;0;305868;85238;0;6822910;472709;0;7380857;7686725;223;1688;0;6313;56608;0;64832;0;0;385847;0;0;385847;450679;300000;0;109621;6826425;0;0;7236046;7686725;
44047;890940567;2019-12-31;2019;MILES;345608;0;2713283;2304797;5363688;5130619;0;24981;59648;0;5215248;10578936;3077680;1740275;18064;208544;410871;0;5455434;0;0;744536;0;10906;755442;6210876;800000;0;73758;2707472;0;786830;4368060;10578936;
44048;890940567;2019-12-31;2018;MILES;138558;0;2658708;2464018;5261284;4836994;0;40477;130679;0;5008150;10269434;3062170;1793529;0;183727;183947;0;5223373;0;0;774231;0;0;774231;5997604;800000;0;73758;2603354;0;794718;4271830;10269434;
44049;900447148;2019-12-31;2019;MILES;690424;46003;1989521;7864090;10590038;0;0;0;0;0;0;10590038;0;3618633;0;0;195;6359860;9978688;0;0;0;0;0;0;9978688;10000;0;5000;596350;0;0;611350;10590038;
44050;900447148;2019-12-31;2018;MILES;733777;49731;536141;12223877;13543526;0;0;0;0;0;0;13543526;0;5444281;0;0;5207;7301243;12750731;0;0;0;0;0;0;12750731;10000;0;5000;777795;0;0;792795;13543526;
44051;890212868;2019-12-31;2019;MILES;333453;3191100;5714047;2461822;11700422;23432246;17182;0;28513929;17182;51980539;63680961;6799337;8696633;0;693902;672955;0;16862827;7119465;0;2914292;0;1614671;11648428;28511255;3453595;113350;2319084;29283677;0;0;35169706;63680961;
44052;890212868;2019-12-31;2018;MILES;1531127;4249219;1440627;1994436;9215409;24937640;28931;0;25234458;28931;50229960;59445369;2330615;9214314;0;666974;912858;0;13124761;8177675;0;3327509;0;1614670;13119854;26244615;3453595;113350;2319084;27314725;0;0;33200754;59445369;
44053;890207947;2019-12-31;2019;MILES;31696;40724;1012903;4950;1090273;6379971;0;0;23998165;0;30378136;31468409;0;232064;0;111067;490;0;343621;0;692310;285331;0;0;977641;1321262;278750;0;647826;29220571;0;0;30147147;31468409;
44054;890207947;2019-12-31;2018;MILES;35423;27254;1092238;5276;1160191;6444294;0;0;23286332;0;29730626;30890817;0;302674;0;99022;24203;0;425899;0;0;290421;0;0;290421;716320;278750;0;647826;29247921;0;0;30174497;30890817;
44055;800002143;2019-12-31;2019;MILES;2791156;31750;723935;32702;3579543;22313288;0;9489304;112671;0;31915263;35494806;37916;7339717;0;0;0;0;7377633;0;0;2352222;0;0;2352222;9729855;2000000;0;1000000;22276703;0;488248;25764951;35494806;
44056;800002143;2019-12-31;2018;MILES;4645293;27719;731586;33384;5437982;20645932;0;9348113;90474;0;30084519;35522501;1416667;6230435;0;0;0;0;7647102;2597221;0;2185123;0;0;4782344;12429446;2000000;0;1000000;19604807;0;488248;23093055;35522501;
44057;860000762;2019-12-31;2019;MILES;9170147;5337153;4064250;28782345;47353895;439199231;272160;0;27662434;272160;467405985;514759880;15357848;15456822;1380000;3236504;2104807;20141237;57677218;38586645;0;52942562;0;729894;92259101;149936319;21610481;31006585;65484787;246721708;0;0;364823561;514759880;
44058;860000762;2019-12-31;2018;MILES;2008751;6267820;5532128;22650661;36459360;373803194;391704;0;22410493;391704;396997095;433456455;10936940;21858195;130000;2992030;3235867;13183403;52336435;47397504;0;39514256;0;804608;87716368;140052803;21610481;31006585;13364774;227421812;0;0;293403652;433456455;
44059;890212357;2019-12-31;2019;MILES;53894;100007;4555853;5524;4715278;8283489;25273;0;24066915;25273;32400950;37116228;0;157393;0;154361;1226;0;312980;0;0;1302322;0;0;1302322;1615302;3949962;0;2206495;29344469;0;0;35500926;37116228;
44060;890212357;2019-12-31;2018;MILES;55292;94960;5704432;6877;5861561;8369165;26660;0;23589107;26660;32011592;37873153;0;280203;0;134014;13018;0;427235;0;0;1364549;0;0;1364549;1791784;3949962;0;2206495;29924912;0;0;36081369;37873153;
44061;800155500;2019-12-31;2019;MILES;17497;0;4446351;233156;4697004;1414590;0;0;33437;0;1448027;6145031;1257645;966272;0;774698;263707;114490;3376812;250663;0;77388;0;0;328051;3704863;1000000;0;174138;1266030;0;0;2440168;6145031;
44062;800155500;2019-12-31;2018;MILES;19401;0;4870043;167348;5056792;1151097;0;0;98893;0;1249990;6306782;1667994;956513;111787;503826;340631;16423;3597174;256231;0;162247;0;196390;614868;4212042;1000000;0;127033;967707;0;0;2094740;6306782;
44063;890920936;2019-12-31;2019;MILES;241756;75985;3759714;0;4077455;1505618;0;0;1228359;0;2733977;6811432;0;862327;0;0;213217;0;1075544;0;0;0;0;0;0;1075544;7200;247800;3861;5477027;0;0;5735888;6811432;
44064;890920936;2019-12-31;2018;MILES;136042;80410;3839700;0;4056152;1488814;0;0;1103320;0;2592134;6648286;0;1090641;0;0;149980;0;1240621;0;0;0;0;0;0;1240621;7200;247800;3861;5148804;0;0;5407665;6648286;
44065;830055550;2019-12-31;2019;MILES;2194;120299;1047473;0;1169966;2878;0;0;0;0;2878;1172844;0;600259;0;124672;95004;553;820488;0;0;0;0;0;0;820488;102472;0;86200;163684;0;0;352356;1172844;
44066;830055550;2019-12-31;2018;MILES;54707;160141;948864;0;1163712;9132;0;0;0;0;9132;1172844;0;647993;0;176438;46833;7241;878505;0;0;0;0;0;0;878505;102472;0;86200;105667;0;0;294339;1172844;
44067;900521271;2019-12-31;2019;MILES;632071;404296;1860043;958828;3855238;217448;0;0;186887;0;404335;4259573;0;905154;0;0;296534;137993;1339681;0;0;0;0;0;0;1339681;2986290;0;0;-66398;0;0;2919892;4259573;
44068;900521271;2019-12-31;2018;MILES;116511;493592;2700448;1779614;5090165;143148;0;0;191756;0;334904;5425069;0;2021004;0;0;219456;203163;2443623;0;0;0;0;0;0;2443623;2986290;0;0;-4844;0;0;2981446;5425069;
44069;800005972;2019-12-31;2019;MILES;1240942;0;2438194;2136554;5815690;463606;0;0;0;0;463606;6279296;378919;1838599;0;76918;623411;71037;2988884;0;0;0;0;0;0;2988884;250000;0;240000;2800412;0;0;3290412;6279296;
44070;800005972;2019-12-31;2018;MILES;501397;0;2700573;1877509;5079479;459519;0;0;0;0;459519;5538998;276475;1708132;0;82330;506870;0;2573807;0;0;0;0;0;0;2573807;250000;0;240000;2475191;0;0;2965191;5538998;
44071;900402027;2019-12-31;2019;MILES;49715;11660;214862;0;276237;0;0;3421553;3416260;0;6837813;7114050;93216;3757;0;0;11151;0;108124;653800;0;424064;0;0;1077864;1185988;2200000;0;70804;3657258;0;0;5928062;7114050;
44072;900402027;2019-12-31;2018;MILES;72628;335;208479;0;281442;0;0;2885547;3292914;0;6178461;6459903;91649;798;0;0;38565;0;131012;742284;0;311115;0;0;1053399;1184411;2200000;0;60929;3014563;0;0;5275492;6459903;
44073;830116500;2019-12-31;2019;MILES;89058;2277612;2564658;90485;5021813;3482019;0;3489417;221316;0;7192752;12214565;16574;801982;0;0;0;0;818556;1445741;1720871;0;0;0;3166612;3985168;1000002;0;200001;7029394;0;0;8229397;12214565;
44074;830116500;2019-12-31;2018;MILES;571058;3156341;1445695;279822;5452916;3369734;0;3489417;269967;0;7129118;12582034;17879;1315476;0;0;0;0;1333355;1514850;1938597;0;0;0;3453447;4786802;400002;0;200001;7195229;0;0;7795232;12582034;
44075;900414477;2019-12-31;2019;MILES;152056;53760;31555419;0;31761235;0;0;0;5408035;0;5408035;37169270;0;32272684;0;0;17;11989;32284690;0;0;0;0;0;0;32284690;1742000;0;414782;2727798;0;0;4884580;37169270;
44076;900414477;2019-12-31;2018;MILES;72891;114400;32762588;0;32949879;0;0;0;467545;0;467545;33417424;0;28808625;0;0;183;116019;28924827;0;0;0;0;0;0;28924827;1742000;0;411346;2339251;0;0;4492597;33417424;
44077;900902534;2019-12-31;2019;MILES;97957;487846;9549923;0;10135726;123589263;0;0;3119248;0;126708511;136844237;0;2402690;0;0;1004887;0;3407577;0;0;14211400;0;0;14211400;17618977;11927773;0;0;4176356;0;103121131;119225260;136844237;
44078;900902534;2019-12-31;2018;MILES;746003;157413;7658913;0;8562329;122689583;0;0;3092868;0;125782451;134344780;0;2277375;0;0;1033987;0;3311362;0;0;16538041;0;0;16538041;19849403;11927773;0;0;4161929;0;98405675;114495377;134344780;
44079;800138563;2019-12-31;2019;MILES;163814;0;1062662;0;1226476;898303;0;1638466;6511221;0;9047990;10274466;0;3942;0;0;10641;0;14583;0;0;741943;0;0;741943;756526;2000;0;63709;9452231;0;0;9517940;10274466;
44080;800138563;2019-12-31;2018;MILES;151419;0;902904;0;1054323;919693;0;1470928;6044014;0;8434635;9488958;0;0;0;0;8358;0;8358;0;0;701325;0;0;701325;709683;2000;0;63709;8713566;0;0;8779275;9488958;
44081;900050847;2019-12-31;2019;MILES;141168;164040;5728174;0;6033382;3944655;0;0;2586613;0;6531268;12564650;0;4569173;0;0;278232;0;4847405;0;0;0;0;0;0;4847405;48973;3364443;6908;4296921;0;0;7717245;12564650;
44082;900050847;2019-12-31;2018;MILES;130613;170282;7584632;0;7885527;3200186;0;0;2584434;0;5784620;13670147;0;6218263;0;0;215439;0;6433702;0;0;0;0;0;0;6433702;48973;3364443;6908;3816121;0;0;7236445;13670147;
44083;860055912;2019-12-31;2019;MILES;52249;741060;51637173;34867641;87298123;8809045;0;0;1335861;0;10144906;97443029;302342;9652684;0;47788;157623;774486;10934923;14430099;21433531;268507;0;27541558;63673695;74608618;10918502;0;171740;11744169;0;0;22834411;97443029;
44084;860055912;2019-12-31;2018;MILES;245869;26427;40154460;26192251;66619007;12752732;0;0;1294485;0;14047217;80666224;369319;4265404;0;140793;99124;427882;5302522;9104294;15357828;268507;0;28765998;53496627;58799149;10001355;0;160789;11704931;0;0;21867075;80666224;
44085;802015564;2019-12-31;2019;MILES;42588;0;5946701;0;5989289;423606;0;0;1857779;0;2281385;8270674;717111;795541;0;147691;195140;0;1855483;0;0;0;0;0;0;1855483;3700000;0;962402;1752789;0;0;6415191;8270674;
44086;802015564;2019-12-31;2018;MILES;346538;0;869079;0;1215617;406207;7276041;0;-5648842;7276041;9309447;10525064;330781;835886;0;248185;264731;0;1679583;496171;104956;0;0;0;601127;2280710;3700000;0;900764;3643590;0;0;8244354;10525064;
44087;890919436;2019-12-31;2019;MILES;3700092;95064;4977072;5099087;13871315;2782396;0;0;0;0;2782396;16653711;4987;2246084;878;325755;475670;129526;3182900;0;0;535311;0;0;535311;3718211;4519932;0;1040050;7375518;0;0;12935500;16653711;
44088;890919436;2019-12-31;2018;MILES;3766610;154640;5162788;4735890;13819928;2956015;0;0;6149;0;2962164;16782092;25584;2839684;6586;288467;518796;42453;3721570;71183;0;775938;0;0;847121;4568691;4519932;0;1040050;6653419;0;0;12213401;16782092;
44089;900673904;2019-12-31;2019;MILES;46147;132432;139037;0;317616;13815435;0;0;1747347;0;15562782;15880398;0;7540;0;29264;211691;0;248495;0;9461228;0;0;100;9461328;9709823;5500000;0;165707;504868;0;0;6170575;15880398;
44090;900673904;2019-12-31;2018;MILES;326233;1546395;93534;0;1966162;11000359;0;0;1056352;0;12056711;14022873;0;38;0;28247;139543;0;167828;0;7937095;0;0;0;7937095;8104923;5500000;0;138400;279550;0;0;5917950;14022873;
44091;900403279;2019-12-31;2019;MILES;7314793;33523150;6591671;0;47429614;0;76910327;0;50594111;76910327;204414765;251844379;0;500424;0;0;12108;0;512532;0;59192426;0;0;0;59192426;59704958;1000000;20859215;2018246;165234963;0;3026997;192139421;251844379;
44092;900403279;2019-12-31;2018;MILES;572119;417015;8885310;0;9874444;0;67408223;0;59658834;67408223;194475280;204349724;0;0;0;0;649943;0;649943;0;14192426;0;0;0;14192426;14842369;1000000;20859215;2018246;165629894;0;0;189507355;204349724;
44093;890911625;2019-12-31;2019;MILES;2058674;50838;10353505;3426872;15889889;100305790;0;0;13711772;0;114017562;129907451;10569364;10891624;0;1711891;3833268;0;27006147;19475767;0;2826316;0;0;22302083;49308230;2525738;1916135;30943468;45213880;0;0;80599221;129907451;
44094;890911625;2019-12-31;2018;MILES;3689208;71636;8240294;3737916;15739054;96828453;0;0;11553816;0;108382269;124121323;8515828;11514353;0;1546833;2855142;0;24432156;21235716;0;2782292;0;0;24018008;48450164;2525738;1916135;27790239;43439047;0;0;75671159;124121323;
44095;900370766;2019-12-31;2019;MILES;719297;43898;5917938;2494089;9175222;898296;0;0;4600;0;902896;10078118;749255;495439;0;72187;111237;0;1428118;1474500;0;0;0;0;1474500;2902618;4450000;0;135128;2590372;0;0;7175500;10078118;
44096;900370766;2019-12-31;2018;MILES;1159310;26952;1113437;710620;3010319;1912965;0;0;0;0;1912965;4923284;1013665;166988;0;5266;96161;0;1282080;254166;0;0;0;0;254166;1536246;1450000;0;71130;1865908;0;0;3387038;4923284;
44097;811009784;2019-12-31;2019;MILES;973443;3712328;1187304;159386;6032461;29675642;9986776;0;68734104;9986776;118383298;124415759;0;6113643;328936;214470;9031;0;6666080;2566216;6782176;10351977;0;1149527;20849896;27515976;608971;1582139;4783409;11277789;0;78647475;96899783;124415759;
44098;811009784;2019-12-31;2018;MILES;1530104;2797807;1614471;135428;6077810;29698334;9869597;0;54899844;9869597;104337372;110415182;0;5648152;286349;548414;107939;0;6590854;682;6438283;9075191;0;1095888;16610044;23200898;608971;1582139;4783409;12740062;0;67499703;87214284;110415182;
44099;900640306;2019-12-31;2019;MILES;58531;470433;2560830;24433;3114227;2948860;0;0;1044087;0;3992947;7107174;0;981955;193576;405;37350;0;1213286;0;1585196;3595;0;1907933;3496724;4710010;2439681;1066000;10513;-1119030;0;0;2397164;7107174;
44100;900640306;2019-12-31;2018;MILES;41318;252965;1377898;48583;1720764;3445323;0;0;744789;0;4190112;5910876;0;2075513;7146;92986;114069;0;2289714;0;0;0;0;2402591;2402591;4692305;1906681;0;0;-688110;0;0;1218571;5910876;
44101;900266895;2019-12-31;2019;MILES;278573;364059;187374;13830;843836;6076314;2239844;0;6331350;2239844;16887352;17731188;0;465549;14728;28052;2209;0;510538;0;2411200;1421300;0;141128;3973628;4484166;600000;0;172273;1294658;0;11180091;13247022;17731188;
44102;900266895;2019-12-31;2018;MILES;475600;256050;104540;11299;847489;6069580;2368130;0;4813114;2368130;15618954;16466443;0;370665;7718;53743;1648;0;433774;0;2363490;1304195;0;119558;3787243;4221017;600000;0;161564;1564198;0;9919664;12245426;16466443;
44103;901313608;2019-12-31;2019;MILES;15200475;53;1919;0;15202447;0;0;0;216443650;0;216443650;231646097;5483751;1493491;0;0;0;0;6977242;212000000;0;0;0;0;212000000;218977242;101000;14647647;0;-6023482;0;3943690;12668855;231646097;
44104;901313608;2019-12-31;2018;MILES;0;0;0;0;0;0;0;0;0;0;0;0;0;0;0;0;0;0;0;0;0;0;0;0;0;0;0;0;0;0;0;0;0;0;
44105;900305092;2019-12-31;2019;MILES;827945;147207;522718;159244;1657114;5929507;2094669;0;9360820;2094669;19479665;21136779;7883;959873;0;144201;84994;0;1196951;1966284;0;1592546;0;0;3558830;4755781;310000;0;41558;16029440;0;0;16380998;21136779;
44106;900305092;2019-12-31;2018;MILES;424866;135545;758461;1876;1320748;6058115;1886092;0;9438605;1886092;19268904;20589652;1570;552117;0;133460;67061;0;754208;1949850;0;1619437;0;0;3569287;4323495;310000;0;38466;15917691;0;0;16266157;20589652;
44107;900467440;2019-12-31;2019;MILES;2511525;13378;0;0;2524903;180965;0;0;4200130;0;4381095;6905998;0;0;0;0;29014;0;29014;0;346247;352650;0;0;698897;727911;1100;5526164;0;650823;0;0;6178087;6905998;
44108;900467440;2019-12-31;2018;MILES;2785854;13707;58622;0;2858183;85830;0;0;4175428;0;4261258;7119441;0;0;0;0;30644;0;30644;0;734117;367488;0;0;1101605;1132249;1100;5526165;0;459927;0;0;5987192;7119441;
44109;800161633;2019-12-31;2019;MILES;63303484;712653823;185360886;48359459;1009677652;53135554;0;0;19720515;0;72856069;1082533721;0;409816471;0;1270888;1816607;8333927;421237893;0;0;0;0;0;0;421237893;358090;297657514;1119010;362161214;0;0;661295828;1082533721;
44110;800161633;2019-12-31;2018;MILES;19834530;771613764;109647123;39198083;940293500;58103640;0;0;12746127;0;70849767;1011143267;11831603;418517885;0;1036173;4242267;15073861;450701789;0;0;0;0;0;0;450701789;358090;297657514;1119010;261306864;0;0;560441478;1011143267;
44111;890320240;2019-12-31;2019;MILES;260226;1163245;19418760;5701217;26543448;25057505;0;0;18632877;0;43690382;70233830;9655129;13919119;0;1084392;1160515;167844;25986999;2076695;0;3261716;0;0;5338411;31325410;3000000;0;15288278;21863586;0;-1243444;38908420;70233830;
44112;890320240;2019-12-31;2018;MILES;483895;1273099;17285630;4663089;23705713;25141600;0;0;17895780;0;43037380;66743093;8667595;9595128;0;920488;1201844;67208;20452263;3447093;0;3424085;0;0;6871178;27323441;3000000;0;15322361;22713064;0;-1615773;39419652;66743093;
44113;900074271;2019-12-31;2019;MILES;54653;6134;2648286;9673411;12382484;2888368;0;1067310;226250;0;4181928;16564412;843487;1870960;0;476625;70308;912225;4173605;2520109;0;0;0;0;2520109;6693714;1000000;270000;0;8500297;0;100401;9870698;16564412;
44114;900074271;2019-12-31;2018;MILES;1008834;5132;3718940;6365635;11098541;2474449;0;1067310;226250;0;3768009;14866550;1029551;1937993;0;99459;0;1429700;4496703;3078574;0;0;0;0;3078574;7575277;1000000;270000;0;5920872;0;100401;7291273;14866550;
44115;890907824;2019-12-31;2019;MILES;1495439;761815;6494834;0;8752088;304000396;14733390;0;-9795319;14733390;323671857;332423945;1760564;2686350;0;558544;2212802;258303;7476563;128292699;9406653;23686988;0;3545197;164931537;172408100;480000;29940000;228883;129366962;0;0;160015845;332423945;
44116;890907824;2019-12-31;2018;MILES;1314963;161350;7634865;0;9111178;292185115;9626297;8782600;-4722663;9626297;315497646;324608824;463621;4068789;0;436831;2106779;205479;7281499;127095452;8739833;22518794;0;4962212;163316291;170597790;480000;29940000;228883;123362151;0;0;154011034;324608824;
44117;900641409;2019-12-31;2019;MILES;165983;547470;2454744;231355;3399552;3104710;0;0;189335;0;3294045;6693597;440247;340814;0;367637;407887;129524;1686109;914709;139066;368163;0;0;1421938;3108047;800000;0;172217;2235086;0;378247;3585550;6693597;
44118;900641409;2019-12-31;2018;MILES;411779;178930;3135660;215137;3941506;3281481;0;0;87749;0;3369230;7310736;654672;329274;0;154877;545686;168006;1852515;1170799;597751;368163;0;0;2136713;3989228;800000;0;123753;2019508;0;378247;3321508;7310736;
44119;811036723;2019-12-31;2019;MILES;57431;27502;233055;0;317988;6483068;0;0;19454069;0;25937137;26255125;20468;57662;0;0;155372;91;233593;4282959;139880;1709826;0;0;6132665;6366258;52513;902747;26257;18907350;0;0;19888867;26255125;
44120;811036723;2019-12-31;2018;MILES;57218;37206;214431;0;308855;6571453;0;0;19176242;0;25747695;26056550;20457;544227;0;0;152629;0;717313;4582474;0;1644033;0;0;6226507;6943820;52513;902747;26257;18131213;0;0;19112730;26056550;
44121;800237475;2019-12-31;2019;MILES;1020446;149068;27902087;1181915;30253516;15959596;0;85653044;14883784;0;116496424;146749940;678054;4160509;0;488374;1965680;0;7292617;23344173;19037746;507627;5263965;19582;48173093;55465710;4000000;0;1616897;17144578;0;68522755;91284230;146749940;
44122;800237475;2019-12-31;2018;MILES;1071690;148746;23153985;1731915;26106336;16719065;0;86066249;15376694;0;118162008;144268344;687306;3349258;0;401291;1192530;0;5630385;23450564;18149011;507627;5263965;39363;47410530;53040915;4000000;0;1613655;17091019;0;68522755;91227429;144268344;
44123;900972709;2019-12-31;2019;MILES;1000;15821363;5074172;0;20896535;0;0;0;5;0;5;20896540;0;0;0;0;0;0;0;0;20226041;0;0;0;20226041;20226041;1000;0;0;669499;0;0;670499;20896540;
44124;900972709;2019-12-31;2018;MILES;1000;15892775;0;0;15893775;0;0;0;6;0;6;15893781;0;13320;0;0;569;0;13889;0;14723550;388833;0;0;15112383;15126272;1000;0;0;766509;0;0;767509;15893781;
44125;890914526;2019-12-31;2019;MILES;8234813;11579805;331607027;64437932;415859577;139116331;0;0;62256519;0;201372850;617232427;79967647;155924567;0;6129929;15958777;5037150;263018070;133820015;11057485;5914294;0;2511054;153302848;416320918;100000;72;120667968;72191216;0;7952253;200911509;617232427;
44126;890914526;2019-12-31;2018;MILES;19150714;11661727;307350928;66387179;404550548;141278709;0;0;57455534;0;198734243;603284791;39166660;150104381;0;5776011;15096887;4639674;214783613;180809988;10082200;3652362;0;2215055;196759605;411543218;100000;72;118896245;72745256;0;0;191741573;603284791;
44127;830038474;2019-12-31;2019;MILES;1046;97887;5167139;0;5266072;1959879;1347926;0;-310753;1347926;4344978;9611050;2322;326747;0;85725;1957;12177;428928;3389198;0;0;0;0;3389198;3818126;910380;4986733;133167;-237356;0;0;5792924;9611050;
44128;830038474;2019-12-31;2018;MILES;48663;102208;4701289;0;4852160;2011241;1364278;0;-98211;1364278;4641586;9493746;8220;298108;0;27689;21403;43763;399183;7918224;0;0;0;0;7918224;8317407;860000;0;133167;183172;0;0;1176339;9493746;
44129;800200139;2019-12-31;2019;MILES;1270772;471170;2512813;2310305;6565060;1149273;0;0;6840847;0;7990120;14555180;71314;1595890;0;393064;1206938;500947;3768153;3207967;0;0;0;0;3207967;6976120;1370000;0;485000;5724060;0;0;7579060;14555180;
44130;800200139;2019-12-31;2018;MILES;725563;564800;2055028;2471090;5816481;3489975;0;0;7425223;0;10915198;16731679;491267;1001405;0;356557;1304734;535039;3689002;3595627;0;0;0;0;3595627;7284629;1370000;0;457401;7619649;0;0;9447050;16731679;
44131;800076835;2019-12-31;2019;MILES;0;0;3370;0;3370;0;80000;0;2103249;80000;2263249;2266619;0;80900;0;0;322;0;81222;0;0;189362;0;0;189362;270584;40000;0;7550;1948485;0;0;1996035;2266619;
44132;800076835;2019-12-31;2018;MILES;0;0;2389;0;2389;0;80000;0;2227288;80000;2387288;2389677;0;74218;0;0;4061;0;78279;0;0;203803;0;0;203803;282082;40000;0;7550;2060045;0;0;2107595;2389677;
44133;900616606;2019-12-31;2019;MILES;13688;155;2376115;0;2389958;0;0;24922368;3618786;0;28541154;30931112;0;0;0;0;0;0;0;10176678;20731103;0;0;0;30907781;30907781;50000;0;0;-26669;0;0;23331;30931112;
44134;900616606;2019-12-31;2018;MILES;39325;0;2019938;0;2059263;0;0;24922368;1937242;0;26859610;28918873;0;402;0;0;0;0;402;12338286;16550985;0;0;0;28889271;28889673;50000;0;0;-20800;0;0;29200;28918873;
44135;822003865;2019-12-31;2019;MILES;9495485;281876;24901766;4172606;38851733;15153837;0;0;18494;0;15172331;54024064;0;10799428;0;34571;94774;0;10928773;0;0;0;0;0;0;10928773;10000000;0;2554892;12742872;0;17797527;43095291;54024064;
44136;822003865;2019-12-31;2018;MILES;17691523;415122;17215845;11023217;46345707;14537533;0;0;18494;0;14556027;60901734;0;36126367;0;54562;95351;0;36276280;0;0;0;0;0;0;36276280;10000000;0;2453739;12021621;0;150094;24625454;60901734;
44137;860528320;2019-12-31;2019;MILES;3487838;34571;8185005;6076332;17783746;3411157;423947;0;1085567;423947;5344618;23128364;0;3157915;0;289914;705327;54152;4207308;0;0;538190;0;0;538190;4745498;40500;0;20250;18322116;0;0;18382866;23128364;
44138;860528320;2019-12-31;2018;MILES;795512;17678;13241870;14526451;28581511;3691630;423947;0;823545;423947;5363069;33944580;0;15870424;0;251465;297000;18809;16437698;0;0;538190;0;0;538190;16975888;40500;0;20250;16907942;0;0;16968692;33944580;
44139;830088759;2019-12-31;2019;MILES;3374026;24680;5941907;966068;10306681;1538979;200684;0;-139838;200684;1800509;12107190;1;3665217;0;221341;306970;0;4193529;1260734;0;0;0;0;1260734;5454263;500000;0;250000;5902927;0;0;6652927;12107190;
44140;830088759;2019-12-31;2018;MILES;384210;0;6236396;3033669;9654275;240396;120000;0;-114258;120000;366138;10020413;251205;2847225;0;0;466241;0;3564671;1260734;0;922;0;0;1261656;4826327;250000;0;124999;4819087;0;0;5194086;10020413;
44141;830143509;2019-12-31;2019;MILES;111527;205253;108;0;316888;0;0;0;14469580;0;14469580;14786468;0;4467400;0;0;5624;176311;4649335;5167056;0;968;0;0;5168024;9817359;5065400;0;0;-96291;0;0;4969109;14786468;
44142;830143509;2019-12-31;2018;MILES;82165;196597;313948;0;592710;0;0;0;17168977;0;17168977;17761687;0;7970339;0;0;168;1071704;9042211;5256834;0;3106557;0;0;8363391;17405602;400000;0;0;-43915;0;0;356085;17761687;
44143;811004145;2019-12-31;2019;MILES;0;91646;2302732;0;2394378;1194470;2234585;0;32058720;2234585;37722360;40116738;0;4012;0;4621;144912;0;153545;0;17829444;1083703;0;0;18913147;19066692;26015;1336422;8698;19678911;0;0;21050046;40116738;
44144;811004145;2019-12-31;2018;MILES;0;6983;3680713;0;3687696;1194470;4075684;0;13859534;4075684;23205372;26893068;0;0;0;0;79315;0;79315;0;5237580;1013940;0;293851;6545371;6624686;26000;1336422;8698;18897262;0;0;20268382;26893068;
44145;900803328;2019-12-31;2019;MILES;550407;4508069;0;2919094;7977570;1473181;0;2021985;2305311;0;5800477;13778047;4990317;0;0;0;28934;0;5019251;0;0;0;0;0;0;5019251;5000;0;2500;3181296;0;5570000;8758796;13778047;
44146;900803328;2019-12-31;2018;MILES;179974;5972859;0;4041402;10194235;16107;0;2021985;1705311;0;3743403;13937638;5466064;0;0;0;46048;0;5512112;0;0;0;0;0;0;5512112;5000;0;2500;2848026;0;5570000;8425526;13937638;
44147;891101301;2019-12-31;2019;MILES;153838;1249;24795635;0;24950722;361491;0;3817873;2548421;0;6727785;31678507;0;275224;0;0;1986128;0;2261352;0;0;2212290;0;1631099;3843389;6104741;500000;0;1239457;1309038;0;22525271;25573766;31678507;
44148;891101301;2019-12-31;2018;MILES;144970;2487;21781957;0;21929414;381066;1536760;3825016;997251;1536760;8276853;30206267;1456477;22871;0;0;61299;0;1540647;0;0;2210754;0;1240003;3450757;4991404;500000;0;1239457;950135;0;22525271;25214863;30206267;
44149;900156496;2019-12-31;2019;MILES;3228810;76635;12088591;1164049;16558085;5617387;0;0;5000;0;5622387;22180472;0;16935632;0;11415;186347;0;17133394;0;0;0;0;0;0;17133394;2000000;0;516843;2530235;0;0;5047078;22180472;
44150;900156496;2019-12-31;2018;MILES;2432639;77094;14362685;559222;17431640;4944226;0;0;5000;0;4949226;22380866;0;17720735;0;23121;171785;0;17915641;0;0;0;0;0;0;17915641;2000000;0;429428;2035797;0;0;4465225;22380866;
44151;900276886;2019-12-31;2019;MILES;503;83135;0;1275643;1359281;7237906;0;0;4229563;0;11467469;12826750;0;0;0;0;295484;794215;1089699;0;0;0;0;2613472;2613472;3703171;2000000;0;600000;6523579;0;0;9123579;12826750;
44152;900276886;2019-12-31;2018;MILES;1306;86412;0;1238843;1326561;7292721;0;0;4102416;0;11395137;12721698;0;0;0;0;231699;541143;772842;0;0;0;0;2854117;2854117;3626959;2000000;0;600000;6494739;0;0;9094739;12721698;
44153;900488773;2019-12-31;2019;MILES;267531;10375;925881;206434;1410221;90406;0;0;39656;0;130062;1540283;0;943359;0;59379;120781;3606;1127125;0;0;0;0;0;0;1127125;50000;0;25000;338158;0;0;413158;1540283;
44154;900488773;2019-12-31;2018;MILES;65291;10375;990208;134875;1200749;124598;0;0;60642;0;185240;1385989;0;837650;0;59659;116615;1315;1015239;0;0;0;0;0;0;1015239;50000;0;25000;295750;0;0;370750;1385989;
44155;811012403;2019-12-31;2019;MILES;428820;0;2697178;2325915;5451913;279330;0;0;808620;0;1087950;6539863;349899;2537760;0;93228;245825;0;3226712;1399595;0;316053;0;0;1715648;4942360;500000;0;217010;880493;0;0;1597503;6539863;
44156;811012403;2019-12-31;2018;MILES;307096;0;3784978;3338936;7431010;3962646;0;0;961341;0;4923987;12354997;894501;3133376;0;108981;170783;0;4307641;3628777;0;833127;0;0;4461904;8769545;500000;0;212952;2007949;0;864551;3585452;12354997;
44157;900695903;2019-12-31;2019;MILES;9000;0;5970;0;14970;0;2532562;0;150164624;2532562;155229748;155244718;0;18059;0;0;0;0;18059;0;0;0;0;0;0;18059;9000;9991000;6083405;139143254;0;0;155226659;155244718;
44158;900695903;2019-12-31;2018;MILES;9000;0;2597214;0;2606214;0;0;0;146820769;0;146820769;149426983;0;18059;0;0;15228;0;33287;0;0;0;0;0;0;33287;9000;9991000;2237360;137156336;0;0;149393696;149426983;
44159;901019042;2019-12-31;2019;MILES;184157;11694;0;0;195851;0;0;0;34000000;0;34000000;34195851;0;32226401;0;0;0;0;32226401;0;0;0;0;0;0;32226401;2000000;0;0;-30550;0;0;1969450;34195851;
44160;901019042;2019-12-31;2018;MILES;184157;11751;0;0;195908;0;0;0;34000000;0;34000000;34195908;0;32220000;0;0;0;0;32220000;0;0;0;0;0;0;32220000;2000000;0;0;-24092;0;0;1975908;34195908;
44161;802020619;2019-12-31;2019;MILES;320662;0;1885963;4582080;6788705;419235;1864641;2086400;-1864641;1864641;4370276;11158981;2531715;2270601;0;0;282387;0;5084703;885582;1585438;0;0;0;2471020;7555723;2500000;0;10000;1093258;0;0;3603258;11158981;
44162;802020619;2019-12-31;2018;MILES;759550;0;1803762;10560671;13123983;882833;974680;2620736;-974680;974680;4478249;17602232;2906123;20633;0;0;2536;4369387;7298679;2831197;1395439;0;0;0;4226636;11525315;2500000;0;10000;667602;0;2899315;6076917;17602232;
44163;900542770;2019-12-31;2019;MILES;56676;0;26518916;0;26575592;0;0;0;60929886;0;60929886;87505478;0;8444589;0;23631;44317;0;8512537;0;0;0;0;72067840;72067840;80580377;942201;0;71385;5911515;0;0;6925101;87505478;
44164;900542770;2019-12-31;2018;MILES;132133;0;33197135;0;33329268;0;0;0;57203559;0;57203559;90532827;0;6952230;0;25804;64880;0;7042914;0;0;0;0;72067840;72067840;79110754;942201;0;71385;10408487;0;0;11422073;90532827;
44165;860530304;2019-12-31;2019;MILES;5890;543840;1289229;87713;1926672;46966376;0;0;80007418;0;126973794;128900466;1193109;6994906;0;1696838;1565593;0;11450446;33607640;0;12379251;0;0;45986891;57437337;4380000;5854974;849268;28702045;0;31676842;71463129;128900466;
44166;860530304;2019-12-31;2018;MILES;3327;462492;2589630;3481498;6536947;53314561;0;0;83909602;0;137224163;143761110;4745432;8062490;0;1439298;1325571;0;15572791;36044367;0;12389389;0;0;48433756;64006547;4128320;5308294;849268;29130029;0;40338652;79754563;143761110;
44167;804005914;2019-12-31;2019;MILES;205102;1281994;11842238;7214867;20544201;15689314;0;0;150375;0;15839689;36383890;248557;4889087;545343;0;621716;87020;6391723;0;195763;0;9693750;190529;10080042;16471765;5000000;0;263378;4453555;0;10195192;19912125;36383890;
44168;804005914;2019-12-31;2018;MILES;530441;2573594;8753340;6304160;18161535;16056511;0;0;139863;0;16196374;34357909;267097;2055001;257341;0;581747;303692;3464878;0;122018;1045215;10416774;196522;11780529;15245407;5000000;0;263378;3396966;0;10452158;19112502;34357909;
44169;800051659;2019-12-31;2019;MILES;2578;50403;6000340;35;6053356;254472;0;0;0;0;254472;6307828;1490805;1973694;0;146158;422352;0;4033009;0;0;0;0;0;0;4033009;1100000;0;347484;827335;0;0;2274819;6307828;
44170;800051659;2019-12-31;2018;MILES;1978;42492;5284830;0;5329300;304775;0;0;0;0;304775;5634075;1490805;1889210;0;200324;505751;0;4086090;0;473341;0;0;0;473341;4559431;1100000;0;341823;-367179;0;0;1074644;5634075;
44171;900061274;2019-12-31;2019;MILES;307829;0;595823;0;903652;2031407;0;0;35053753;0;37085160;37988812;1233422;1864936;0;0;265043;0;3363401;0;0;325909;0;0;325909;3689310;2457923;0;0;199365;0;31642214;34299502;37988812;
44172;900061274;2019-12-31;2018;MILES;307838;0;755475;0;1063313;2071770;0;0;18397519;0;20469289;21532602;193410;1454246;0;0;202896;0;1850552;0;0;740981;0;0;740981;2591533;2457923;0;0;758829;0;15724317;18941069;21532602;
44173;900561688;2019-12-31;2019;MILES;303977;1035666;7410130;0;8749773;937923;0;0;237961;0;1175884;9925657;0;449992;0;6632;3744;1464263;1924631;450187;0;0;0;0;450187;2374818;5040000;0;289546;2221293;0;0;7550839;9925657;
44174;900561688;2019-12-31;2018;MILES;551297;1045888;6451551;0;8048736;937923;0;0;237961;0;1175884;9224620;0;317515;0;15588;9173;1361500;1703776;1001877;0;0;0;0;1001877;2705653;5040000;0;186359;1292608;0;0;6518967;9224620;
44175;800061409;2019-12-31;2019;MILES;341422;729437;6792216;0;7863075;964996;0;0;1062122;0;2027118;9890193;59604;254331;0;82833;507905;0;904673;456987;896471;0;0;1652355;3005813;3910486;80000;0;1700074;4199633;0;0;5979707;9890193;
44176;800061409;2019-12-31;2018;MILES;132505;502970;7545613;0;8181088;1654492;0;0;395484;0;2049976;10231064;99505;364914;0;101986;501430;0;1067835;433793;1594779;0;0;1717323;3745895;4813730;80000;0;1700074;3637260;0;0;5417334;10231064;
44177;900559513;2019-12-31;2019;MILES;5699;0;1305452;201430;1512581;245425;3224063;0;-2179983;3224063;4513568;6026149;2900116;176275;0;0;0;2748;3079139;0;0;0;0;0;0;3079139;138090;4488671;0;-1679751;0;0;2947010;6026149;
44178;900559513;2019-12-31;2018;MILES;6215;0;1265750;201430;1473395;245425;3132747;0;-2223233;3132747;4287686;5761081;2681363;156142;0;0;0;2970;2840475;0;0;0;0;0;0;2840475;138090;4418297;0;-1635781;0;0;2920606;5761081;
44179;830095632;2019-12-31;2019;MILES;23045;0;5147280;0;5170325;1100000;0;0;6666842;0;7766842;12937167;0;29671;0;0;0;0;29671;617254;871860;0;0;0;1489114;1518785;5200000;1500000;964995;3753387;0;0;11418382;12937167;
44180;830095632;2019-12-31;2018;MILES;377487;0;5503222;0;5880709;1100082;0;0;6666842;0;7766924;13647633;0;280522;0;0;0;0;280522;727754;1011293;0;0;0;1739047;2019569;5200000;1500000;658927;4269137;0;0;11628064;13647633;
44181;830128043;2019-12-31;2019;MILES;27997;0;1952978;0;1980975;2095183;0;0;7209177;0;9304360;11285335;0;88662;0;0;173712;0;262374;617240;871859;325083;0;0;1814182;2076556;4000000;1500000;400316;3308463;0;0;9208779;11285335;
44182;830128043;2019-12-31;2018;MILES;566087;0;670786;0;1236873;4329695;0;0;7209177;0;11538872;12775745;0;114506;0;0;46916;0;161422;0;1011293;1054145;0;1938251;4003689;4165111;4000000;1500000;378214;2732420;0;0;8610634;12775745;
44183;830142201;2019-12-31;2019;MILES;73571;1566344;4497549;0;6137464;363542;0;0;5135242;0;5498784;11636248;885475;4776598;152745;1222919;1482309;0;8520046;1508107;0;1544;0;0;1509651;10029697;988000;0;50273;568278;0;0;1606551;11636248;
44184;830142201;2019-12-31;2018;MILES;122467;642254;3121453;0;3886174;156334;0;0;4517321;0;4673655;8559829;471891;3111825;180414;1803643;1303280;0;6871053;941057;0;0;0;0;941057;7812110;988000;0;50273;-290554;0;0;747719;8559829;
44185;900182860;2019-12-31;2019;MILES;1777758;890095;695180;450772;3813805;1148582;0;290000;32033;0;1470615;5284420;281948;9786;0;33873;19113;0;344720;885142;0;0;38925;0;924067;1268787;10000;0;0;4005633;0;0;4015633;5284420;
44186;900182860;2019-12-31;2018;MILES;1420732;227277;1738491;480350;3866850;1217623;0;0;32033;0;1249656;5116506;168658;333283;0;52695;181158;350662;1086456;308581;0;0;31153;0;339734;1426190;10000;0;0;3680316;0;0;3690316;5116506;
44187;900331172;2019-12-31;2019;MILES;282313;117261;231567;54148;685289;1454644;0;5822000;5616401;0;12893045;13578334;0;173408;0;54051;20211;0;247670;941413;0;0;0;0;941413;1189083;11921219;0;0;468032;0;0;12389251;13578334;
44188;900331172;2019-12-31;2018;MILES;280089;127573;189643;54148;651453;1399343;0;5822000;5616401;0;12837744;13489197;0;111074;0;54132;50628;0;215834;1073515;0;0;0;0;1073515;1289349;11921219;0;0;278629;0;0;12199848;13489197;
44189;892201114;2019-12-31;2019;MILES;5090820;4256737;12817477;4960161;27125195;2393722;0;6290561;15998002;0;24682285;51807480;8304889;7586247;0;193445;0;0;16084581;0;0;1535907;0;0;1535907;17620488;140000;0;71307;33975685;0;0;34186992;51807480;
44190;892201114;2019-12-31;2018;MILES;3941907;10686720;14343383;6157855;35129865;2530706;0;101620;13962811;0;16595137;51725002;12405196;7727422;0;165318;0;0;20297936;0;0;1341085;0;0;1341085;21639021;140000;0;71307;29874674;0;0;30085981;51725002;
44191;891102601;2019-12-31;2019;MILES;905543;1032696;2828337;4061660;8828236;5654955;0;752541;3389795;0;9797291;18625527;743194;6444392;0;130383;384985;0;7702954;349217;456226;279488;0;0;1084931;8787885;300000;0;321159;7333161;0;1883322;9837642;18625527;
44192;891102601;2019-12-31;2018;MILES;1005857;787189;2781026;4856201;9430273;6201908;0;752541;3435707;0;10390156;19820429;987460;7308077;0;117778;276684;0;8689999;915530;350709;269938;0;0;1536177;10226176;300000;0;321159;7089772;0;1883322;9594253;19820429;
44193;900166615;2019-12-31;2019;MILES;548346;971656;4364691;0;5884693;163064;0;0;1505697;0;1668761;7553454;491612;2745667;0;419846;208665;0;3865790;0;0;22899;0;0;22899;3888689;1250000;0;806609;987691;0;620465;3664765;7553454;
44194;900166615;2019-12-31;2018;MILES;1113592;1020466;2387263;0;4521321;195152;0;0;1240195;0;1435347;5956668;373319;2270773;0;0;247132;0;2891224;0;0;118429;0;0;118429;3009653;1250000;0;806609;269941;0;620465;2947015;5956668;
44195;860520304;2019-12-31;2019;MILES;2334237;3511265;926062;0;6771564;373145;0;58902;3681328;0;4113375;10884939;0;228;0;2349;3420;0;5997;0;0;147952;0;0;147952;153949;500000;0;5732979;4498011;0;0;10730990;10884939;
44196;860520304;2019-12-31;2018;MILES;1907648;3544806;1317874;0;6770328;425355;0;58902;5951316;0;6435573;13205901;0;40620;0;10619;73470;67;124776;0;0;636851;0;0;636851;761627;500000;0;5732979;6211295;0;0;12444274;13205901;
44197;900702970;2019-12-31;2019;MILES;13222321;10821904;0;0;24044225;0;0;15832909;1000;0;15833909;39878134;0;18217584;0;0;33687;116422;18367693;0;0;0;0;9315870;9315870;27683563;100000;0;0;12094571;0;0;12194571;39878134;
44198;900702970;2019-12-31;2018;MILES;332037;12575048;0;28344967;41252052;0;0;0;31354;0;31354;41283406;0;17795154;115936;0;100;197968;18109158;0;11173724;0;0;0;11173724;29282882;100000;0;4677;11895847;0;0;12000524;41283406;
44199;900327528;2019-12-31;2019;MILES;5907710;4307747;31771677;0;41987134;1294687;0;0;0;0;1294687;43281821;57943;4542233;0;0;1697338;30345;6327859;10846463;6438603;0;2498488;693699;20477253;26805112;2000000;0;1055127;13421582;0;0;16476709;43281821;
44200;900327528;2019-12-31;2018;MILES;2878972;4702995;34655644;0;42237611;1417606;0;0;0;0;1417606;43655217;50586;3646671;0;0;3532176;113699;7343132;10906653;6262053;0;2498488;693698;20360892;27704024;2000000;0;1055127;12896066;0;0;15951193;43655217;
44201;900868847;2019-12-31;2019;MILES;122543;1558438;0;0;1680981;0;0;0;21759179;0;21759179;23440160;0;2036024;0;0;0;0;2036024;0;0;0;0;0;0;2036024;615010;0;15594564;5194562;0;0;21404136;23440160;
44202;900868847;2019-12-31;2018;MILES;868;2099847;0;0;2100715;0;0;0;19402427;0;19402427;21503142;0;255179;0;0;41489;0;296668;0;0;0;0;0;0;296668;615010;0;15606136;4985328;0;0;21206474;21503142;
44203;900596210;2019-12-31;2019;MILES;1920751;3381020;2970063;16965987;25237821;945846;0;0;452000;0;1397846;26635667;0;5896954;0;335409;559579;2156020;8947962;0;15416553;0;0;0;15416553;24364515;200000;0;0;1398012;0;673140;2271152;26635667;
44204;900596210;2019-12-31;2018;MILES;687528;939952;6483118;17481731;25592329;695310;0;0;252000;0;947310;26539639;0;6136506;0;235598;440569;3050292;9862965;0;15078662;0;0;0;15078662;24941627;200000;0;0;827199;0;570813;1598012;26539639;
44205;900919916;2019-12-31;2019;MILES;621;10962;314765;0;326348;0;0;0;34264102;0;34264102;34590450;0;0;0;0;1569;0;1569;0;476184;0;0;0;476184;477753;499391;0;16402;33596904;0;0;34112697;34590450;
44206;900919916;2019-12-31;2018;MILES;12253;0;328164;0;340417;0;0;0;34264102;0;34264102;34604519;0;0;0;0;2577;0;2577;0;476184;0;0;0;476184;478761;499391;0;16402;33609965;0;0;34125758;34604519;
44207;830002469;2019-12-31;2019;MILES;565144;386;2143462;5126347;7835339;0;0;0;0;0;0;7835339;0;0;0;0;116311;79356;195667;0;980382;0;0;0;980382;1176049;622866;0;51286;5985138;0;0;6659290;7835339;
44208;830002469;2019-12-31;2018;MILES;619743;0;2023656;1015177;3658576;1944837;0;0;0;0;1944837;5603413;0;0;0;0;129363;88155;217518;309897;505929;0;0;1053156;1868982;2086500;622866;0;51286;2842761;0;0;3516913;5603413;
44209;800240922;2019-12-31;2019;MILES;85331;81066;12569954;0;12736351;100000;0;0;5639811;0;5739811;18476162;0;1861366;0;0;114804;0;1976170;0;0;0;0;0;0;1976170;2448800;47652;45500;13958040;0;0;16499992;18476162;
44210;800240922;2019-12-31;2018;MILES;140100;61276;10044388;0;10245764;100000;0;0;5670552;0;5770552;16016316;0;1862034;0;0;103919;0;1965953;0;0;0;0;0;0;1965953;2448800;47652;45500;11508411;0;0;14050363;16016316;
44211;890500705;2019-12-31;2019;MILES;445285;0;2057216;2445703;4948204;10607441;0;311998;870284;0;11789723;16737927;1034210;998294;0;173727;186168;138598;2530997;1290772;0;800170;0;484000;2574942;5105939;1983386;238482;1153581;1479278;0;6777261;11631988;16737927;
44212;890500705;2019-12-31;2018;MILES;95584;0;1635679;2318867;4050130;6393263;0;118618;691026;0;7202907;11253037;1178705;883584;0;226820;137836;39394;2466339;872039;0;246542;0;691027;1809608;4275947;1969055;238482;603672;1374805;0;2791076;6977090;11253037;
44213;860001074;2019-12-31;2019;MILES;1596937;3759903;13304137;0;18660977;381342;11383662;0;-10282933;11383662;12865733;31526710;0;12317771;0;0;2280322;4424331;19022424;0;47271;1146809;0;948463;2142543;21164967;518096;14600641;22999;-4779993;0;0;10361743;31526710;
44214;860001074;2019-12-31;2018;MILES;1260692;1896229;6948036;0;10104957;719905;8478271;0;-7756338;8478271;9920109;20025066;0;5805141;948463;0;274984;1376147;8404735;0;0;0;0;0;0;8404735;18905;14510641;0;-2909215;0;0;11620331;20025066;
44215;900324429;2019-12-31;2019;MILES;114778;324434;25056250;0;25495462;0;0;0;6240022;0;6240022;31735484;0;2269052;0;0;169608;0;2438660;0;0;0;0;0;0;2438660;280000;18220000;112350;10684474;0;0;29296824;31735484;
44216;900324429;2019-12-31;2018;MILES;71056;371972;26131871;0;26574899;0;0;0;6184109;0;6184109;32759008;0;3389319;0;0;356731;0;3746050;0;0;0;0;0;0;3746050;280000;18220000;112350;10400608;0;0;29012958;32759008;
44217;832004501;2019-12-31;2019;MILES;92472;2318275;1909774;123072;4443593;15484851;0;0;8985095;0;24469946;28913539;5247556;1449142;70000;664108;0;5361935;12792741;0;0;0;0;0;0;12792741;5000000;5363340;426566;5330892;0;0;16120798;28913539;
44218;832004501;2019-12-31;2018;MILES;109430;1628381;1110307;128907;2977025;12276217;0;0;8956712;0;21232929;24209954;2824736;1262812;55000;886119;0;596986;5625653;0;0;0;0;0;0;5625653;5000000;5363340;426566;7794395;0;0;18584301;24209954;
44219;860008547;2019-12-31;2019;MILES;2928582;695810;15384107;5914783;24923282;36597506;0;3760696;12401091;0;52759293;77682575;2956949;10730500;0;1338534;714909;167519;15908411;2068261;0;1900846;0;0;3969107;19877518;4000000;0;14797023;39008034;0;0;57805057;77682575;
44220;860008547;2019-12-31;2018;MILES;1566915;741426;16083323;6065607;24457271;38560590;0;5511266;12815801;0;56887657;81344928;4284598;9261003;0;1483777;673786;472558;16175722;2874508;0;1900846;0;25637;4800991;20976713;4000000;0;14797023;41571192;0;0;60368215;81344928;
44221;900375104;2019-12-31;2019;MILES;1393;2008;0;0;3401;0;0;0;300000;0;300000;303401;0;24671;0;0;1384;280;26335;0;0;0;0;0;0;26335;330000;0;0;-52934;0;0;277066;303401;
44222;900375104;2019-12-31;2018;MILES;1389;965;0;0;2354;0;0;0;300000;0;300000;302354;0;18006;0;0;3614;280;21900;0;0;0;0;0;0;21900;330000;0;0;-49546;0;0;280454;302354;
44223;900338240;2019-12-31;2019;MILES;311572;0;246911;0;558483;11742;0;2584000;18956604;0;21552346;22110829;0;47708;0;0;0;0;47708;0;0;1160297;163673;0;1323970;1371678;10000;0;590;9801637;0;10926924;20739151;22110829;
44224;900338240;2019-12-31;2018;MILES;996953;0;1031225;0;2028178;12360;0;2500000;12790891;0;15303251;17331429;0;34822;0;0;0;0;34822;0;274279;2117320;326265;0;2717864;2752686;10000;0;590;8448427;0;6119726;14578743;17331429;
44225;900339305;2019-12-31;2019;MILES;737206;0;6681600;0;7418806;0;0;1192816;10840501;0;12033317;19452123;0;233974;0;0;4529;0;238503;0;0;1070480;0;1083464;2153944;2392447;50000;0;103778;6152521;0;10753377;17059676;19452123;
44226;900339305;2019-12-31;2018;MILES;751625;0;6686600;0;7438225;0;0;1157844;9299411;0;10457255;17895480;0;0;0;0;213382;0;213382;0;0;0;0;1145664;1145664;1359046;50000;0;103778;7204141;0;9178515;16536434;17895480;
44227;900435003;2019-12-31;2019;MILES;715397;0;17968340;7599857;26283594;0;0;0;0;0;0;26283594;6556353;19515844;0;0;26600;0;26098797;0;0;0;0;0;0;26098797;100000;0;50000;34797;0;0;184797;26283594;
44228;900435003;2019-12-31;2018;MILES;272725;194667;21136078;5538897;27142367;0;0;0;899513;0;899513;28041880;2372972;21961109;0;0;0;0;24334081;3600474;0;0;0;0;3600474;27934555;100000;0;50000;-42675;0;0;107325;28041880;
44229;891701004;2019-12-31;2019;MILES;1469;174830;205087;0;381386;533788;671502;6857213;3494613;671502;12228618;12610004;0;80184;0;0;73868;0;154052;0;2255490;805038;0;0;3060528;3214580;750000;176580;18098;8450746;0;0;9395424;12610004;
44230;891701004;2019-12-31;2018;MILES;7079;242040;720284;0;969403;551786;654414;6857213;3682221;654414;12400048;13369451;0;25643;0;0;69110;0;94753;0;3450027;962142;0;0;4412169;4506922;750000;176580;16334;7919615;0;0;8862529;13369451;
44231;811044814;2019-12-31;2019;MILES;41617075;894127;90782951;57563952;190858105;61732015;6400840;0;5907345;6400840;80441040;271299145;3736681;104398645;0;5286286;3674392;0;117096004;83314381;3502420;2262568;0;5833586;94912955;212008959;634165;0;50864304;2640250;0;5151467;59290186;271299145;
44232;811044814;2019-12-31;2018;MILES;40027994;702495;69145047;68654297;178529833;61162564;7982205;0;3094903;7982205;80221877;258751710;3697774;118052224;0;5210298;3452144;0;130412440;79104837;3502500;2244506;0;5888484;90740327;221152767;634165;0;15601480;16656222;0;4707076;37598943;258751710;
44233;811001501;2019-12-31;2019;MILES;1095372;511888;4130180;7295816;13033256;1500896;0;0;490000;0;1990896;15024152;1660685;2428166;0;70459;715924;895613;5770847;0;0;0;0;0;0;5770847;1600000;0;450000;7203305;0;0;9253305;15024152;
44234;811001501;2019-12-31;2018;MILES;619618;476221;4120218;6849773;12065830;1664305;0;0;490000;0;2154305;14220135;1766998;3192806;0;50330;693878;1672884;7376896;0;0;0;0;0;0;7376896;900000;0;450000;5493239;0;0;6843239;14220135;
44235;800058809;2019-12-31;2019;MILES;2014097;428760;11193231;0;13636088;427884;4218979;0;17870770;4218979;26736612;40372700;7049492;6319431;0;229312;94083;14466515;28158833;3354392;0;0;0;0;3354392;31513225;1000000;0;400000;7459475;0;0;8859475;40372700;
44236;800058809;2019-12-31;2018;MILES;1493360;526239;9763580;0;11783179;473040;3862155;0;13103528;3862155;21300878;33084057;7926546;4854582;0;232015;623462;9434167;23070772;1745360;0;0;0;0;1745360;24816132;1000000;0;50000;7217925;0;0;8267925;33084057;
44237;800038504;2019-12-31;2019;MILES;346293;0;311371;0;657664;2325188;0;0;2309042;0;4634230;5291894;206027;186874;0;0;17831;222526;633258;0;0;174557;0;0;174557;807815;4000;0;75172;4340843;0;64064;4484079;5291894;
44238;800038504;2019-12-31;2018;MILES;274960;0;301275;0;576235;2365162;0;0;2018703;0;4383865;4960100;206027;185170;0;0;38246;165676;595119;0;0;138299;0;0;138299;733418;4000;0;75172;4083446;0;64064;4226682;4960100;
44239;860048044;2019-12-31;2019;MILES;496144;14522;166462;0;677128;11092;0;20863845;7850657;0;28725594;29402722;0;22753;0;0;767;0;23520;0;0;1847793;0;0;1847793;1871313;840;0;276952;27253617;0;0;27531409;29402722;
44240;860048044;2019-12-31;2018;MILES;6279118;34761;207965;0;6521844;12956;104481;20100044;6856302;104481;27178264;33700108;0;15421;0;0;132547;0;147968;0;0;1754338;0;0;1754338;1902306;840;0;276952;31520010;0;0;31797802;33700108;
44241;822007703;2019-12-31;2019;MILES;72560;351452;259126;0;683138;3188019;0;0;784827;0;3972846;4655984;9698;165665;10421;20632;0;0;206416;964050;0;0;0;0;964050;1170466;300000;0;123272;3062246;0;0;3485518;4655984;
44242;822007703;2019-12-31;2018;MILES;63206;286638;237183;0;587027;3203550;0;0;784827;0;3988377;4575404;10627;123459;0;0;0;0;134086;964050;0;0;0;0;964050;1098136;300000;0;122447;3054821;0;0;3477268;4575404;
44243;800086501;2019-12-31;2019;MILES;3897653;9764626;31517650;4606512;49786441;3077840;9107886;0;-1380101;9107886;19913511;69699952;8993465;5366390;0;2035360;4686110;4078160;25159485;0;7760759;3051401;0;5199712;16011872;41171357;6000000;0;1313695;21214900;0;0;28528595;69699952;
44244;800086501;2019-12-31;2018;MILES;8004183;5504567;12253070;10786278;36548098;3309308;16379486;0;-9211052;16379486;26857228;63405326;86082;7175227;0;1569716;2340738;2934126;14105889;0;6623289;3051404;6716667;6291303;22682663;36788552;6000000;0;1066653;19550121;0;0;26616774;63405326;
44245;830080002;2019-12-31;2019;MILES;76097;7673699;6140884;0;13890680;5310145;0;50445005;36906364;0;92661514;106552194;4228351;343394;0;22214;32090;0;4626049;17435541;4078809;4912430;0;0;26426780;31052829;3333333;14126717;1629106;56410209;0;0;75499365;106552194;
44246;830080002;2019-12-31;2018;MILES;58196;12896512;3731213;0;16685921;5351714;0;48841130;36007689;0;90200533;106886454;5611815;210295;0;19830;184879;0;6026819;29986913;3176408;4948059;0;0;38111380;44138199;3000000;3000000;1500000;55248255;0;0;62748255;106886454;
44247;900893919;2019-12-31;2019;MILES;40523;510057;2349738;0;2900318;2986949;0;0;0;0;2986949;5887267;0;189318;0;17284;7077;0;213679;803064;0;0;0;0;803064;1016743;4200000;0;67052;603472;0;0;4870524;5887267;
44248;900893919;2019-12-31;2018;MILES;545813;514710;1905846;0;2966369;3056290;0;0;0;0;3056290;6022659;26948;108234;0;20676;107559;110843;374260;843050;0;0;0;0;843050;1217310;4200000;0;60535;544814;0;0;4805349;6022659;
44249;900031833;2019-12-31;2019;MILES;2146057;2642785;5827856;2703032;13319730;13513985;0;0;659;0;13514644;26834374;2846944;4088664;0;94616;395662;0;7425886;1933794;638490;904347;0;0;3476631;10902517;3004800;2633543;591797;7800728;0;1900989;15931857;26834374;
44250;900031833;2019-12-31;2018;MILES;1520905;2364472;6020020;1376852;11282249;10306193;0;0;757;0;10306950;21589199;3211508;2342616;0;70984;547104;0;6172212;3414905;3272134;637796;0;0;7324835;13497047;3000000;0;305775;4786377;0;0;8092152;21589199;
44251;830080634;2019-12-31;2019;MILES;1269352;3001510;15326625;0;19597487;66877;0;0;594362;0;661239;20258726;0;4943866;2420290;193028;571560;999014;9127758;0;10658357;0;0;0;10658357;19786115;132500;397500;77085;-134474;0;0;472611;20258726;
44252;830080634;2019-12-31;2018;MILES;1435332;3075163;9845659;0;14356154;45249;0;0;712719;0;757968;15114122;0;3541740;2362054;201279;518303;79165;6702541;0;7700294;0;0;0;7700294;14402835;132500;397500;77085;104202;0;0;711287;15114122;
44253;811041313;2019-12-31;2019;MILES;117610;884005;2244222;236600;3482437;1976123;0;0;410405;0;2386528;5868965;576924;297229;0;293511;480797;31981;1680442;805086;0;212991;0;0;1018077;2698519;500000;83000;206247;2381199;0;0;3170446;5868965;
44254;811041313;2019-12-31;2018;MILES;61892;723018;2116505;159389;3060804;2075574;0;0;442628;0;2518202;5579006;210589;315067;0;255809;296267;32045;1109777;1240909;0;199023;0;0;1439932;2549709;500000;83000;175757;2270540;0;0;3029297;5579006;
44255;805017506;2019-12-31;2019;MILES;2262010;124495;461421;3018632;5866558;4580310;0;0;565710;0;5146020;11012578;0;2638445;0;203064;318065;45551;3205125;0;0;296482;0;0;296482;3501607;367110;305750;3404041;3434070;0;0;7510971;11012578;
44256;805017506;2019-12-31;2018;MILES;2530980;85645;557027;3115989;6289641;4384729;0;0;524500;0;4909229;11198870;0;2489912;0;212449;647499;40617;3390477;0;0;316551;0;0;316551;3707028;367110;305750;2831269;3987713;0;0;7491842;11198870;
44257;900128725;2019-12-31;2019;MILES;3627612;0;23825312;0;27452924;143933;54382026;0;-53146179;54382026;55761806;83214730;3750000;4173370;0;134222;1289006;0;9346598;7288889;20709980;123372;0;404127;28526368;37872966;16870000;0;3443070;25022160;0;6534;45341764;83214730;
44258;900128725;2019-12-31;2018;MILES;1918929;0;22029441;0;23948370;153082;51372950;0;-50398733;51372950;52500249;76448619;2555555;5269259;0;120744;931495;0;8877053;9250000;19220471;120877;0;259633;28850981;37728034;16870000;0;2616919;19233666;0;0;38720585;76448619;
44259;860055506;2019-12-31;2019;MILES;803796;7673155;2744975;32917516;44139442;2299099;0;445000;13822265;0;16566364;60705806;15685439;3074828;639730;184589;641278;3076935;23302799;0;0;1416455;0;19193007;20609462;43912261;1040000;0;80000;15673545;0;0;16793545;60705806;
44260;860055506;2019-12-31;2018;MILES;109565;4654252;17267388;21856486;43887691;2483943;0;445000;13822265;0;16751208;60638899;5121822;10953853;0;701230;214997;8281075;25272977;0;0;1459208;0;21429808;22889016;48161993;1040000;0;80000;11356906;0;0;12476906;60638899;
44261;901345200;2019-12-31;2019;MILES;53613;17;885000;0;938630;0;0;0;33305659;0;33305659;34244289;17146272;0;0;0;0;0;17146272;17000000;0;0;0;0;17000000;34146272;6828;0;0;91189;0;0;98017;34244289;
44262;901345200;2019-12-31;2018;MILES;0;0;0;0;0;0;0;0;0;0;0;0;0;0;0;0;0;0;0;0;0;0;0;0;0;0;0;0;0;0;0;0;0;0;
44263;860067745;2019-12-31;2019;MILES;2780669;594080;2848710;0;6223459;339470;0;0;1380937;0;1720407;7943866;113958;1074323;0;85443;820390;0;2094114;0;0;0;0;0;0;2094114;300000;0;150000;5399752;0;0;5849752;7943866;
44264;860067745;2019-12-31;2018;MILES;3086029;786534;2728550;0;6601113;225329;0;0;837174;0;1062503;7663616;6085;493098;0;71972;764638;0;1335793;0;0;0;0;0;0;1335793;300000;0;150000;5877823;0;0;6327823;7663616;
44265;900513112;2019-12-31;2019;MILES;51002;0;40511332;0;40562334;1700000;0;0;241947575;0;243647575;284209909;602410;1928741;0;0;213119;0;2744270;2158634;0;0;0;0;2158634;4902904;500000;170078224;15342349;93386432;0;0;279307005;284209909;
44266;900513112;2019-12-31;2018;MILES;42098;42825;52639665;0;52724588;1700000;0;0;194122229;0;195822229;248546817;0;5426406;0;0;0;0;5426406;3012048;0;0;0;0;3012048;8438454;500000;150236669;15342349;74029345;0;0;240108363;248546817;
44267;890310455;2019-12-31;2019;MILES;1348223;1492855;2106778;3249804;8197660;24382852;0;0;10581294;0;34964146;43161806;788759;3589752;1214979;604212;362223;7601761;14161686;0;0;4659231;0;671237;5330468;19492154;10561306;0;478333;12630013;0;0;23669652;43161806;
44268;890310455;2019-12-31;2018;MILES;1493569;2030187;1964026;3318297;8806079;24581161;0;0;8237980;0;32819141;41625220;588759;3570825;1190979;454785;299873;4454836;10560057;588759;0;4754994;0;619005;5962758;16522815;10561305;0;289426;14251674;0;0;25102405;41625220;
44269;830004408;2019-12-31;2019;MILES;1143546;722720;4281339;2912117;9059722;3587969;0;0;822429;0;4410398;13470120;2536824;4138102;0;39364;52383;469517;7236190;0;0;0;0;0;0;7236190;700000;0;266785;5123402;0;143743;6233930;13470120;
44270;830004408;2019-12-31;2018;MILES;834714;539614;4426420;3009325;8810073;2873182;0;0;608018;0;3481200;12291273;2843249;3198600;0;36506;196590;0;6274945;0;0;0;0;0;0;6274945;700000;0;236769;4935816;0;143743;6016328;12291273;
44271;900844808;2019-12-31;2019;MILES;44768;0;16047;0;60815;2106379;0;0;9166015;0;11272394;11333209;0;510;0;0;3061;0;3571;0;4933442;0;0;0;4933442;4937013;4800000;0;190899;1405297;0;0;6396196;11333209;
44272;900844808;2019-12-31;2018;MILES;27081;2812;73123;0;103016;2462434;0;0;8060351;0;10522785;10625801;0;4264;0;0;120510;0;124774;0;4194703;0;0;0;4194703;4319477;4800000;0;50127;1456197;0;0;6306324;10625801;
44273;900227614;2019-12-31;2019;MILES;16056;0;260625;0;276681;615842;9451809;5314778;-6387160;9451809;18447078;18723759;0;1750716;0;5840;40617;0;1797173;0;0;1239602;0;0;1239602;3036775;70952;13491852;4198;-993145;0;3113127;15686984;18723759;
44274;900227614;2019-12-31;2018;MILES;25440;0;215248;0;240688;665902;9453160;5301132;-6443127;9453160;18430227;18670915;0;1750716;0;5749;78872;0;1835337;0;0;1277046;0;0;1277046;3112383;70952;13491852;4198;-1121597;0;3113127;15558532;18670915;
44275;900799496;2019-12-31;2019;MILES;521935;3986292;16538618;29273068;50319913;838903;0;0;671434;0;1510337;51830250;17958939;7309929;0;22198;423519;5609725;31324310;12482481;0;0;0;2331071;14813552;46137862;732350;999600;0;3960438;0;0;5692388;51830250;
44276;900799496;2019-12-31;2018;MILES;519652;4029066;8096831;35890818;48536367;748145;0;0;665166;0;1413311;49949678;110144;6911134;0;20286;233260;7820379;15095203;30266962;0;0;0;1463772;31730734;46825937;732350;999600;0;1391791;0;0;3123741;49949678;
44277;901119808;2019-12-31;2019;MILES;78293;0;104823;0;183116;0;0;7346215;4854145;0;12200360;12383476;0;9600;0;0;301270;0;310870;0;0;0;0;0;0;310870;4639147;0;0;7433459;0;0;12072606;12383476;
44278;901119808;2019-12-31;2018;MILES;573;0;0;0;573;0;0;7346215;4639145;0;11985360;11985933;0;2670897;0;0;96638;0;2767535;0;0;0;0;0;0;2767535;4639147;0;0;4579251;0;0;9218398;11985933;
44279;900630106;2019-12-31;2019;MILES;5734893;0;159887;0;5894780;2827771;0;0;1000000;0;3827771;9722551;0;9157991;0;0;0;0;9157991;0;0;0;0;0;0;9157991;500000;0;2010;62550;0;0;564560;9722551;
44280;900630106;2019-12-31;2018;MILES;291455;0;174518;0;465973;2892406;0;0;1000000;0;3892406;4358379;0;3591904;0;0;4853;216820;3813577;0;0;0;0;0;0;3813577;500000;0;2010;42792;0;0;544802;4358379;
44281;900134609;2019-12-31;2019;MILES;2025643;0;2658559;28128;4712330;196557;869400;0;-69400;869400;1865957;6578287;0;6024232;0;0;31455;0;6055687;0;0;0;0;0;0;6055687;150000;0;78856;293744;0;0;522600;6578287;
44282;900134609;2019-12-31;2018;MILES;1144556;0;2311605;10423;3466584;224489;779400;0;-23298;779400;1759991;5226575;0;4804050;0;0;18753;0;4822803;0;0;0;0;0;0;4822803;150000;0;63716;190056;0;0;403772;5226575;
44283;890919538;2019-12-31;2019;MILES;33319;48659;3660685;0;3742663;2611323;0;0;5537762;0;8149085;11891748;0;564625;0;0;29394;0;594019;0;0;0;0;0;0;594019;217999;0;49545;11030185;0;0;11297729;11891748;
44284;890919538;2019-12-31;2018;MILES;9091;27547;3862485;0;3899123;2614515;0;0;5492021;0;8106536;12005659;0;564697;0;0;70536;0;635233;0;0;0;0;0;0;635233;217999;0;49545;11102882;0;0;11370426;12005659;
44285;830007334;2019-12-31;2019;MILES;457455;1875726;5820157;9764928;17918266;64999731;0;0;104399339;0;169399070;187317336;4553298;7108710;0;35916;2458158;4377953;18534035;18079654;0;4827247;0;2723057;25629958;44163993;3000000;0;1407197;138746146;0;0;143153343;187317336;
44286;830007334;2019-12-31;2018;MILES;941105;0;13270593;14059277;28270975;56805891;0;0;105114310;0;161920201;190191176;5127798;10978182;0;33315;762825;2167457;19069577;25935373;0;4827247;0;0;30762620;49832197;3000000;0;1361602;135997377;0;0;140358979;190191176;
44287;900254193;2019-12-31;2019;MILES;1481;0;99000;0;100481;0;17246447;0;180580380;17246447;215073274;215173755;0;0;0;0;13;0;13;0;0;0;0;0;0;13;243200;3102903;204601944;7225695;0;0;215173742;215173755;
44288;900254193;2019-12-31;2018;MILES;1478;0;186794;0;188272;0;17525279;0;179180670;17525279;214231228;214419500;0;0;0;0;278979;0;278979;0;0;0;0;0;0;278979;243200;3102903;201405572;9388846;0;0;214140521;214419500;
44289;900704304;2019-12-31;2019;MILES;743297;2794077;960018;0;4497392;18947;0;0;0;0;18947;4516339;20943;561199;0;93311;224876;17738;918067;0;0;4736;0;0;4736;922803;800000;0;0;2793536;0;0;3593536;4516339;
44290;900704304;2019-12-31;2018;MILES;117867;3213255;986061;0;4317183;34897;0;0;5487;0;40384;4357567;12505;1415937;0;88287;339135;246962;2102826;0;0;4083;0;0;4083;2106909;100000;0;0;2150658;0;0;2250658;4357567;
44291;900050745;2019-12-31;2019;MILES;460029;648856;0;0;1108885;3167174;0;11318500;2308034;0;16793708;17902593;0;1436685;0;0;207066;0;1643751;0;0;352087;0;0;352087;1995838;787300;4081877;1719067;9318511;0;0;15906755;17902593;
44292;900050745;2019-12-31;2018;MILES;399331;310500;0;0;709831;2688267;0;9508300;2399161;0;14595728;15305559;0;429776;0;0;55383;0;485159;0;0;148851;0;0;148851;634010;387300;4036877;1435737;8811635;0;0;14671549;15305559;
44293;900402206;2019-12-31;2019;MILES;4286929;45748819;2762982;0;52798730;23743395;19066394;0;-18595132;19066394;43281051;96079781;12290656;1143732;0;16306;734175;0;14184869;0;16356056;0;0;0;16356056;30540925;6100000;0;3050000;56388856;0;0;65538856;96079781;
44294;900402206;2019-12-31;2018;MILES;2183962;44926823;1976933;0;49087718;14386514;21113209;0;-20641947;21113209;35970985;85058703;0;4927846;0;0;170166;0;5098012;0;16232493;0;0;0;16232493;21330505;6100000;0;3050000;54578198;0;0;63728198;85058703;
44295;900291850;2019-12-31;2019;MILES;7796;47175;2463435;0;2518406;0;0;5773307;16577759;0;22351066;24869472;426340;161533;0;0;89047;0;676920;2299625;0;262229;0;0;2561854;3238774;67348;6810743;1165780;12995750;0;591077;21630698;24869472;
44296;900291850;2019-12-31;2018;MILES;3188;30591;3423469;0;3457248;0;0;5526000;14546718;0;20072718;23529966;314619;138305;0;0;215105;0;668029;2709824;0;141086;0;0;2850910;3518939;33904;6810743;1165780;12000600;0;0;20011027;23529966;
44297;830102702;2019-12-31;2019;MILES;73191;9435;193512;0;276138;3769826;0;0;3839968;0;7609794;7885932;0;3121133;0;0;0;0;3121133;0;0;0;0;0;0;3121133;1947549;0;43373;2773877;0;0;4764799;7885932;
44298;830102702;2019-12-31;2018;MILES;166418;17662;105462;0;289542;3837270;0;0;3605773;0;7443043;7732585;0;3315315;0;0;0;0;3315315;0;0;0;0;0;0;3315315;1713355;0;43373;2660542;0;0;4417270;7732585;
44299;900423379;2019-12-31;2019;MILES;163829;8511961;2138109;1936339;12750238;10783028;0;0;7697464;0;18480492;31230730;4065442;7064661;0;624853;49958;24805;11829719;1944785;0;797154;0;998158;3740097;15569816;353000;6350840;-1027645;9984719;0;0;15660914;31230730;
44300;900423379;2019-12-31;2018;MILES;221788;5896610;2101592;1978732;10198722;11050535;0;0;7771507;0;18822042;29020764;2523817;7630467;0;496037;72977;3895;10727193;2057682;0;718515;0;1284610;4060807;14788000;353000;6350840;-1132155;8661079;0;0;14232764;29020764;
44301;900180801;2019-12-31;2019;MILES;5071710;3292682;10910964;455806;19731162;5943883;1203252;0;2405824;1203252;10756211;30487373;0;1840212;4253169;1886742;1703723;4144380;13828226;0;3223298;108913;0;874815;4207026;18035252;5106263;0;1328192;2951205;0;3066461;12452121;30487373;
44302;900180801;2019-12-31;2018;MILES;5020790;2627053;12543636;2926642;23118121;5573193;1199433;0;3405062;1199433;11377121;34495242;214321;7023844;4479657;1133325;966696;3885351;17703194;775734;2514977;167948;449111;33000;3940770;21643964;5106263;0;1087011;3591543;0;3066461;12851278;34495242;
44303;890208946;2019-12-31;2019;MILES;3777719;52028;1498142;0;5327889;11535222;494466;0;1128250;494466;13652404;18980293;11132;1569977;0;423535;746548;0;2751192;0;0;545644;0;2498584;3044228;5795420;40000;0;2661272;10483601;0;0;13184873;18980293;
44304;890208946;2019-12-31;2018;MILES;2843839;37000;1596883;0;4477722;9655989;441093;0;621682;441093;11159857;15637579;7216;741520;0;395797;372110;0;1516643;0;0;544388;0;2266909;2811297;4327940;40000;0;2504768;8764871;0;0;11309639;15637579;
44305;830508260;2019-12-31;2019;MILES;1202;78232;2302730;0;2382164;0;2234585;0;31532814;2234585;36001984;38384148;0;91;0;0;143196;0;143287;0;16834783;1014783;0;0;17849566;17992853;1016;200;0;20390079;0;0;20391295;38384148;
44306;830508260;2019-12-31;2018;MILES;1202;0;3677130;0;3678332;0;4075683;17409311;-4075683;4075683;21484994;25163326;0;0;0;0;75158;0;75158;0;4333594;1104241;0;293851;5731686;5806844;1000;200;0;19355282;0;0;19356482;25163326;
44307;860039333;2019-12-31;2019;MILES;4049630;1000012;14650559;2570533;22270734;258214;0;0;2623009;0;2881223;25151957;0;3773673;4268995;1949494;1945290;2537695;14475147;0;0;32328;0;2789925;2822253;17297400;486805;0;3969658;3414825;0;-16731;7854557;25151957;
44308;860039333;2019-12-31;2018;MILES;452000;1214189;17902237;2972240;22540666;58931;0;0;2597558;0;2656489;25197155;0;7880147;2667991;2196373;240791;3510327;16495629;0;0;31601;0;1064590;1096191;17591820;486805;0;3739492;3395769;0;-16731;7605335;25197155;
44309;800064773;2019-12-31;2019;MILES;6890352;0;10544182;456793;17891327;732726;0;0;655745;0;1388471;19279798;2300879;4034019;0;92100;836177;1340151;8603326;2494914;0;0;0;0;2494914;11098240;2650000;0;1014986;4516572;0;0;8181558;19279798;
44310;800064773;2019-12-31;2018;MILES;5494061;494164;10384001;15320;16387546;484251;0;0;598142;0;1082393;17469939;5179289;2679279;0;147938;580532;0;8587038;1875435;0;0;0;0;1875435;10462473;2650000;0;838795;3518671;0;0;7007466;17469939;
44311;830508263;2019-12-31;2019;MILES;9388;64658;2308484;0;2382530;463783;2234629;0;31532770;2234629;36465811;38848341;0;3558;0;4321;148895;0;156774;0;17351537;995574;0;0;18347111;18503885;1016;200;0;20343240;0;0;20344456;38848341;
44312;830508263;2019-12-31;2018;MILES;101535;25509;3682017;0;3809061;241267;4075683;0;13333628;4075683;21726261;25535322;0;2208;0;3330;35562;0;41100;0;5018163;1104241;0;0;6122404;6163504;1000;200;0;19370618;0;0;19371818;25535322;
44313;900800041;2019-12-31;2019;MILES;1279711;52955;55794;0;1388460;1393266;0;0;0;0;1393266;2781726;26800;190467;0;0;59148;6623;283038;158565;851966;0;0;0;1010531;1293569;500000;0;476150;512007;0;0;1488157;2781726;
44314;900800041;2019-12-31;2018;MILES;795048;52955;231649;0;1079652;785270;0;0;0;0;785270;1864922;48545;81869;0;0;22287;7680;160381;318963;409428;0;0;0;728391;888772;500000;0;399941;76209;0;0;976150;1864922;
44315;800063815;2019-12-31;2019;MILES;836351;13605944;26289852;0;40732147;30325310;1910505;25340325;-183359;1910505;59303286;100035433;1739405;2770274;0;624558;2801450;158377;8094064;4814019;2231006;9169667;0;11067026;27281718;35375782;4000000;0;716861;59942790;0;0;64659651;100035433;
44316;800063815;2019-12-31;2018;MILES;1411361;8394246;22874581;0;32680188;32155145;1825130;25340325;-39849;1825130;61105881;93786069;1855393;3374652;0;612357;2078508;691596;8612506;7344978;1796167;13162089;0;5427425;27730659;36343165;4000000;0;716861;52726043;0;0;57442904;93786069;
44317;900071233;2019-12-31;2019;MILES;518737;228472;3300028;0;4047237;15532647;0;0;0;0;15532647;19579884;2980147;304544;0;76592;42287;27511;3431081;7211290;989358;204894;0;0;8405542;11836623;5000000;0;596232;-584897;0;2731926;7743261;19579884;
44318;900071233;2019-12-31;2018;MILES;33442;321354;6068723;0;6423519;16480733;0;0;0;0;16480733;22904252;970000;22431;0;45294;82167;42930;1162822;7923599;5983399;218554;0;0;14125552;15288374;5000000;0;252452;-368500;0;2731926;7615878;22904252;
44319;802011101;2019-12-31;2019;MILES;38579;105945;900517;0;1045041;1846948;0;2902900;5902007;0;10651855;11696896;0;486040;0;0;0;0;486040;0;9477594;91882;0;0;9569476;10055516;1777500;2800653;0;-2936773;0;0;1641380;11696896;
44320;802011101;2019-12-31;2018;MILES;40979;42519;789316;0;872814;2035666;0;2965263;4201400;0;9202329;10075143;0;370615;0;0;0;0;370615;0;8882672;43266;0;0;8925938;9296553;1777500;2800653;0;-3799563;0;0;778590;10075143;
44321;830113706;2019-12-31;2019;MILES;1212244;664764;20738946;294484;22910438;43621662;8959182;11227376;6048890;8959182;78816292;101726730;477301;5818246;0;376356;24804;1902528;8599235;0;45843906;985282;0;2688892;49518080;58117315;436600;0;218300;42954515;0;0;43609415;101726730;
44322;830113706;2019-12-31;2018;MILES;758368;607522;27511604;0;28877494;491594;6146040;46885317;6357622;6146040;66026613;94904107;57575;1270081;0;219536;0;235776;1782968;0;47210428;532181;0;5451546;53194155;54977123;436600;0;218300;39272084;0;0;39926984;94904107;
44323;813007147;2019-12-31;2019;MILES;198905;2586034;12064542;3400579;18250060;15867022;0;0;1323364;0;17190386;35440446;6275828;8342899;249382;0;1799222;486833;17154164;9062511;0;0;0;0;9062511;26216675;2768700;1998992;698532;3757547;0;0;9223771;35440446;
44324;813007147;2019-12-31;2018;MILES;56944;2686709;10873793;4922955;18540401;15330601;0;0;1748945;0;17079546;35619947;6559265;10772852;171455;0;1164412;450243;19118227;7579199;0;0;0;0;7579199;26697426;2768700;2020256;698532;3435033;0;0;8922521;35619947;
44325;900152603;2019-12-31;2019;MILES;267419;163847;536536;0;967802;12199924;7460710;0;13440133;7460710;40561477;41529279;2691633;2657;0;0;59008;19013;2772311;10451981;3749255;358224;0;0;14559460;17331771;1961258;0;962204;17926638;0;3347408;24197508;41529279;
44326;900152603;2019-12-31;2018;MILES;463954;400501;191290;0;1055745;7390603;5391142;0;13274305;5391142;31447192;32502937;0;2214;0;3935;61130;0;67279;6768225;3011595;154951;0;0;9934771;10002050;1961258;1424949;962204;18152476;0;0;22500887;32502937;
44327;900556147;2019-12-31;2019;MILES;3678503;3245310;4681354;1264391;12869558;15936848;1423061;0;14172040;1423061;32955010;45824568;2817357;7622133;0;574768;466262;7824491;19305011;12924112;0;3687486;0;0;16611598;35916609;8166592;0;0;-2711486;0;4452853;9907959;45824568;
44328;900556147;2019-12-31;2018;MILES;2966230;3684647;3959553;1341582;11952012;16471196;2681875;0;10211829;2681875;32046775;43998787;3886011;7245311;0;624238;1582808;4581796;17920164;10414167;0;2851053;0;0;13265220;31185384;8166592;0;180821;13137;0;4452853;12813403;43998787;
44329;900374655;2019-12-31;2019;MILES;0;205596;11743;0;217339;6222367;0;0;28554522;0;34776889;34994228;5939;45822;0;0;8601;0;60362;9572445;0;70589;680681;0;10323715;10384077;8000000;0;0;16610151;0;0;24610151;34994228;
44330;900374655;2019-12-31;2018;MILES;0;234359;10834;0;245193;6884420;0;0;28699631;0;35584051;35829244;9426;5306439;0;0;107204;0;5423069;3377408;917850;70588;580735;0;4946581;10369650;8000000;0;0;17459594;0;0;25459594;35829244;
44331;811004057;2019-12-31;2019;MILES;598913;2735355;4681235;937;8016440;1090457;0;0;1645947;0;2736404;10752844;498904;2595282;0;1683546;283007;0;5060739;2183726;0;0;0;0;2183726;7244465;900000;0;450000;2154128;0;4251;3508379;10752844;
44332;811004057;2019-12-31;2018;MILES;348148;2606657;4085964;11357;7052126;807529;0;0;1056546;0;1864075;8916201;16935;2208589;0;1351862;143878;0;3721264;2381349;0;0;0;0;2381349;6102613;900000;0;397999;1511611;0;3978;2813588;8916201;
44333;811016603;2019-12-31;2019;MILES;411675;4511031;1070216;70937;6063859;3192545;483404;0;1443564;483404;5602917;11666776;0;1438350;0;0;72365;632;1511347;0;0;1092094;0;847462;1939556;3450903;300000;1385851;150000;6057776;0;322246;8215873;11666776;
44334;811016603;2019-12-31;2018;MILES;94104;4413076;1187861;144112;5839153;3273747;307762;0;-68987;307762;3820284;9659437;0;406387;0;0;78531;2219;487137;0;0;1039558;0;893255;1932813;2419950;300000;1385851;150000;5403636;0;0;7239487;9659437;
44335;900051210;2019-12-31;2019;MILES;69734;0;22108498;0;22178232;3261540;0;0;718914;0;3980454;26158686;1346360;1862572;0;0;1196155;2201301;6606388;0;0;0;0;0;0;6606388;1500000;0;50000;18002298;0;0;19552298;26158686;
44336;900051210;2019-12-31;2018;MILES;46383;0;20500758;0;20547141;4424451;0;0;718916;0;5143367;25690508;1784163;1596044;0;0;1335849;1939807;6655863;0;0;0;0;0;0;6655863;1500000;0;50000;17484645;0;0;19034645;25690508;
44337;860065726;2019-12-31;2019;MILES;350890;349534;3059310;2668633;6428367;397232;0;0;842967;0;1240199;7668566;672216;1682372;42298;0;95724;181737;2674347;440523;531531;0;0;93015;1065069;3739416;875000;0;293442;2174832;0;585876;3929150;7668566;
44338;860065726;2019-12-31;2018;MILES;412919;452964;3303147;2319868;6488898;395823;0;0;707339;0;1103162;7592060;466815;1303966;556952;0;198470;144051;2670254;448604;738580;0;0;87477;1274661;3944915;875000;0;293442;1892827;0;585876;3647145;7592060;
44339;900035722;2019-12-31;2019;MILES;1864010;1086239;9192985;15730308;27873542;2521755;0;6428438;31804846;0;40755039;68628581;5596775;8094068;105134;203877;385448;8158854;22544156;16937018;0;504162;0;21793209;39234389;61778545;3630000;0;317927;2902109;0;0;6850036;68628581;
44340;900035722;2019-12-31;2018;MILES;5394222;464020;778379;27545163;34181784;2571600;0;5958527;27045628;0;35575755;69757539;3155466;8022376;0;250040;310969;16065749;27804600;17643548;0;26847;0;17438824;35109219;62913819;2420000;0;281797;4127238;0;14685;6843720;69757539;
44341;860014285;2019-12-31;2019;MILES;530372;79518;2600696;548488;3759074;170936;37798;0;1631225;37798;1877757;5636831;1784;91227;0;33387;38299;0;164697;1305383;0;0;0;0;1305383;1470080;1710000;0;810475;1646276;0;0;4166751;5636831;
44342;860014285;2019-12-31;2018;MILES;769852;258075;1982301;586023;3596251;157152;66996;0;1602027;66996;1893171;5489422;1698;507668;0;48073;3767;0;561206;1400555;0;0;0;0;1400555;1961761;1710000;0;713861;1103800;0;0;3527661;5489422;
44343;900451680;2019-12-31;2019;MILES;18930;133798;50951;678951;882630;57469;0;0;1927465;0;1984934;2867564;0;11228;0;278788;144476;0;434492;0;769992;0;0;0;769992;1204484;5000;0;56696;1601384;0;0;1663080;2867564;
44344;900451680;2019-12-31;2018;MILES;3992;82763;82750;576173;745678;61465;150000;0;1785464;150000;2146929;2892607;0;14561;0;326086;260063;0;600710;0;692543;0;0;0;692543;1293253;5000;0;56696;1537658;0;0;1599354;2892607;
44345;900282413;2019-12-31;2019;MILES;114386;856025;7533995;14055783;22560189;10633759;0;0;192177;0;10825936;33386125;20449935;11310146;0;0;0;0;31760081;99506;0;0;0;0;99506;31859587;120000;0;763960;642578;0;0;1526538;33386125;
44346;900282413;2019-12-31;2018;MILES;1004323;0;3909101;28201526;33114950;12977343;0;0;0;0;12977343;46092293;28896469;15039200;0;0;345227;0;44280896;0;0;0;0;0;0;44280896;120000;0;763960;927437;0;0;1811397;46092293;
44347;900054920;2019-12-31;2019;MILES;521585;270032;6101984;0;6893601;83912;0;0;703806;0;787718;7681319;0;6553350;0;91222;283922;86834;7015328;0;0;230649;0;0;230649;7245977;114010;0;36735;284597;0;0;435342;7681319;
44348;900054920;2019-12-31;2018;MILES;113016;244091;5616560;0;5973667;48317;0;0;378023;0;426340;6400007;0;5391533;0;66124;397138;77328;5932123;0;0;52311;0;0;52311;5984434;114010;0;36735;264828;0;0;415573;6400007;
44349;900693655;2019-12-31;2019;MILES;2557558;4294981;31467606;0;38320145;27639784;107242;6753870;18014708;107242;52622846;90942991;510091;7391264;0;5608692;4538734;5935862;23984643;18416770;0;3495372;0;0;21912142;45896785;6474250;20864258;1807412;12359038;0;3541248;45046206;90942991;
44350;900693655;2019-12-31;2018;MILES;1917282;3375631;22552929;0;27845842;28439817;16063537;6688715;-6969908;16063537;60285698;88131540;11303636;6585717;0;4635843;3561242;124250;26210688;28021370;0;3348878;0;0;31370248;57580936;4177850;479150;3634881;19531425;0;2727298;30550604;88131540;
44351;800027501;2019-12-31;2019;MILES;55795;2990275;1830694;180189;5056953;1581627;0;0;608856;0;2190483;7247436;0;633833;0;36743;609505;0;1280081;0;0;1097;0;0;1097;1281178;300000;0;342433;5323825;0;0;5966258;7247436;
44352;800027501;2019-12-31;2018;MILES;125115;3489573;2410573;254204;6279465;1376860;0;0;20594;0;1397454;7676919;0;970163;0;29980;1174867;0;2175010;0;0;24629;0;0;24629;2199639;300000;0;342433;4834847;0;0;5477280;7676919;
44353;900190264;2019-12-31;2019;MILES;280754;1892609;1005594;0;3178957;2234137;19960617;80385802;-5781545;19960617;116759628;119938585;1071776;378437;0;0;171247;381321;2002781;60426350;9635165;1056862;0;3225907;74344284;76347065;2760000;0;25000;20242368;0;20564152;43591520;119938585;
44354;900190264;2019-12-31;2018;MILES;80774;637953;4980693;0;5699420;2217349;10590538;31851313;13221350;10590538;68471088;74170508;13675;167499;0;0;306041;222694;709909;29475310;0;3399731;0;2065616;34940657;35650566;2760000;0;25000;17627402;0;18107540;38519942;74170508;
44355;860033419;2019-12-31;2019;MILES;13554882;11298313;11313789;18225392;54392376;8205321;0;0;0;0;8205321;62597697;9299952;13044996;0;949679;531505;1296857;25122989;8473304;3262339;703355;0;0;12438998;37561987;2000000;0;1130906;17941008;0;3963796;25035710;62597697;
44356;860033419;2019-12-31;2018;MILES;18122709;9418155;18576890;11972510;58090264;7033949;0;0;0;0;7033949;65124213;6964392;12182244;0;0;1234208;7085217;27466061;17510325;1656158;567493;0;0;19733976;47200037;0;2000000;1130906;12284518;0;2508752;17924176;65124213;
44357;900210124;2019-12-31;2019;MILES;319067;19611;1717859;875253;2931790;3008;3324665;3312806;10116222;3324665;20081366;23013156;0;187908;0;156385;66124;0;410417;4008447;758684;0;0;7111972;11879103;12289520;700000;0;123738;9899898;0;0;10723636;23013156;
44358;900210124;2019-12-31;2018;MILES;110527;20190;1141607;1401974;2674298;120745;2110584;3312806;9889940;2110584;17544659;20218957;0;384598;0;110571;96895;0;592064;4061298;1674540;0;0;4304985;10040823;10632887;700000;0;119849;8766221;0;0;9586070;20218957;
44359;900773129;2019-12-31;2019;MILES;367336;29191;0;0;396527;0;0;0;10429134;0;10429134;10825661;0;102;0;0;4323;0;4425;0;0;748241;0;0;748241;752666;436906;0;1103612;2565944;0;5966533;10072995;10825661;
44360;900773129;2019-12-31;2018;MILES;755644;31042;0;0;786686;0;0;0;10283186;0;10283186;11069872;0;92;0;0;2045;0;2137;0;0;751331;0;0;751331;753468;436906;0;1085301;2848356;0;5945841;10316404;11069872;
44361;900464622;2019-12-31;2019;MILES;22122;41450;8148711;0;8212283;0;32157;0;12052674;32157;12116988;20329271;0;12684586;0;16300;784364;0;13485250;0;0;468605;0;12799;481404;13966654;53868;1887346;192991;4228412;0;0;6362617;20329271;
44362;900464622;2019-12-31;2018;MILES;1014082;2454;154752;0;1171288;0;656902;0;11447366;656902;12761170;13932458;0;1267067;0;3592;1009896;0;2280555;0;6641437;481372;0;37799;7160608;9441163;53868;1887346;192991;2357090;0;0;4491295;13932458;
44363;900590016;2019-12-31;2019;MILES;170230;0;1774150;0;1944380;0;0;0;0;0;0;1944380;0;331131;87368;0;42140;0;460639;0;0;0;0;113;113;460752;2100;0;0;1171200;0;310328;1483628;1944380;
44364;900590016;2019-12-31;2018;MILES;242286;0;2037132;0;2279418;0;0;0;555;0;555;2279973;0;246409;54141;3982;87688;0;392220;0;0;0;0;328572;328572;720792;2100;0;0;1246753;0;310328;1559181;2279973;
44365;900280718;2019-12-31;2019;MILES;170;8715;560171;0;569056;0;0;2550000;3031982;0;5581982;6151038;0;5387;0;0;2176;0;7563;0;0;148189;0;0;148189;155752;20000;5490000;25293;-178310;0;638303;5995286;6151038;
44366;900280718;2019-12-31;2018;MILES;170;15172;629544;0;644886;0;0;2310774;2814977;0;5125751;5770637;0;1592;0;0;15675;0;17267;0;0;124266;0;0;124266;141533;20000;5490000;25293;-329189;0;423000;5629104;5770637;
44367;800151407;2019-12-31;2019;MILES;163675;740780;3003336;0;3907791;91106;0;0;28403315;0;28494421;32402212;1920989;3126877;0;0;160556;0;5208422;1243005;0;26127;0;0;1269132;6477554;100000;0;814328;9564247;0;15446083;25924658;32402212;
44368;800151407;2019-12-31;2018;MILES;450296;706545;2334891;0;3491732;94861;0;0;28403315;0;28498176;31989908;1687180;3119009;0;0;189639;7759;5003587;1177162;0;26127;0;0;1203289;6206876;100000;0;814328;9422621;0;15446083;25783032;31989908;
44369;800214137;2019-12-31;2019;MILES;258321;1446102;1137965;5947924;8790312;82144;1572301;3570612;625242;1572301;7422600;16212912;517695;3228083;0;0;232218;5087268;9065264;314698;1487822;109105;0;290546;2202171;11267435;750000;1175000;152855;1836259;0;1031363;4945477;16212912;
44370;800214137;2019-12-31;2018;MILES;584261;767728;1182476;2100135;4634600;96832;475756;3607258;1749878;475756;6405480;11040080;575636;902973;0;0;110234;2166600;3755443;464274;1086257;102865;0;571534;2224930;5980373;250000;275000;152855;3540373;0;841479;5059707;11040080;
44371;860053912;2019-12-31;2019;MILES;70940;3021689;96444;193768;3382841;433432;0;0;2119880;0;2553312;5936153;431016;3736955;0;192703;0;30000;4390674;2598566;0;189368;0;0;2787934;7178608;300000;550000;199569;-2292024;0;0;-1242455;5936153;
44372;860053912;2019-12-31;2018;MILES;70020;3643546;120633;167901;4002100;544668;0;0;1055706;0;1600374;5602474;32751;1898382;0;193649;16108;0;2140890;3028756;0;221407;0;0;3250163;5391053;300000;550000;199569;-838148;0;0;211421;5602474;
44373;900115715;2019-12-31;2019;MILES;906125;0;3473355;87587;4467067;3986687;0;0;6395997;0;10382684;14849751;1090840;4362664;0;2634;21447;2242;5479827;1978073;0;94120;0;0;2072193;7552020;501000;0;0;1730187;0;5066544;7297731;14849751;
44374;900115715;2019-12-31;2018;MILES;728349;0;3771332;50230;4549911;1347254;0;0;6168602;0;7515856;12065767;65473;3068581;0;17455;9640;4170;3165319;1803249;0;95684;0;0;1898933;5064252;501000;0;0;1433971;0;5066544;7001515;12065767;
44375;900618804;2019-12-31;2019;MILES;35637;0;1852794;0;1888431;256055;0;0;1130769;0;1386824;3275255;0;448074;0;0;0;0;448074;0;1239072;0;0;0;1239072;1687146;500000;0;404876;683233;0;0;1588109;3275255;
44376;900618804;2019-12-31;2018;MILES;3051567;0;1037293;0;4088860;16163;0;0;321729;0;337892;4426752;0;308356;0;0;0;0;308356;0;2699759;0;0;0;2699759;3008115;500000;0;0;918637;0;0;1418637;4426752;
44377;900129117;2019-12-31;2019;MILES;2263285;0;32630542;27179686;62073513;8007784;0;0;322000;0;8329784;70403297;15806427;13291588;0;733855;3888494;11731560;45451924;0;0;615176;0;0;615176;46067100;2502000;3668496;1251000;16914701;0;0;24336197;70403297;
44378;900129117;2019-12-31;2018;MILES;2156337;0;30527236;21547017;54230590;5680870;0;0;322430;0;6003300;60233890;11845113;13462271;0;595860;5151530;9382471;40437245;0;0;1015811;0;0;1015811;41453056;2502000;3668496;1333695;11276643;0;0;18780834;60233890;
44379;860506611;2019-12-31;2019;MILES;275882;4050401;2656174;43296;7025753;1217290;0;0;129295;0;1346585;8372338;8587;2788714;0;98671;0;103729;2999701;0;0;199794;0;0;199794;3199495;110000;0;393896;4668947;0;0;5172843;8372338;
44380;860506611;2019-12-31;2018;MILES;5049480;247862;1437095;1599;6736036;1303612;0;0;468409;0;1772021;8508057;18093;2653624;0;66019;998747;65775;3802258;0;0;205685;0;0;205685;4007943;110000;0;393896;3996218;0;0;4500114;8508057;
44381;800112784;2019-12-31;2019;MILES;5735;2056254;2635824;546636;5244449;773988;0;0;9844398;0;10618386;15862835;0;679099;0;0;45132;0;724231;0;0;0;0;0;0;724231;725000;5976279;70943;8366382;0;0;15138604;15862835;
44382;800112784;2019-12-31;2018;MILES;22567;1882904;4147606;530605;6583682;788078;0;0;7876916;0;8664994;15248676;353;875903;0;14170;119541;0;1009967;0;0;0;0;0;0;1009967;725000;5976279;70943;7466487;0;0;14238709;15248676;
44383;890301315;2019-12-31;2019;MILES;36708;0;438802;0;475510;12628131;0;1264629;1201674;0;15094434;15569944;63963;578782;0;0;51077;66044;759866;2306258;2022032;100309;1252295;10523;5691417;6451283;1299;0;3715;9113647;0;0;9118661;15569944;
44384;890301315;2019-12-31;2018;MILES;2093;0;987421;0;989514;12623378;0;1351292;1201674;0;15176344;16165858;63963;542352;0;0;43665;689754;1339734;2306258;2022032;100309;1252295;10523;5691417;7031151;1299;0;3715;9129693;0;0;9134707;16165858;
44385;890320002;2019-12-31;2019;MILES;200393;164813;692891;0;1058097;432662;0;0;136472;0;569134;1627231;67576;540138;0;0;1846;0;609560;0;0;0;0;0;0;609560;203795;0;1451;812425;0;0;1017671;1627231;
44386;890320002;2019-12-31;2018;MILES;7247;455682;755398;0;1218327;453701;0;0;153433;0;607134;1825461;250000;424819;0;26176;2703;35;703733;0;0;0;0;0;0;703733;203795;0;1451;916482;0;0;1121728;1825461;
44387;812000025;2019-12-31;2019;MILES;2303561;1140243;2101290;557727;6102821;11630791;250000;0;3144048;250000;15274839;21377660;0;2595370;0;67782;111024;5097;2779273;163382;0;1537160;0;0;1700542;4479815;3502916;0;2006517;11388412;0;0;16897845;21377660;
44388;812000025;2019-12-31;2018;MILES;2220971;875100;2165070;512577;5773718;12538077;327312;0;2950001;327312;16142702;21916420;0;3033814;0;63811;60099;39311;3197035;174346;0;1432208;0;0;1606554;4803589;3502916;0;2006517;11603398;0;0;17112831;21916420;
44389;860077099;2019-12-31;2019;MILES;6659527;8597765;11901323;0;27158615;114648;200000;0;13552;200000;528200;27686815;0;4131810;0;1839012;2074782;0;8045604;0;0;88260;0;0;88260;8133864;200000;0;252550;19100401;0;0;19552951;27686815;
44390;860077099;2019-12-31;2018;MILES;2652356;7965518;11735044;0;22352918;173376;0;0;340636;0;514012;22866930;0;3663673;0;2099749;1643264;0;7406686;0;0;97434;0;0;97434;7504120;200000;0;252550;14910260;0;0;15362810;22866930;
44391;900413047;2019-12-31;2019;MILES;0;3176;1029738;0;1032914;0;0;0;88931952;0;88931952;89964866;0;270065;0;0;0;0;270065;0;0;0;0;0;0;270065;2000;3295508;4756023;64812737;0;16828533;89694801;89964866;
44392;900413047;2019-12-31;2018;MILES;0;7431;1043166;0;1050597;0;0;0;87019712;0;87019712;88070309;0;270065;0;0;0;0;270065;0;0;0;0;0;0;270065;2000;3295508;3657606;65170022;0;15675108;87800244;88070309;
44393;900320206;2019-12-31;2019;MILES;574962;144250;1825515;0;2544727;253271;0;0;12690;0;265961;2810688;370464;783739;0;0;0;0;1154203;0;0;0;0;0;0;1154203;110000;0;284062;1262423;0;0;1656485;2810688;
44394;900320206;2019-12-31;2018;MILES;145397;166355;1310682;0;1622434;9304;0;0;12294;0;21598;1644032;0;83661;0;17975;263360;0;364996;0;320795;0;0;39036;359831;724827;110000;0;284062;525143;0;0;919205;1644032;
44395;900648406;2019-12-31;2019;MILES;814260;4341292;5863772;6884636;17903960;495777;0;0;24737881;0;25233658;43137618;1758686;5433841;0;391838;1333229;0;8917594;313813;9122452;0;2172496;59473;11668234;20585828;1910198;3716935;0;-4800306;0;21724963;22551790;43137618;
44396;900648406;2019-12-31;2018;MILES;973264;3199616;3579678;8397640;16150198;402735;0;0;23606509;0;24009244;40159442;1667068;6012932;0;256862;1281597;0;9218459;0;6438001;0;2224516;956178;9618695;18837154;1910198;3716935;0;-8774771;0;24469926;21322288;40159442;
44397;830068604;2019-12-31;2019;MILES;41952;2172649;6754743;3044467;12013811;2833302;0;0;124547;0;2957849;14971660;1701375;7344573;34189;287008;170106;309919;9847170;0;0;683000;0;0;683000;10530170;500000;0;250000;3691490;0;0;4441490;14971660;
44398;830068604;2019-12-31;2018;MILES;192625;1206732;5742507;1820297;8962161;3066441;0;0;648226;0;3714667;12676828;0;7043589;33500;266362;974443;2165184;10483078;0;0;21022;0;0;21022;10504100;500000;0;250000;1422728;0;0;2172728;12676828;
44399;811016281;2019-12-31;2019;MILES;105835;67110;683199;0;856144;6042050;1546280;0;9675476;1546280;18810086;19666230;0;486831;0;0;178272;60312;725415;4219066;0;0;0;0;4219066;4944481;50000;7701597;0;6967735;0;2417;14721749;19666230;
44400;811016281;2019-12-31;2018;MILES;70494;67539;535200;0;673233;6233640;544895;0;10676861;544895;18000291;18673524;0;518084;0;0;181754;61773;761611;4908340;0;0;0;0;4908340;5669951;50000;7701597;0;5251976;0;0;13003573;18673524;
44401;830013009;2019-12-31;2019;MILES;1088555;2738486;916167;0;4743208;208421;0;0;940690;0;1149111;5892319;476197;443270;0;0;248006;351400;1518873;658333;0;0;0;0;658333;2177206;1200000;0;993219;1521894;0;0;3715113;5892319;
44402;830013009;2019-12-31;2018;MILES;531320;2238477;574572;0;3344369;248031;0;0;740690;0;988721;4333090;518530;181043;0;0;130617;496670;1326860;288070;0;0;0;0;288070;1614930;1200000;0;593279;924881;0;0;2718160;4333090;
44403;900245670;2019-12-31;2019;MILES;994874;1640926;4591376;0;7227176;137203;0;0;762449;0;899652;8126828;76461;2423726;0;0;1193680;58298;3752165;1810047;0;35918;0;14647;1860612;5612777;260008;0;383718;1870325;0;0;2514051;8126828;
44404;900245670;2019-12-31;2018;MILES;734754;712874;2918254;0;4365882;944057;0;0;35000;0;979057;5344939;141666;909507;0;0;1089935;52961;2194069;1932220;0;39125;0;7000;1978345;4172414;260008;0;383718;528799;0;0;1172525;5344939;
44405;900773129;2019-06-30;2019;MILES;755644;31042;0;0;786686;0;0;0;10283186;0;10283186;11069872;0;92;0;0;2045;0;2137;0;0;751331;0;0;751331;753468;436906;0;1085301;2848356;0;5945841;10316404;11069872;
44406;900773129;2019-06-30;2018;MILES;413937;0;0;0;413937;0;0;0;10182237;0;10182237;10596174;0;88;0;0;6219;0;6307;0;0;750251;0;0;750251;756558;436906;0;1085301;2444045;0;5873364;9839616;10596174;
44407;900427794;2019-12-31;2019;MILES;6774;258545;1398302;16752043;18415664;32665;19684613;19801141;-8221602;19684613;50981430;69397094;31249804;1885940;0;0;275254;1581000;34991998;4199791;0;629044;0;0;4828835;39820833;44965000;0;12265;-15401004;0;0;29576261;69397094;
44408;900427794;2019-12-31;2018;MILES;132743;264635;994688;20560990;21953056;39245;19088581;23439213;-8429823;19088581;53225797;75178853;3297799;149075;0;0;152644;264713;3864231;30031128;2561625;842234;0;0;33434987;37299218;44965000;0;12265;-7097630;0;0;37879635;75178853;
44409;900459737;2019-12-31;2019;MILES;9186700;2276418;9104447;8107526;28675091;91309434;0;0;3932841;0;95242275;123917366;770956;10793755;0;1212218;4621947;1101416;18500292;25000000;15730876;0;0;1570655;42301531;60801823;388200;38035075;848274;23843994;0;0;63115543;123917366;
44410;900459737;2019-12-31;2018;MILES;14145268;1398502;8084074;7074034;30701878;86613369;0;0;3997080;0;90610449;121312327;645499;12315807;0;1097285;11790030;719380;26568001;25000000;14396635;0;0;2762230;42158865;68726866;388200;38035075;848274;13313912;0;0;52585461;121312327;
44411;900465022;2019-12-31;2019;MILES;1158173;0;18454798;1266963;20879934;65763;0;0;0;0;65763;20945697;1796260;8386361;0;0;0;0;10182621;0;0;0;0;0;0;10182621;3000;0;0;4677793;0;6082283;10763076;20945697;
44412;900465022;2019-12-31;2018;MILES;4027665;7277;15571803;3015187;22621932;91450;0;0;0;0;91450;22713382;4348657;10757902;0;0;0;0;15106559;0;0;0;0;0;0;15106559;3000;0;0;5095510;0;2508313;7606823;22713382;
44413;900150121;2019-12-31;2019;MILES;638152;239362;5379985;0;6257499;181851;0;0;146273;0;328124;6585623;1100056;728524;0;334931;440612;0;2604123;0;0;0;0;0;0;2604123;600000;0;264696;3116804;0;0;3981500;6585623;
44414;900150121;2019-12-31;2018;MILES;404876;581927;4574677;0;5561480;223640;0;0;283922;0;507562;6069042;1697219;356139;0;300790;467936;0;2822084;0;0;0;0;0;0;2822084;600000;0;218541;2428417;0;0;3246958;6069042;
44415;830079821;2019-12-31;2019;MILES;210860;33266;10160363;7600762;18005251;2560157;0;64613843;55115417;0;122289417;140294668;15757389;379581;0;130206;943536;292306;17503018;0;0;2640530;0;0;2640530;20143548;13389000;50864324;815418;55082378;0;0;120151120;140294668;
44416;830079821;2019-12-31;2018;MILES;1087746;56537;7743702;6225590;15113575;1982446;0;64527265;55405424;0;121915135;137028710;13359759;472357;0;78694;1319587;395686;15626083;0;0;2600584;0;96200;2696784;18322867;13389000;50864324;673876;53778643;0;0;118705843;137028710;
44417;813008120;2019-12-31;2019;MILES;40327;2076831;6449366;243938;8810462;1049400;335758;3339393;7153934;335758;12214243;21024705;1540198;1151471;0;0;74770;106889;2873328;4325110;0;0;0;1029648;5354758;8228086;2100000;0;242263;10454356;0;0;12796619;21024705;
44418;813008120;2019-12-31;2018;MILES;403006;1337358;4574748;620733;6935845;1629544;435639;3339393;5930241;435639;11770456;18706301;1463628;136181;0;0;68208;350393;2018410;5027586;0;0;0;0;5027586;7045996;2100000;0;242263;9318042;0;0;11660305;18706301;
44419;900387629;2019-12-31;2019;MILES;12059;3108;57622;0;72789;0;0;0;33622811;0;33622811;33695600;0;155120;0;0;0;0;155120;0;0;0;0;0;0;155120;46123;2045261;15179274;7322852;0;8946970;33540480;33695600;
44420;900387629;2019-12-31;2018;MILES;11609;3184;3225;0;18018;0;0;0;21988360;0;21988360;22006378;0;3534662;0;0;0;0;3534662;0;0;0;0;0;0;3534662;37439;1048169;1069636;7369502;0;8946970;18471716;22006378;
44421;900970373;2019-12-31;2019;MILES;6;0;1287658;0;1287664;0;263210;0;8551944;263210;9078364;10366028;0;1630349;0;0;21988;0;1652337;0;0;0;0;0;0;1652337;4714851;3461741;474588;62511;0;0;8713691;10366028;
44422;900970373;2019-12-31;2018;MILES;6;105906;1564080;0;1669992;0;876260;0;7230025;876260;8982545;10652537;0;2350941;0;0;72644;0;2423585;0;0;0;0;0;0;2423585;4714851;3461741;238121;-185761;0;0;8228952;10652537;
44423;900330705;2019-12-31;2019;MILES;867555;3652;842790;0;1713997;0;0;0;15100000;0;15100000;16813997;0;0;0;0;2245;0;2245;0;9362685;293516;0;0;9656201;9658446;125000;4995000;0;2035551;0;0;7155551;16813997;
44424;900330705;2019-12-31;2018;MILES;8420;79;702551;0;711050;0;0;0;15100000;0;15100000;15811050;0;0;0;0;1289;0;1289;0;10495245;625330;0;0;11120575;11121864;125000;4995000;0;-430814;0;0;4689186;15811050;
44425;805027728;2019-12-31;2019;MILES;458996;19034;1763836;323832;2565698;2610063;0;0;334218;0;2944281;5509979;1074754;703310;0;177533;164303;48168;2168068;1101423;0;307425;0;0;1408848;3576916;598440;0;63549;1271074;0;0;1933063;5509979;
44426;805027728;2019-12-31;2018;MILES;528628;27039;2296115;25574;2877356;2526842;0;0;74127;0;2600969;5478325;403779;1039251;0;130769;182979;0;1756778;878881;0;446636;0;55826;1381343;3138121;598440;0;350099;1391665;0;0;2340204;5478325;
44427;805013301;2019-12-31;2019;MILES;0;0;0;0;0;0;142537;0;17199318;142537;17484392;17484392;0;0;0;0;0;0;0;38397;1889;0;0;0;40286;40286;591000;0;12759;16840347;0;0;17444106;17484392;
44428;805013301;2019-12-31;2018;MILES;0;0;0;0;0;0;136662;0;17205193;136662;17478517;17478517;0;0;0;0;896;0;896;31618;1720;0;0;0;33338;34234;591000;0;12055;16841228;0;0;17444283;17478517;
44429;800192909;2019-12-31;2019;MILES;351171;0;1291572;0;1642743;3525271;0;3296211;41233264;0;48054746;49697489;590052;451095;0;0;0;0;1041147;0;0;3678036;0;0;3678036;4719183;670000;630000;970573;3247889;0;39459844;44978306;49697489;
44430;800192909;2019-12-31;2018;MILES;63486;0;94475;0;157961;1177369;0;0;39263581;0;40440950;40598911;195129;216469;0;0;181181;0;592779;0;0;3540584;0;0;3540584;4133363;670000;630000;1108425;32127398;0;1929725;36465548;40598911;
44431;900486803;2019-12-31;2019;MILES;2433208;2162632;9481111;2299507;16376458;26596715;0;0;24851402;0;51448117;67824575;7316168;11539328;0;504530;179192;6964772;26503990;14630007;0;0;0;0;14630007;41133997;5630805;1251527;1743468;293620;0;17771158;26690578;67824575;
44432;900486803;2019-12-31;2018;MILES;2183774;2745910;13409731;5535418;23874833;26587290;0;0;4025444;0;30612734;54487567;3022892;16617575;0;465823;159012;6992281;27257583;18749574;0;0;0;0;18749574;46007157;5616524;1120418;1133158;610310;0;0;8480410;54487567;
44433;830014701;2019-12-31;2019;MILES;33771;0;9620275;7347;9661393;684944;4073524;0;-1777390;4073524;7054602;16715995;0;4741283;0;8316;441260;0;5190859;0;4121333;104114;0;0;4225447;9416306;1622000;779645;0;4898044;0;0;7299689;16715995;
44434;830014701;2019-12-31;2018;MILES;54854;0;5586217;23059;5664130;947394;0;0;2947314;0;3894708;9558838;100000;2383345;0;64349;312110;183;2859987;0;0;332346;0;0;332346;3192333;1622000;779645;0;3920510;0;44350;6366505;9558838;
44435;900228513;2019-12-31;2019;MILES;504594;377159;220884;4757558;5860195;11129082;0;1346003;9632154;0;22107239;27967434;29658117;4712140;0;56057;98;0;34426412;0;0;563770;0;0;563770;34990182;2511000;11699673;0;-21233421;0;0;-7022748;27967434;
44436;900228513;2019-12-31;2018;MILES;162235;313164;608796;5648660;6732855;11596299;0;1346003;9632154;0;22574456;29307311;29410238;5369224;0;62565;1208;0;34843235;0;0;564215;0;0;564215;35407450;2511000;11699673;0;-20310812;0;0;-6100139;29307311;
44437;900629632;2019-12-31;2019;MILES;418185;31166;1869941;0;2319292;68689;0;0;6925721;0;6994410;9313702;0;2298;0;0;15956;0;18254;0;0;0;0;0;0;18254;200000;9271193;61628;-381799;0;144426;9295448;9313702;
44438;900629632;2019-12-31;2018;MILES;1217775;77838;1262145;0;2557758;99239;0;0;6617615;0;6716854;9274612;0;6964;0;0;179753;0;186717;0;0;0;0;0;0;186717;200000;9271193;61628;-589366;0;144440;9087895;9274612;
44439;900628352;2019-12-31;2019;MILES;230315;45901;2140496;0;2416712;0;0;0;7064587;0;7064587;9481299;12870;1838;0;0;15961;0;30669;0;0;0;0;0;0;30669;200000;9210869;52939;-187667;0;174489;9450630;9481299;
44440;900628352;2019-12-31;2018;MILES;1272734;72600;1886435;0;3231769;0;0;0;6228746;0;6228746;9460515;0;8677;0;0;127340;0;136017;0;0;54820;0;0;54820;190837;200000;9210869;52939;-338570;0;144440;9269678;9460515;
44441;800057402;2019-12-31;2019;MILES;45735986;0;67944387;0;113680373;0;0;0;3960102;0;3960102;117640475;0;1337917;0;96870;6767356;12040389;20242532;11881625;0;0;0;0;11881625;32124157;52540000;0;1069671;21734878;0;10171769;85516318;117640475;
44442;800057402;2019-12-31;2018;MILES;45735986;0;66775476;0;112511462;0;0;0;4472546;0;4472546;116984008;0;1548141;0;57688;6439846;12040389;20086064;11881625;0;0;0;0;11881625;31967689;52540000;0;1069671;21234879;0;10171769;85016319;116984008;
44443;811039807;2019-12-31;2019;MILES;156740;434291;401112;33517;1025660;23133365;2376689;0;-2102131;2376689;25784612;26810272;1076299;969113;0;194954;409861;34016;2684243;3166014;0;0;35158;0;3201172;5885415;393000;1557000;6193695;12781162;0;0;20924857;26810272;
44444;811039807;2019-12-31;2018;MILES;156182;239136;604499;36168;1035985;18767628;1292307;0;-1158102;1292307;20194140;21230125;1268616;794541;0;187602;282588;8061;2541408;3116568;185900;0;99243;0;3401711;5943119;393000;1557000;456170;12880836;0;0;15287006;21230125;
44445;800249401;2019-12-31;2019;MILES;664386;6279887;1851326;4752276;13547875;10441927;0;0;247868;0;10689795;24237670;1652157;2486372;0;912070;565230;386991;6002820;2317679;0;576140;0;5085975;7979794;13982614;486000;0;4130490;5638566;0;0;10255056;24237670;
44446;800249401;2019-12-31;2018;MILES;1548678;3882854;1646464;3787897;10865893;8888172;0;0;157401;0;9045573;19911466;21866;1829819;0;734259;1366595;452778;4405317;91538;0;576140;0;5124637;5792315;10197632;486000;0;2802033;6425801;0;0;9713834;19911466;
44447;900395206;2019-12-31;2019;MILES;1274011;68759;0;0;1342770;0;0;0;486231476;0;486231476;487574246;9966892;3446;0;0;0;1490;9971828;0;0;0;0;0;0;9971828;20500000;0;405571690;51530728;0;0;477602418;487574246;
44448;900395206;2019-12-31;2018;MILES;14840381;0;0;0;14840381;0;0;0;419144973;0;419144973;433985354;0;3034;0;0;199628;2722;205384;0;0;0;0;0;0;205384;20500000;0;371791523;41488447;0;0;433779970;433985354;
44449;900127308;2019-12-31;2019;MILES;465438;0;2481559;0;2946997;4976;0;0;11101271;0;11106247;14053244;0;7525;177027;0;352;543928;728832;0;873311;0;0;10757;884068;1612900;1350000;0;675000;10415344;0;0;12440344;14053244;
44450;900127308;2019-12-31;2018;MILES;872146;445567;1881977;0;3199690;6002;0;0;11151695;0;11157697;14357387;0;3761;0;0;94102;549510;647373;0;934645;0;0;10757;945402;1592775;1350000;0;675000;10739612;0;0;12764612;14357387;
44451;860353004;2019-12-31;2019;MILES;4085186;25284024;18713009;6314579;54396798;31957;0;0;12468;0;44425;54441223;2750000;1059304;0;57556;707485;40931226;45505571;0;0;0;0;0;0;45505571;480000;900000;930836;6624816;0;0;8935652;54441223;
44452;860353004;2019-12-31;2018;MILES;7163814;23418704;14275721;5247659;50105898;2977093;0;0;12468;0;2989561;53095459;5347832;1943710;0;23564;825935;40805000;48946041;0;0;0;0;0;0;48946041;480000;900000;831007;1938411;0;0;4149418;53095459;
44453;900471273;2019-12-31;2019;MILES;51402;4737;946912;0;1003051;1980393;0;0;33077232;0;35057625;36060676;0;1151365;0;40638;10954;402841;1605798;0;0;0;0;0;0;1605798;1672157;1609959;740879;30431883;0;0;34454878;36060676;
44454;900471273;2019-12-31;2018;MILES;1210359;14714;953561;0;2178634;1904268;0;0;31823103;0;33727371;35906005;0;1690722;0;25410;27641;0;1743773;0;0;0;0;0;0;1743773;1672157;1609959;503313;30376803;0;0;34162232;35906005;
44455;811005803;2019-12-31;2019;MILES;214332;262947;609712;27288;1114279;23798658;921289;0;7723212;921289;33364448;34478727;1226620;465494;0;166910;162639;17231;2038894;4963659;208278;0;75208;0;5247145;7286039;290000;110000;2668497;17217601;0;6906590;27192688;34478727;
44456;811005803;2019-12-31;2018;MILES;132861;138531;498040;28401;797833;18368853;941630;0;5307377;941630;25559490;26357323;1037947;409048;0;159042;127453;12074;1745564;4917989;1315150;0;31570;0;6264709;8010273;290000;110000;273003;17355319;0;318728;18347050;26357323;
44457;800169966;2019-12-31;2019;MILES;651217;88808;1809516;8566;2558107;11685920;0;14074682;3063634;0;28824236;31382343;448422;1649218;0;109401;33242;0;2240283;224211;0;2226231;0;0;2450442;4690725;1011000;1010000;532097;24138521;0;0;26691618;31382343;
44458;800169966;2019-12-31;2018;MILES;4441231;6201;3750457;22681;8220570;10035840;0;14074682;2584798;0;26695320;34915890;496188;2258035;0;94323;206045;1802;3056393;676078;0;2220446;0;0;2896524;5952917;1011000;1010000;532097;26409876;0;0;28962973;34915890;
44459;800144409;2019-12-31;2019;MILES;2282444;13488;2940152;1098163;6334247;275722;0;5021480;1495924;0;6793126;13127373;0;2491137;0;43912;30000;58740;2623789;0;0;862282;0;0;862282;3486071;550000;0;275000;7766302;0;1050000;9641302;13127373;
44460;800144409;2019-12-31;2018;MILES;2212942;8849;2965032;905037;6091860;108531;0;5021480;1823999;0;6954010;13045870;0;2615424;0;37854;38400;153325;2845003;0;0;778471;0;0;778471;3623474;550000;0;275000;7547396;0;1050000;9422396;13045870;
44461;890211902;2019-12-31;2019;MILES;845789;14851000;12268273;4909428;32874490;25490812;0;0;13740855;0;39231667;72106157;10428417;7495297;454019;487979;3157458;1045103;23068273;5676356;0;3411707;0;0;9088063;32156336;766945;4650662;12495795;15964085;0;6072334;39949821;72106157;
44462;890211902;2019-12-31;2018;MILES;754941;12131819;9999344;3880258;26766362;25156212;0;0;12130267;0;37286479;64052841;10879374;5596708;35419;472666;478063;1635993;19098223;6496376;0;3223025;0;0;9719401;28817624;732787;4782119;11645142;12795780;0;5279389;35235217;64052841;
44463;900559327;2019-12-31;2019;MILES;44056;46460;9589;0;100105;3533986;6965325;0;50101331;6965325;67565967;67666072;51160;44458;0;41947;217524;13456;368545;8726305;1940444;0;0;325424;10992173;11360718;18335512;39556518;0;-3887477;0;2300801;56305354;67666072;
44464;900559327;2019-12-31;2018;MILES;490851;42503;758;0;534112;3571323;6009055;0;52461255;6009055;68050688;68584800;10370;65547;0;40229;136993;9592;262731;21929137;3156071;663;0;702855;25788726;26051457;18092012;27379326;0;-5238796;0;2300801;42533343;68584800;
44465;900301404;2019-12-31;2019;MILES;75610;94639;888809;0;1059058;6638449;0;0;6122484;0;12760933;13819991;0;136862;0;0;151311;387;288560;0;0;1342713;0;915236;2257949;2546509;974050;4663911;4044210;1591311;0;0;11273482;13819991;
44466;900301404;2019-12-31;2018;MILES;225221;76649;59287;0;361157;1059803;0;6316572;8646;0;7385021;7746178;0;387183;0;0;118434;15470;521087;0;0;876923;0;1090889;1967812;2488899;959352;3208665;0;1089262;0;0;5257279;7746178;
44467;900039806;2019-12-31;2019;MILES;1969854;1382680;1972410;0;5324944;443799;0;0;137516;0;581315;5906259;133793;2063093;0;180582;225072;15276;2617816;0;0;0;0;0;0;2617816;222250;0;116329;2949864;0;0;3288443;5906259;
44468;900039806;2019-12-31;2018;MILES;1261849;1366046;2367549;0;4995444;357771;0;0;102358;0;460129;5455573;342591;2226176;0;139858;210071;12109;2930805;0;0;402;0;0;402;2931207;222250;0;116329;2185787;0;0;2524366;5455573;
44469;900301403;2019-12-31;2019;MILES;76116;95963;888809;0;1060888;6622009;0;0;6106922;0;12728931;13789819;0;148471;0;0;192749;0;341220;0;0;1257240;0;849492;2106732;2447952;979050;4738218;3969903;1654696;0;0;11341867;13789819;
44470;900301403;2019-12-31;2018;MILES;125101;70637;59287;0;255025;1042735;0;6316572;122966;0;7482273;7737298;0;406654;0;0;149772;0;556426;0;0;875604;0;929401;1805005;2361431;964352;3208665;0;1202850;0;0;5375867;7737298;
44471;900411974;2019-12-31;2019;MILES;3501366;16474;528269;0;4046109;706798;0;0;32769247;0;33476045;37522154;0;50050;0;0;40467;417563;508080;0;0;0;0;0;0;508080;2534389;788359;2125476;31565850;0;0;37014074;37522154;
44472;900411974;2019-12-31;2018;MILES;2245719;69861;76826;0;2392406;745943;0;0;33500306;0;34246249;36638655;0;250966;0;0;38083;130;289179;0;0;0;0;0;0;289179;2534389;788359;1783265;31243463;0;0;36349476;36638655;
44473;900301405;2019-12-31;2019;MILES;90990;105058;888809;0;1084857;6645592;0;0;955402;0;7600994;8685851;0;153578;0;0;177312;0;330890;0;0;701721;0;1468868;2170589;2501479;1001550;3866877;83091;1232854;0;0;6184372;8685851;
44474;900301405;2019-12-31;2018;MILES;302039;80823;59287;0;442149;1067219;0;6316572;61432;0;7445223;7887372;0;406600;0;0;154225;0;560825;0;0;727869;0;1517391;2245260;2806085;986852;3208665;0;885770;0;0;5081287;7887372;
44475;900412036;2019-12-31;2019;MILES;2035292;23519;909491;0;2968302;0;0;0;33531312;0;33531312;36499614;0;16844;0;4230;36582;405559;463215;0;0;0;0;0;0;463215;2534364;788359;1910409;30803267;0;0;36036399;36499614;
44476;900412036;2019-12-31;2018;MILES;2134730;26402;457545;0;2618677;466459;0;0;32641733;0;33108192;35726869;1551;233104;0;2109;49480;47;286291;0;0;0;0;0;0;286291;2534364;788359;1543188;30574667;0;0;35440578;35726869;
44477;900412077;2019-12-31;2019;MILES;1173080;20413;801975;0;1995468;438101;0;0;32476112;0;32914213;34909681;0;0;0;0;30949;402955;433904;0;0;0;0;0;0;433904;2534457;788360;210268;30942692;0;0;34475777;34909681;
44478;900412077;2019-12-31;2018;MILES;695588;23248;779703;0;1498539;459895;0;0;32419029;0;32878924;34377463;0;216000;0;0;35678;2252;253930;0;0;0;0;0;0;253930;2534457;788360;167644;30633072;0;0;34123533;34377463;
44479;900302609;2019-12-31;2019;MILES;86569;101171;891130;0;1078870;6672978;0;0;6114908;0;12787886;13866756;0;133314;0;0;213206;0;346520;0;0;1283856;0;898444;2182300;2528820;949050;4688868;4019253;1680765;0;0;11337936;13866756;
44480;900302609;2019-12-31;2018;MILES;148981;113336;61588;0;323905;1095651;0;6316572;12926;0;7425149;7749054;0;443774;0;0;162738;0;606512;0;0;866636;0;973171;1839807;2446319;934352;3208665;0;1159718;0;0;5302735;7749054;
44481;804001007;2019-12-31;2019;MILES;689195;1770715;452268;0;2912178;102457850;0;206250;11954760;0;114618860;117531038;0;44912;0;32064;324992;0;401968;3543008;699196;10247534;0;0;14489738;14891706;3010000;3990000;1383136;89194840;0;5061356;102639332;117531038;
44482;804001007;2019-12-31;2018;MILES;979149;1437078;399458;0;2815685;102985992;0;206250;6755648;0;109947890;112763575;447222;33629;0;26386;445823;0;953060;3486308;959469;10123080;0;0;14568857;15521917;3010000;3990000;1727974;88513684;0;0;97241658;112763575;
44483;900046641;2019-12-31;2019;MILES;525317;1858;34863;0;562038;836282;0;407169;8197151;0;9440602;10002640;0;610377;0;0;14622;0;624999;0;268347;975808;0;0;1244155;1869154;7873;0;3931;7844881;0;276801;8133486;10002640;
44484;900046641;2019-12-31;2018;MILES;99563;0;32628;0;132191;879915;0;407169;8199564;0;9486648;9618839;0;850363;0;0;18923;0;869286;0;266230;884316;0;0;1150546;2019832;7873;0;3931;7310402;0;276801;7599007;9618839;
44485;900248603;2019-12-31;2019;MILES;331047;645934;0;0;976981;16860821;0;0;2364956;0;19225777;20202758;523990;125824;0;2975;198512;25506;876807;6940167;7424686;0;0;0;14364853;15241660;200000;0;6891;4754207;0;0;4961098;20202758;
44486;900248603;2019-12-31;2018;MILES;462348;859265;0;0;1321613;18912343;0;0;2364956;0;21277299;22598912;102735;502380;0;6928;187018;25508;824569;7765584;9462832;0;0;0;17228416;18052985;200000;0;6891;4339036;0;0;4545927;22598912;
44487;900345734;2019-12-31;2019;MILES;325774;149800;7832;0;483406;6809289;0;0;31656270;0;38465559;38948965;0;223512;0;0;175002;0;398514;0;0;30373;0;0;30373;428887;25417;23350242;1547912;13596507;0;0;38520078;38948965;
44488;900345734;2019-12-31;2018;MILES;3459827;224057;55166;0;3739050;6951686;0;7332985;20428729;0;34713400;38452450;0;86516;0;0;371190;0;457706;0;0;0;0;0;0;457706;25417;23350242;1547912;13071173;0;0;37994744;38452450;
44489;800043910;2019-12-31;2019;MILES;1704632;0;8553341;4190582;14448555;861845;0;35884893;0;0;36746738;51195293;0;9614353;0;124932;0;0;9739285;8725498;0;0;0;0;8725498;18464783;100000;0;77398;32553112;0;0;32730510;51195293;
44490;800043910;2019-12-31;2018;MILES;1711482;0;9090844;3899764;14702090;861845;0;33895555;0;0;34757400;49459490;0;7132086;0;114513;0;0;7246599;12584812;0;0;0;0;12584812;19831411;100000;0;77398;29450681;0;0;29628079;49459490;
44491;860002017;2019-12-31;2019;MILES;842690;31891;12363212;1742294;14980087;23842534;0;367030;269832;0;24479396;39459483;4922037;1867611;0;0;237688;4843616;11870952;15476741;0;336028;0;844679;16657448;28528400;8191980;0;262354;-6874940;0;9351689;10931083;39459483;
44492;860002017;2019-12-31;2018;MILES;320390;18221;14010156;3118178;17466945;24165786;0;367030;270746;0;24803562;42270507;4922088;1458055;0;0;2569419;5997158;14946720;17212137;0;0;0;550149;17762286;32709006;8191980;0;68253;-8050421;0;9351689;9561501;42270507;
44493;890203522;2019-12-31;2019;MILES;688381;1746032;32964253;18261433;53660099;2493447;40375546;2986035;-39961777;40375546;46268797;99928896;5383333;12219304;0;194892;1830877;8547799;28176205;0;34955576;568380;0;6728068;42252024;70428229;1543159;0;5265450;22692058;0;0;29500667;99928896;
44494;890203522;2019-12-31;2018;MILES;3412141;1798087;28577785;9793344;43581357;2550858;37022079;637647;-36636282;37022079;40596381;84177738;2500000;16077955;0;199820;2574497;6849911;28202183;0;25700375;569228;0;8986364;35255967;63458150;1543159;0;5265450;13910979;0;0;20719588;84177738;
44495;800089002;2019-12-31;2019;MILES;192806;1150894;4399849;299335;6042884;1942495;0;0;357971;0;2300466;8343350;778810;2048000;1090365;584801;794914;0;5296890;152193;0;0;0;0;152193;5449083;1010190;0;260188;1623889;0;0;2894267;8343350;
44496;800089002;2019-12-31;2018;MILES;275087;961500;5187285;588585;7012457;1798995;0;0;558182;0;2357177;9369634;244126;3155735;0;540578;1273440;0;5213879;762415;0;0;0;0;762415;5976294;1003390;0;180761;2209189;0;0;3393340;9369634;
44497;900209816;2019-12-31;2019;MILES;968871;106270;1476002;3104565;5655708;551741;0;0;0;0;551741;6207449;3140;1150055;0;92935;92727;0;1338857;1016302;0;0;0;302328;1318630;2657487;850000;0;85049;1956593;0;658320;3549962;6207449;
44498;900209816;2019-12-31;2018;MILES;822316;146987;2452151;1859973;5281427;397088;0;1450000;22058;0;1869146;7150573;64596;411415;0;81709;130896;0;688616;2046244;0;0;0;838593;2884837;3573453;850000;0;85049;2143493;0;498578;3577120;7150573;
44499;800215509;2019-12-31;2019;MILES;352977;23498;5306411;3763301;9446187;2806614;2579348;19831587;710829;2579348;28507726;37953913;1277903;6591630;0;165194;731781;0;8766508;7499428;0;4113514;0;494185;12107127;20873635;500000;0;593052;15987226;0;0;17080278;37953913;
44500;800215509;2019-12-31;2018;MILES;460074;11331;5414117;3206954;9092476;2502151;6181822;19276693;-3162979;6181822;30979509;40071985;1436365;6815178;0;158645;215146;0;8625334;10859272;0;3891761;0;484121;15235154;23860488;500000;0;453385;15258112;0;0;16211497;40071985;
44501;830007705;2019-12-31;2019;MILES;1358619;0;20237;0;1378856;2988;0;0;517531;0;520519;1899375;0;786;0;6240;23526;0;30552;0;0;0;0;0;0;30552;201030;0;100515;1567278;0;0;1868823;1899375;
44502;830007705;2019-12-31;2018;MILES;471435;0;1783716;0;2255151;4358;1747904;0;-1213388;1747904;2286778;4541929;0;160680;0;5580;252;0;166512;0;0;0;0;0;0;166512;201030;0;100515;4073872;0;0;4375417;4541929;
44503;830038902;2019-12-31;2019;MILES;80986;621159;5743;26093;733981;1039869;0;0;248695;0;1288564;2022545;179697;434343;9137;56349;299647;0;979173;191739;0;0;0;252872;444611;1423784;691517;0;28928;-121684;0;0;598761;2022545;
44504;830038902;2019-12-31;2018;MILES;127965;840615;23902;25865;1018347;1382220;0;0;239025;0;1621245;2639592;353324;483354;101006;86609;323585;0;1347878;317118;0;0;0;254151;571269;1919147;3000000;0;28928;-2308483;0;0;720445;2639592;
44505;800232717;2019-12-31;2019;MILES;5536;49228;16262;0;71026;1295161;2546546;1411536;-1795779;2546546;6004010;6075036;0;8416;0;14931;20635;0;43982;265150;1218721;23232;0;0;1507103;1551085;400000;0;359303;3764648;0;0;4523951;6075036;
44506;800232717;2019-12-31;2018;MILES;25049;108327;4846;0;138222;1351585;3026410;1411536;-2274120;3026410;6541821;6680043;0;15547;0;12644;70415;0;98606;390037;2200076;24160;0;0;2614273;2712879;400000;0;359303;3207861;0;0;3967164;6680043;
44507;900340610;2019-12-31;2019;MILES;575323;1742845;2242034;514232;5074434;441741;502395;1516882;5380070;502395;8343483;13417917;1562138;1925184;0;259647;679297;0;4426266;1957035;0;106711;0;0;2063746;6490012;700000;0;250358;5977547;0;0;6927905;13417917;
44508;900340610;2019-12-31;2018;MILES;115385;1899339;980011;849400;3844135;182899;184246;1516881;5937510;184246;8005782;11849917;1575638;1149026;0;158258;446208;400139;3729269;1870586;0;130947;0;0;2001533;5730802;700000;0;250358;5168757;0;0;6119115;11849917;
44509;860015300;2019-12-31;2019;MILES;2744865;29290683;16991165;324607;49351320;174833263;40620140;0;24420674;40620140;280494217;329845537;0;4477328;3098365;2540249;377955;37010087;47503984;0;0;62506497;0;131217582;193724079;241228063;148620;0;452641;88016213;0;0;88617474;329845537;
44510;860015300;2019-12-31;2018;MILES;3031734;33743774;12028047;320939;49124494;175123535;31378355;0;28178312;31378355;266058557;315183051;0;4735387;2319017;2310145;307179;34728569;44400297;0;0;63561679;0;123128452;186690131;231090428;148620;0;454728;83489275;0;0;84092623;315183051;
44511;900484605;2019-12-31;2019;MILES;38828;11055;898636;0;948519;4764959;252291;0;-95524;252291;5174017;6122536;0;265376;0;70048;41987;0;377411;0;0;148687;0;0;148687;526098;9756936;0;673921;-4834419;0;0;5596438;6122536;
44512;900484605;2019-12-31;2018;MILES;281925;231;2920486;0;3202642;2838801;252291;0;-51274;252291;3292109;6494751;0;181408;0;78231;40785;0;300424;0;0;148687;0;0;148687;449111;9756936;0;673921;-4385217;0;0;6045640;6494751;
44513;900479216;2019-12-31;2019;MILES;2490224;314519;1362788;0;4167531;17793;21138045;16476245;39507623;21138045;98277751;102445282;0;561014;0;4466;154552;0;720032;0;6221483;1201618;0;0;7423101;8143133;247409;93255212;481;799047;0;0;94302149;102445282;
44514;900479216;2019-12-31;2018;MILES;174076;0;17225715;0;17399791;21636;0;16566245;57740499;0;74328380;91728171;476884;0;0;14381;90322;1470796;2052383;0;0;654583;0;0;654583;2706966;247409;0;481;-4481897;0;93255212;89021205;91728171;
44515;800010912;2019-12-31;2019;MILES;1252;18168;0;0;19420;2694811;0;0;21102560;0;23797371;23816791;0;174729;0;0;57;0;174786;0;0;2280289;0;0;2280289;2455075;2000;0;6755244;14604472;0;0;21361716;23816791;
44516;800010912;2019-12-31;2018;MILES;1251;14526;0;0;15777;0;0;2694811;10577023;0;13271834;13287611;0;114607;0;0;33;0;114640;0;0;877834;0;0;877834;992474;2000;0;1000;12292137;0;0;12295137;13287611;
44517;900202511;2019-12-31;2019;MILES;15896;600912;1854156;0;2470964;3454678;1776896;0;23199769;1776896;30208239;32679203;1309028;5344334;0;0;126523;4189;6784074;152652;1216415;165975;0;0;1535042;8319116;6060;1625940;0;7382832;0;15345255;24360087;32679203;
44518;900202511;2019-12-31;2018;MILES;50280;591816;307171;133081;1082348;7412928;4434953;0;26434327;4434953;42717161;43799509;940476;4998386;0;0;155346;177324;6271532;78844;5732958;165975;0;0;5977777;12249309;6060;1625940;0;9414560;0;20503640;31550200;43799509;
44519;830085008;2019-12-31;2019;MILES;4857519;2698908;1464180;1522868;10543475;23415874;1115334;0;8075860;1115334;33722402;44265877;1320230;3621204;0;383921;191649;245213;5762217;0;17427262;381001;0;0;17808263;23570480;2500000;0;963413;17231984;0;0;20695397;44265877;
44520;830085008;2019-12-31;2018;MILES;4833028;2108313;1916557;1815381;10673279;16179177;2126213;0;1455057;2126213;21886660;32559939;1480645;4945037;0;388355;84207;419696;7317940;0;14063161;244467;0;0;14307628;21625568;500000;0;691936;9742435;0;0;10934371;32559939;
44521;900771031;2019-12-31;2019;MILES;1160;0;2001;0;3161;914315;0;0;971339;0;1885654;1888815;0;0;0;0;4669;0;4669;0;0;0;0;50000;50000;54669;20000;0;0;488459;0;1325687;1834146;1888815;
44522;900771031;2019-12-31;2018;MILES;1160;0;5711;0;6871;559967;0;0;453904;0;1013871;1020742;0;0;0;0;0;0;0;0;0;0;0;50000;50000;50000;20000;0;0;496838;0;453904;970742;1020742;
44523;900107831;2019-12-31;2019;MILES;2070925;24428;1018191;0;3113544;7087423;0;27457651;118625952;0;153171026;156284570;0;49222;0;123853;100992;1128113;1402180;0;0;6705471;0;0;6705471;8107651;2167290;25978180;1083645;118947804;0;0;148176919;156284570;
44524;900107831;2019-12-31;2018;MILES;1361410;41844;3722577;0;5125831;7213961;0;25779957;116621384;0;149615302;154741133;0;5802;0;91671;70491;318;168282;0;0;5948548;0;0;5948548;6116830;2167290;25978180;1083645;119395188;0;0;148624303;154741133;
44525;890900240;2019-12-31;2019;MILES;760790;268878;2558090;3974085;7561843;689168;68812;0;3401680;68812;4228472;11790315;0;3071059;0;0;277140;34547;3382746;1153218;0;50677;0;0;1203895;4586641;11946;2016833;1891149;3283746;0;0;7203674;11790315;
44526;890900240;2019-12-31;2018;MILES;325102;716743;2380030;3814174;7236049;600087;94324;0;3341695;94324;4130430;11366479;0;2943424;0;0;350761;28880;3323065;826705;0;50677;0;0;877382;4200447;11946;2016833;1591580;3545673;0;0;7166032;11366479;
44527;800044906;2019-12-31;2019;MILES;43641;525455;409118;0;978214;0;9843926;0;-8297002;9843926;11390850;12369064;0;662996;0;0;14554;0;677550;1857447;0;0;0;0;1857447;2534997;888507;0;444254;6376855;0;2124451;9834067;12369064;
44528;800044906;2019-12-31;2018;MILES;53139;0;10567232;0;10620371;0;0;0;1546924;0;1546924;12167295;2137500;128772;0;0;79137;0;2345409;0;0;0;0;0;0;2345409;888507;0;444254;6364674;0;2124451;9821886;12167295;
44529;805006304;2019-12-31;2019;MILES;4950922;414726;4487226;433636;10286510;285881;0;0;75724;0;361605;10648115;0;1395200;0;149690;0;3541771;5086661;0;0;17445;0;167648;185093;5271754;570000;0;82123;4724238;0;0;5376361;10648115;
44530;805006304;2019-12-31;2018;MILES;1780968;1141936;899485;8215;3830604;103005;0;0;47002;0;150007;3980611;0;152613;88460;86792;0;3236;331101;0;0;24093;0;17000;41093;372194;570000;0;82123;2956294;0;0;3608417;3980611;
44531;830109486;2019-12-31;2019;MILES;7182;1342226;1527258;0;2876666;0;6169954;0;-1967799;6169954;10372109;13248775;1999114;5492930;0;0;139279;0;7631323;1900380;0;0;0;0;1900380;9531703;2000000;0;30568;-3745154;0;5431658;3717072;13248775;
44532;830109486;2019-12-31;2018;MILES;49688;1333877;2334503;0;3718068;0;6169954;0;-1403022;6169954;10936886;14654954;2119980;4579090;0;0;154879;0;6853949;2966216;0;0;0;0;2966216;9820165;2000000;0;30568;-2627437;0;5431658;4834789;14654954;
44533;900631231;2019-12-31;2019;MILES;2347;138268;8104141;6049581;14294337;1511497;0;11400107;637303;0;13548907;27843244;1484506;0;0;7296;2796;0;1494598;0;0;0;0;0;0;1494598;4594358;0;937574;18429887;0;2386827;26348646;27843244;
44534;900631231;2019-12-31;2018;MILES;9899;199260;9545868;5755795;15510822;1131571;0;11046757;438687;0;12617015;28127837;1829717;0;0;22305;0;496957;2348979;0;0;0;0;0;0;2348979;4594358;0;49768;19490827;0;1643905;25778858;28127837;
44535;860505205;2019-12-31;2019;MILES;275449;1200000;2746293;4934163;9155905;9432184;0;0;368844;0;9801028;18956933;1242789;1872629;0;16565;206191;8416;3346590;2736693;1027815;0;0;113712;3878220;7224810;4000000;0;759401;5844659;0;1128063;11732123;18956933;
44536;860505205;2019-12-31;2018;MILES;441467;1200000;2659666;5360636;9661769;9579348;116479;0;183039;116479;9995345;19657114;1267410;2508308;0;23982;512828;54023;4366551;3511576;213633;0;0;107520;3832729;8199280;4000000;0;705359;5624412;0;1128063;11457834;19657114;
44537;900519421;2019-12-31;2019;MILES;471768;148389;646447;0;1266604;187360;300000;17882341;592282239;300000;610951940;612218544;0;1795365;0;0;106631;0;1901996;0;0;60808162;0;0;60808162;62710158;648650;25698442;26280788;496880506;0;0;549508386;612218544;
44538;900519421;2019-12-31;2018;MILES;372521;114686;3484949;0;3972156;101590;0;17182875;528436653;0;545721118;549693274;3974;1911471;0;27805;200360;0;2143610;0;0;54201989;0;0;54201989;56345599;648650;25698442;27594223;439406360;0;0;493347675;549693274;
44539;860077411;2019-12-31;2019;MILES;103043;162567;7715991;0;7981601;425823;0;2961836;140447410;0;143835069;151816670;0;908271;0;15587;101165;0;1025023;4754824;0;136951;0;0;4891775;5916798;4182;4299503;484715;141111472;0;0;145899872;151816670;
44540;860077411;2019-12-31;2018;MILES;112896;109347;6688173;0;6910416;425823;0;2961837;140562170;0;143949830;150860246;0;5206614;0;19972;255205;0;5481791;1292802;0;136951;0;0;1429753;6911544;4182;4299503;484715;139160302;0;0;143948702;150860246;
44541;860001701;2019-12-31;2019;MILES;986308;436593;2259971;375356;4058228;4498250;3700745;0;-1623357;3700745;10276383;14334611;0;1509086;0;120780;77203;0;1707069;0;2744662;241755;0;34524;3020941;4728010;900000;1290988;1104117;5777866;0;533630;9606601;14334611;
44542;860001701;2019-12-31;2018;MILES;293158;292655;2386201;61117;3033131;4885040;4193749;0;-2300246;4193749;10972292;14005423;0;1297279;0;117096;454183;315;1868873;0;2754553;428475;0;1476996;4660024;6528897;900000;1290988;1104117;4181421;0;0;7476526;14005423;
44543;860074389;2019-12-31;2019;MILES;2252750;154903;4850635;79637375;86895663;28139713;11947031;0;25601324;11947031;77635099;164530762;18658006;7260636;0;903042;1100822;44378612;72301118;33555162;0;5040422;0;209030;38804614;111105732;3064650;7404887;22318350;11268197;0;9368946;53425030;164530762;
44544;860074389;2019-12-31;2018;MILES;2191795;393513;4356026;129722570;136663904;18836656;2060428;0;36810793;2060428;59768305;196432209;0;5704723;0;925852;2208821;69081790;77921186;70965359;0;1245396;0;65120;72275875;150197061;3064650;5712818;21243460;6845274;0;9368946;46235148;196432209;
44545;900247206;2019-12-31;2019;MILES;17469;0;8560212;0;8577681;2682969;0;17370495;8418927;0;28472391;37050072;0;1564908;0;0;63257;457;1628622;0;0;1765157;0;0;1765157;3393779;14122;15993221;4645781;13003169;0;0;33656293;37050072;
44546;900247206;2019-12-31;2018;MILES;12777;0;8760960;0;8773737;19347242;0;44100;6556185;0;25947527;34721264;0;841619;0;0;131942;5992;979553;0;0;1704939;0;0;1704939;2684492;14072;15820123;2540;16200037;0;0;32036772;34721264;
44547;900182402;2019-12-31;2019;MILES;25178;202821;16385825;0;16613824;616038;0;0;4851603;0;5467641;22081465;8222;465992;0;3203;1140;0;478557;800287;0;0;0;24070960;24871247;25349804;200000;4087322;0;-7555661;0;0;-3268339;22081465;
44548;900182402;2019-12-31;2018;MILES;3448539;253645;12861579;0;16563763;616053;0;0;5082778;0;5698831;22262594;17862;1571712;0;3744;0;0;1593318;1348927;0;0;0;22201192;23550119;25143437;200000;4087322;0;-7168165;0;0;-2880843;22262594;
44549;900203601;2019-12-31;2019;MILES;5993522;1628712;39702909;23043985;70369128;1632142;0;0;1215932;0;2848074;73217202;0;25940805;0;129660;816016;0;26886481;0;0;0;0;23900483;23900483;50786964;2360000;0;1923564;18146674;0;0;22430238;73217202;
44550;900203601;2019-12-31;2018;MILES;3295229;3168477;30605671;14657203;51726580;1753284;0;0;2355490;0;4108774;55835354;0;23097622;233544;45716;744931;0;24121813;0;0;0;0;14586803;14586803;38708616;2360000;0;1923564;12843174;0;0;17126738;55835354;
44551;800235801;2019-12-31;2019;MILES;23067;359654;137799;1076466;1596986;80925;0;2556610;138196;0;2775731;4372717;285296;141577;0;0;0;0;426873;475878;0;214461;0;0;690339;1117212;1000000;0;118215;2137290;0;0;3255505;4372717;
44552;800235801;2019-12-31;2018;MILES;27006;686697;176594;1209161;2099458;82654;0;2559063;141294;0;2783011;4882469;183346;117201;0;0;209111;17366;527024;0;0;217667;491643;0;709310;1236334;1000000;0;118215;2527920;0;0;3646135;4882469;
44553;900525490;2019-12-31;2019;MILES;45604;0;6510664;0;6556268;0;0;0;60087346;0;60087346;66643614;0;9893012;0;0;33344;22667417;32593773;0;0;0;0;0;0;32593773;9502;0;0;34040339;0;0;34049841;66643614;
44554;900525490;2019-12-31;2018;MILES;4211;0;3379390;0;3383601;0;0;0;64172381;0;64172381;67555982;0;0;0;0;89353;33447373;33536726;0;0;0;0;0;0;33536726;9502;0;0;34009754;0;0;34019256;67555982;
44555;900473904;2019-12-31;2019;MILES;13951;12315;191949;0;218215;0;955109;0;-94470;955109;1815748;2033963;323557;0;0;0;1126;0;324683;0;299743;0;0;686609;986352;1311035;10024;0;5012;707892;0;0;722928;2033963;
44556;900473904;2019-12-31;2018;MILES;21636;17764;1484373;0;1523773;0;1000000;0;1494311;1000000;3494311;5018084;295034;3476;0;0;8627;0;307137;0;332347;0;0;3663567;3995914;4303051;10024;0;5012;699997;0;0;715033;5018084;
44557;900125505;2019-12-31;2019;MILES;507511;807282;3802477;4957365;10074635;2682555;0;0;125212;0;2807767;12882402;1720749;3509676;0;175204;1330101;176911;6912641;1839322;0;0;0;0;1839322;8751963;200000;0;119629;3810810;0;0;4130439;12882402;
44558;900125505;2019-12-31;2018;MILES;358321;688299;2878970;4065353;7990943;2721886;0;0;313344;0;3035230;11026173;333495;3391608;0;206332;1058957;947238;5937630;1942490;0;0;0;0;1942490;7880120;200000;0;119629;2826424;0;0;3146053;11026173;
44559;900763226;2019-12-31;2019;MILES;1215663;813318;1186741;0;3215722;21457027;261039;0;886599;261039;22865704;26081426;304174;834772;24428;405702;0;0;1569076;5983781;0;0;0;418681;6402462;7971538;26793712;0;0;-8683824;0;0;18109888;26081426;
44560;900763226;2019-12-31;2018;MILES;394203;628237;381739;0;1404179;13782710;136563;0;1158688;136563;15214524;16618703;0;900155;12654;383649;0;0;1296458;0;0;0;0;353472;353472;1649930;22998412;0;0;-8029639;0;0;14968773;16618703;
44561;826001708;2019-12-31;2019;MILES;43059;0;3634449;0;3677508;2484986;0;0;666003;0;3150989;6828497;0;624052;0;0;13263;15000;652315;0;0;198302;0;1632438;1830740;2483055;560000;0;39632;3745810;0;0;4345442;6828497;
44562;826001708;2019-12-31;2018;MILES;22182;0;572837;0;595019;5098920;0;0;666003;0;5764923;6359942;0;514897;0;0;40920;15000;570817;0;0;198302;0;1282438;1480740;2051557;560000;0;37073;3711312;0;0;4308385;6359942;
44563;900624699;2019-12-31;2019;MILES;369603;1462239;11242294;4706054;17780190;0;0;0;7000000;0;7000000;24780190;16730865;8084046;0;0;0;0;24814911;0;0;0;0;0;0;24814911;26000;99000;0;-159721;0;0;-34721;24780190;
44564;900624699;2019-12-31;2018;MILES;412475;7428000;437619;3553322;11831416;0;0;0;9154996;0;9154996;20986412;11771203;8282503;0;0;2621;0;20056327;1017661;0;0;0;0;1017661;21073988;25000;0;0;-112576;0;0;-87576;20986412;
44565;900032105;2019-12-31;2019;MILES;24032;6139;883014;0;913185;36419;0;0;11040847;0;11077266;11990451;0;7335287;0;0;64646;0;7399933;0;0;231892;0;0;231892;7631825;380000;0;0;2058754;0;1919872;4358626;11990451;
44566;900032105;2019-12-31;2018;MILES;1379;12970;812967;0;827316;39733;0;0;8950564;0;8990297;9817613;0;7323575;0;0;39739;0;7363314;0;0;0;0;0;0;7363314;380000;0;0;2074299;0;0;2454299;9817613;
44567;900644255;2019-12-31;2019;MILES;726975;5950062;9767300;0;16444337;5235577;0;0;28710287;0;33945864;50390201;1205652;10380974;0;2473534;1147575;36819;15244554;12848239;11958864;0;0;0;24807103;40051657;2434762;13314430;0;-5410648;0;0;10338544;50390201;
44568;900644255;2019-12-31;2018;MILES;404172;5782498;8977813;0;15164483;6525567;0;0;23748315;0;30273882;45438365;2278044;6847506;0;2200588;2928354;57964;14312456;8268986;19669140;0;0;0;27938126;42250582;2434762;13314430;0;-12561409;0;0;3187783;45438365;
44569;860402328;2019-12-31;2019;MILES;1364732;2514376;15206923;8262417;27348448;39128095;0;0;8359147;0;47487242;74835690;16387392;8881701;608776;1249153;3073637;3359635;33560294;14769555;0;34263;0;0;14803818;48364112;6791000;13775000;4678478;1227100;0;0;26471578;74835690;
44570;860402328;2019-12-31;2018;MILES;1670740;2388483;17785703;11607297;33452223;42007600;0;0;9126263;0;51133863;84586086;13053596;15072064;1164161;1253142;1672166;3229112;35444241;22205123;0;314147;0;0;22519270;57963511;6791000;13775000;4601057;1455518;0;0;26622575;84586086;
44571;900356846;2019-12-31;2019;MILES;5436306;38049774;96709559;2512556;142708195;3776796;117591324;0;-117427010;117591324;121532434;264240629;0;45547629;1144954;0;11230129;18425931;76348643;0;29373292;67867;0;0;29441159;105789802;50000;0;0;-3702900;0;162103727;158450827;264240629;
44572;900356846;2019-12-31;2018;MILES;20359390;19683055;89135460;1432462;130610367;3341395;96438631;0;-96273279;96438631;99945378;230555745;0;42028289;1183582;0;2334401;13678492;59224764;0;16579602;67867;0;165555;16813024;76037788;50000;0;0;-4020235;0;158488192;154517957;230555745;
44573;800156522;2019-12-31;2019;MILES;198356;391938;576476;32992;1199762;1726539;0;0;2224587;0;3951126;5150888;0;735135;0;0;0;0;735135;0;86657;0;0;0;86657;821792;331000;0;1027144;2970952;0;0;4329096;5150888;
44574;800156522;2019-12-31;2018;MILES;801406;284656;49335;56301;1191698;1775195;0;0;1837468;0;3612663;4804361;0;555702;0;0;0;0;555702;0;0;0;0;101657;101657;657359;331000;0;993252;2822750;0;0;4147002;4804361;
44575;900200503;2019-12-31;2019;MILES;5166271;0;2957332;0;8123603;4464789;27091940;347484654;-17703814;27091940;388429509;396553112;0;110234;0;105998;414857;0;631089;0;43809896;7348998;0;0;51158894;51789983;62250716;3298788;124037588;155176037;0;0;344763129;396553112;
44576;900200503;2019-12-31;2018;MILES;2155796;0;3867000;0;6022796;4397595;28571414;274038009;-20675584;28571414;314902848;320925644;42632;45918;0;112725;89268;0;290543;0;49291127;3427894;0;0;52719021;53009564;62250716;3298788;96511824;105854752;0;0;267916080;320925644;
44577;800077658;2019-12-31;2019;MILES;318255;146134;10098471;0;10562860;5112293;0;18003823;0;0;23116116;33678976;0;2136091;0;18871;186203;0;2341165;0;0;235734;0;0;235734;2576899;2680636;0;274413;28134238;0;12790;31102077;33678976;
44578;800077658;2019-12-31;2018;MILES;1716307;146536;3064164;0;4927007;4930828;0;21687984;0;0;26618812;31545819;7671215;1568654;0;18408;241257;0;9499534;0;0;235734;0;0;235734;9735268;2680636;0;185604;18931521;0;12790;21810551;31545819;
44579;860024628;2019-12-31;2019;MILES;136278;8666310;192221;0;8994809;642;0;0;29700;0;30342;9025151;500000;2942331;0;25865;708;0;3468904;333333;0;0;0;0;333333;3802237;1292016;0;2520227;1410671;0;0;5222914;9025151;
44580;860024628;2019-12-31;2018;MILES;189087;8502085;179543;0;8870715;1095;0;0;29700;0;30795;8901510;500000;2328192;0;31608;2858;0;2862658;833333;0;0;0;0;833333;3695991;1292016;0;2387092;1526411;0;0;5205519;8901510;
44581;830036311;2019-12-31;2019;MILES;131701;32573617;1304742;0;34010060;30987918;0;0;60000;0;31047918;65057978;0;6300;0;13118;34150;330;53898;0;0;0;0;0;0;53898;823723;0;-5269;5006088;0;59179538;65004080;65057978;
44582;830036311;2019-12-31;2018;MILES;217973;31487838;1360631;0;33066442;30339532;0;0;0;0;30339532;63405974;0;2716;0;10035;48839;0;61590;0;0;0;0;7780;7780;69370;823723;0;-5269;5170751;0;57347399;63336604;63405974;
44583;800011651;2019-12-31;2019;MILES;3804557;16808999;15439450;0;36053006;5794120;0;0;5099047;0;10893167;46946173;0;6057271;0;0;190038;2639374;8886683;7981626;128663;451331;0;2623307;11184927;20071610;343200;11726190;164952;14640221;0;0;26874563;46946173;
44584;800011651;2019-12-31;2018;MILES;3631497;14322741;4983053;23848;22961139;6273489;0;0;5112135;0;11385624;34346763;0;4367953;0;0;1158051;193369;5719373;7380617;164013;422700;0;1088564;9055894;14775267;343200;11726190;164952;7337154;0;0;19571496;34346763;
44585;900040333;2019-12-31;2019;MILES;29650;95886;4179976;0;4305512;4170490;0;0;3544046;0;7714536;12020048;0;9355604;0;0;195212;0;9550816;0;0;0;0;0;0;9550816;15000;220000;8731;2225501;0;0;2469232;12020048;
44586;900040333;2019-12-31;2018;MILES;68037;26153;3617749;0;3711939;4910592;0;0;380424;0;5291016;9002955;0;7522150;0;0;71912;0;7594062;0;0;0;0;0;0;7594062;15000;220000;8731;1165162;0;0;1408893;9002955;
44587;900239413;2019-12-31;2019;MILES;3932;5599;836300;0;845831;85709;0;0;2356820;0;2442529;3288360;0;2992;0;0;5412;0;8404;0;1838352;0;0;0;1838352;1846756;100000;0;0;1238823;0;102781;1441604;3288360;
44588;900239413;2019-12-31;2018;MILES;678;11459;757620;0;769757;88178;0;0;2378064;0;2466242;3235999;0;36847;0;0;4344;21210;62401;0;1737551;0;0;0;1737551;1799952;100000;0;0;1233266;0;102781;1436047;3235999;
44589;800043489;2019-12-31;2019;MILES;76107;5114350;1269220;0;6459677;992833;0;0;334102;0;1326935;7786612;0;875503;0;305910;455813;210767;1847993;0;0;300775;0;0;300775;2148768;402560;1668000;168198;3399086;0;0;5637844;7786612;
44590;800043489;2019-12-31;2018;MILES;133591;1463196;1246312;0;2843099;1205210;0;0;334102;0;1539312;4382411;552284;675312;0;156181;144737;198686;1727200;0;334620;309866;0;276398;920884;2648084;402560;1668000;168198;-504431;0;0;1734327;4382411;
44591;800201307;2019-12-31;2019;MILES;2169784;88524;2930262;0;5188570;1716991;54943;0;12063844;54943;13890721;19079291;0;2788603;0;0;245426;2395002;5429031;3101899;339106;156554;0;0;3597559;9026590;453246;634889;250000;8714566;0;0;10052701;19079291;
44592;800201307;2019-12-31;2018;MILES;3081725;129041;1725509;0;4936275;1574889;21724;0;5654189;21724;7272526;12208801;0;268460;0;0;50464;18862;337786;2156582;933103;151386;0;0;3241071;3578857;453246;634889;250000;7291809;0;0;8629944;12208801;
44593;800241811;2019-12-31;2019;MILES;53458;4263;200165;0;257886;6606564;99125;11058363;254150;99125;18117327;18375213;284884;24194;0;0;109727;0;418805;2466034;3514732;1340894;0;0;7321660;7740465;6100;0;38116;8996759;0;1593773;10634748;18375213;
44594;800241811;2019-12-31;2018;MILES;48823;5011;85792;0;139626;6674516;71410;11174477;179858;71410;18171671;18311297;322888;35360;0;0;58957;0;417205;2570047;3387860;1344736;0;0;7302643;7719848;6000;0;38116;8953560;0;1593773;10591449;18311297;
44595;800230408;2019-12-31;2019;MILES;604;0;0;0;604;0;91121;7215697;7930237;91121;15328176;15328780;0;1957;0;0;5179;0;7136;0;2196773;3177438;0;0;5374211;5381347;2440000;672000;0;1815184;0;5020249;9947433;15328780;
44596;800230408;2019-12-31;2018;MILES;1187;11779;0;0;12966;0;0;7214243;3204258;0;10418501;10431467;0;1725161;0;0;21333;0;1746494;0;0;1632254;0;0;1632254;3378748;2440000;672000;0;3673173;0;267546;7052719;10431467;
44597;800243991;2019-12-31;2019;MILES;1575708;3291811;24050563;2073871;30991953;36590751;2191806;34401120;-954090;2191806;74421393;105413346;915069;2912386;0;736036;3545646;0;8109137;62890;0;1649813;0;0;1712703;9821840;1919000;0;6158754;87513752;0;0;95591506;105413346;
44598;800243991;2019-12-31;2018;MILES;723843;3720471;17804317;5648644;27897275;38602982;1179079;39224454;1002570;1179079;81188164;109085439;1441106;5102816;0;783457;3354919;0;10682298;36690;1420211;4448380;0;0;5905281;16587579;1919000;0;6158754;84420106;0;0;92497860;109085439;
44599;900673220;2019-12-31;2019;MILES;17878;0;272192;0;290070;135517;0;0;0;0;135517;425587;0;355908;0;0;29083;0;384991;0;0;0;0;32234;32234;417225;9009;0;0;-6917;0;6270;8362;425587;
44600;900673220;2019-12-31;2018;MILES;176;0;263099;0;263275;171354;0;0;0;0;171354;434629;0;398446;0;0;25690;0;424136;0;0;0;0;0;0;424136;9009;0;0;-4786;0;6270;10493;434629;
44601;806014108;2019-12-31;2019;MILES;11909185;0;58788186;36956;70734327;40895381;0;0;20637;0;40916018;111650345;0;846098;0;161325;909507;0;1916930;0;0;0;0;9349287;9349287;11266217;500000;0;5202613;94681515;0;0;100384128;111650345;
44602;806014108;2019-12-31;2018;MILES;8268667;0;56462635;1877747;66609049;40441480;0;0;188650;0;40630130;107239179;0;3462541;0;168105;192100;0;3822746;0;0;0;0;13851997;13851997;17674743;500000;0;3554697;85509739;0;0;89564436;107239179;
44603;890505513;2019-12-31;2019;MILES;2682159;4584282;63594149;18594183;89454773;10462972;0;0;3769014;0;14231986;103686759;0;0;0;243301;0;0;243301;11260502;28878951;176387;3067113;16495978;59878931;60122232;1235076;0;2742769;39586682;0;0;43564527;103686759;
44604;890505513;2019-12-31;2018;MILES;1576524;998177;59073687;40951732;102600120;11684593;0;0;8405972;0;20090565;122690685;0;0;0;271041;0;0;271041;24312924;21224944;0;2132575;36629376;84299819;84570860;1235076;0;2519212;34365537;0;0;38119825;122690685;
44605;900772508;2019-12-31;2019;MILES;5830617;667405;0;0;6498022;763551;0;0;23328;0;786879;7284901;0;1080680;0;3227;9;0;1083916;0;0;0;0;0;0;1083916;15010;5750000;0;435975;0;0;6200985;7284901;
44606;900772508;2019-12-31;2018;MILES;4060333;17394;91171;0;4168898;763551;0;0;22356;0;785907;4954805;0;4395407;0;17100;6;0;4412513;0;0;0;0;0;0;4412513;15000;0;0;527292;0;0;542292;4954805;
44607;815004821;2019-12-31;2019;MILES;720116;1187843;8176300;8171922;18256181;11263340;0;4800057;1155436;0;17218833;35475014;7400525;5787890;2069;519156;239411;0;13949051;8443544;4096915;1294905;0;0;13835364;27784415;4000000;0;656424;3034175;0;0;7690599;35475014;
44608;815004821;2019-12-31;2018;MILES;453082;979750;7002106;4248936;12683874;14904373;0;4761094;2352122;0;22017589;34701463;0;7280457;1565;300793;325546;4644855;12553216;0;3146925;2490669;0;9259857;14897451;27450667;4000000;0;590979;2659817;0;0;7250796;34701463;
44609;900480140;2019-12-31;2019;MILES;245;620279;5473845;0;6094369;0;1823950;0;101575611;1823950;105223511;111317880;0;0;0;0;0;0;0;0;15876727;0;0;0;15876727;15876727;7258570;18805308;2135881;30431516;0;36809878;95441153;111317880;
44610;900480140;2019-12-31;2018;MILES;1177;650090;7346864;0;7998131;0;0;199530;51601377;0;51800907;59799038;0;0;0;0;0;0;0;0;15867808;0;0;0;15867808;15867808;7258570;18805308;446645;17420707;0;0;43931230;59799038;
44611;900227612;2019-12-31;2019;MILES;2001;0;6687433;0;6689434;4342171;0;0;2126853;0;6469024;13158458;103189;279504;0;4213;10810;65710;463426;0;0;350652;0;0;350652;814078;9467;9411217;964149;1959547;0;0;12344380;13158458;
44612;900227612;2019-12-31;2018;MILES;80438;0;5380731;0;5461169;3552678;0;0;1987196;0;5539874;11001043;0;28794;0;0;71348;64415;164557;0;0;331921;0;0;331921;496478;8784;7150890;964149;2380742;0;0;10504565;11001043;
44613;860048346;2019-12-31;2019;MILES;54396;531338;8988943;4297423;13872100;119948;0;0;35869;0;155817;14027917;2354327;8030751;0;48559;613737;0;11047374;0;0;0;0;306324;306324;11353698;5263150;0;636175;-3225106;0;0;2674219;14027917;
44614;860048346;2019-12-31;2018;MILES;580193;1355595;5363609;7828281;15127678;102074;0;0;32485;0;134559;15262237;3073934;8076603;0;133890;696953;0;11981380;0;0;0;0;564308;564308;12545688;5263150;0;636175;-3182776;0;0;2716549;15262237;
44615;800112612;2019-12-31;2019;MILES;72791;283034;4190244;56741;4602810;335517;2440050;0;-1559700;2440050;3655917;8258727;0;19339;103025;124241;9967;1360372;1616944;475816;4134101;260468;19496;219250;5109131;6726075;210000;590000;20000;667576;0;45076;1532652;8258727;
44616;800112612;2019-12-31;2018;MILES;34729;230366;2932772;129077;3326944;1140654;2219288;0;-1329738;2219288;4249492;7576436;302408;214988;1991;137024;30751;798;687960;436123;2448426;1492641;76656;0;4453846;5141806;210000;590000;20000;866713;0;747917;2434630;7576436;
44617;800229512;2019-12-31;2019;MILES;156082;1116706;3464679;7488670;12226137;4911311;0;4785017;151359;0;9847687;22073824;3011490;3616539;0;315791;561069;180902;7685791;5023892;301576;42429;0;2364877;7732774;15418565;2000000;0;544542;3637850;0;472867;6655259;22073824;
44618;800229512;2019-12-31;2018;MILES;533611;1235193;3659568;8211620;13639992;8610322;0;0;128058;0;8738380;22378372;3462221;4382036;0;288492;331406;66442;8530597;4740707;324230;0;0;1883291;6948228;15478825;2000000;0;520009;3906671;0;472867;6899547;22378372;
44619;900077208;2019-12-31;2019;MILES;28211;2526930;1174939;0;3730080;21160274;0;0;0;0;21160274;24890354;0;7864217;0;21913;150498;0;8036628;6968567;0;0;0;0;6968567;15005195;74000;0;25000;9786159;0;0;9885159;24890354;
44620;900077208;2019-12-31;2018;MILES;98629;2533757;714605;384553;3731544;22052653;0;0;0;0;22052653;25784197;0;8457616;0;12692;146872;0;8617180;7449698;0;0;0;0;7449698;16066878;50000;0;25000;9642319;0;0;9717319;25784197;
44621;900483303;2019-12-31;2019;MILES;92330;129238;202223;0;423791;1236982;12355275;8162173;-11955275;12355275;22154430;22578221;0;1672;0;0;131041;0;132713;0;294410;0;0;0;294410;427123;3589900;15422756;4869;3133573;0;0;22151098;22578221;
44622;900483303;2019-12-31;2018;MILES;109749;642;12784407;0;12894798;1245365;0;5583093;971246;0;7799704;20694502;0;91600;0;0;313573;0;405173;0;0;0;0;0;0;405173;3588900;13799735;4869;2895825;0;0;20289329;20694502;
44623;900777063;2019-12-31;2019;MILES;29046459;7805881;3093554;449269;40395163;222575111;0;0;155690604;0;378265715;418660878;17470773;16729694;0;0;8037489;23611081;65849037;114736490;0;2282934;0;141314469;258333893;324182930;218970;68863235;0;25395743;0;0;94477948;418660878;
44624;900777063;2019-12-31;2018;MILES;4848213;254948;2618327;536105;8257593;175188988;0;0;4732598;0;179921586;188179179;16188635;15822576;0;0;5237313;3011274;40259798;65854867;0;193130;0;0;66047997;106307795;218970;68863235;0;12789179;0;0;81871384;188179179;
44625;800235218;2019-12-31;2019;MILES;19483;0;2190851;0;2210334;7335866;0;0;8209326;0;15545192;17755526;90530;233431;0;72768;25772;0;422501;83333;348025;958316;0;0;1389674;1812175;520460;1677168;4117599;9628124;0;0;15943351;17755526;
44626;800235218;2019-12-31;2018;MILES;27334;0;2511859;0;2539193;7372354;0;0;7713708;0;15086062;17625255;83333;85404;0;86076;17668;0;272481;166667;215177;954191;0;0;1336035;1608516;520460;1677168;3934402;9884709;0;0;16016739;17625255;
44627;900504374;2019-12-31;2019;MILES;1093344;1057026;1852780;328887;4332037;39998;0;0;1349651;0;1389649;5721686;30578;489292;584104;153330;327224;75831;1660359;0;0;0;0;352443;352443;2012802;960000;304973;569266;1257776;0;616869;3708884;5721686;
44628;900504374;2019-12-31;2018;MILES;1244143;502425;2827982;1434284;6008834;66568;0;0;1243882;0;1310450;7319284;44114;1981904;458182;129772;54097;1065733;3733802;0;0;0;0;207575;207575;3941377;960000;304973;553935;942130;0;616869;3377907;7319284;
44629;900483711;2019-12-31;2019;MILES;5495651;5964256;7979054;0;19438961;1095303;0;0;0;0;1095303;20534264;0;7590156;0;586357;1847429;646317;10670259;0;0;0;0;2886450;2886450;13556709;46564;0;23282;6907709;0;0;6977555;20534264;
44630;900483711;2019-12-31;2018;MILES;5047927;3850859;8629916;0;17528702;682070;0;0;0;0;682070;18210772;0;6506913;0;602918;819405;604498;8533734;0;8665;0;0;3990700;3999365;12533099;46564;0;23282;5607827;0;0;5677673;18210772;
44631;890404210;2019-12-31;2019;MILES;9707928;12516311;2438481;0;24662720;4672913;0;0;13107;0;4686020;29348740;89728;11386232;0;52056;59474;85139;11672629;0;0;0;0;0;0;11672629;172289;0;86145;17417677;0;0;17676111;29348740;
44632;890404210;2019-12-31;2018;MILES;11494879;12119301;1278083;0;24892263;4532473;0;423755;78022;0;5034250;29926513;2541915;14887577;0;42208;63766;95091;17630557;0;0;0;0;0;0;17630557;172289;0;86145;12037522;0;0;12295956;29926513;
44633;830017209;2019-12-31;2019;MILES;351868;0;11874775;1726536;13953179;1580422;0;0;1427445;0;3007867;16961046;0;6119712;0;217782;470732;0;6808226;4946404;0;0;0;0;4946404;11754630;150000;2990000;200271;1866145;0;0;5206416;16961046;
44634;830017209;2019-12-31;2018;MILES;66311;0;10797578;1587200;12451089;1672596;0;0;1427445;0;3100041;15551130;0;5587236;0;237842;0;0;5825078;4959066;0;0;0;0;4959066;10784144;150000;2990000;200271;1426715;0;0;4766986;15551130;
44635;860534221;2019-12-31;2019;MILES;541338;1856435;4095150;2317193;8810116;15948533;0;0;6468511;0;22417044;31227160;4396124;10864997;0;1497915;1020397;66578;17846011;6208094;0;105159;0;0;6313253;24159264;250000;0;337819;5224622;0;1255455;7067896;31227160;
44636;860534221;2019-12-31;2018;MILES;1047040;3478910;4004082;2674039;11204071;15478977;0;0;7767248;0;23246225;34450296;5731882;10686230;0;1457247;979884;63254;18918497;6228658;0;419010;0;0;6647668;25566165;250000;0;337819;7040857;0;1255455;8884131;34450296;
44637;900426212;2019-12-31;2019;MILES;700;43635;0;0;44335;1451;0;0;23454706;0;23456157;23500492;0;6934796;0;0;29832;3975;6968603;0;0;0;0;1658660;1658660;8627263;9000;0;4500;14859729;0;0;14873229;23500492;
44638;900426212;2019-12-31;2018;MILES;3072;26412;0;0;29484;6285;0;0;28418690;0;28424975;28454459;0;5455494;0;0;62993;0;5518487;0;0;0;0;2207893;2207893;7726380;9000;0;4500;20714579;0;0;20728079;28454459;
44639;800020808;2019-12-31;2019;MILES;590299;1917;1225711;60762;1878689;5817977;25355;0;16750;25355;5885437;7764126;459214;533034;0;48484;192061;18903;1251696;1551268;2916388;0;0;0;4467656;5719352;877040;0;190756;976978;0;0;2044774;7764126;
44640;800020808;2019-12-31;2018;MILES;182949;375176;1147657;140515;1846297;6085398;61140;0;-20494;61140;6187184;8033481;600454;638183;0;35241;313509;364;1587751;2095487;2916388;0;0;0;5011875;6599626;877040;0;190063;366752;0;0;1433855;8033481;
44641;800173410;2019-12-31;2019;MILES;1669998;282886;11122309;10884899;23960092;1107859;0;2858076;13074440;0;17040375;41000467;25686;3034511;0;426996;117902;0;3605095;2944132;2645421;1151;0;0;5590704;9195799;250000;0;844718;30709950;0;0;31804668;41000467;
44642;800173410;2019-12-31;2018;MILES;1331759;328793;11684905;10159647;23505104;1315708;0;2858076;13043682;0;17217466;40722570;91790;3091650;0;410952;831178;0;4425570;2948557;2684715;639;0;0;5633911;10059481;250000;0;844718;29568371;0;0;30663089;40722570;
44643;806009713;2019-12-31;2019;MILES;23284;1349814;40148;60532;1473778;240317;0;591740;2321;0;834378;2308156;189317;403675;0;12329;44681;12603;662605;0;525000;3372;0;0;528372;1190977;65000;80000;39594;354010;0;578575;1117179;2308156;
44644;806009713;2019-12-31;2018;MILES;23212;26164;22396;58918;130690;246330;0;6161235;0;0;6407565;6538255;183342;345899;0;11687;22416;619968;1183312;0;150000;0;0;0;150000;1333312;65000;225000;534641;1052862;0;3327440;5204943;6538255;
44645;900501807;2019-12-31;2019;MILES;2403027;383428;4560958;1854179;9201592;416000;0;0;5920001;0;6336001;15537593;178682;904770;0;0;278332;102396;1464180;87078;7671791;0;0;0;7758869;9223049;1008000;5000000;373149;-66605;0;0;6314544;15537593;
44646;900501807;2019-12-31;2018;MILES;1689617;738189;4083675;1149162;7660643;195000;0;0;0;0;195000;7855643;142236;149771;0;0;6192;10742;308941;0;8041352;0;0;0;8041352;8350293;8000;0;0;-502650;0;0;-494650;7855643;
44647;802002415;2019-12-31;2019;MILES;1327284;12757030;11369442;0;25453756;4094503;0;0;0;0;4094503;29548259;714320;8368837;0;80415;1301174;5600005;16064751;2857280;0;38747;0;0;2896027;18960778;300000;0;964677;9322804;0;0;10587481;29548259;
44648;802002415;2019-12-31;2018;MILES;1776209;8174439;16733812;0;26684460;4105469;0;0;0;0;4105469;30789929;1689072;7083909;0;326153;975252;4256440;14330826;6756289;0;130158;0;0;6886447;21217273;300000;0;964677;8307979;0;0;9572656;30789929;
44649;890905174;2019-12-31;2019;MILES;305701;47724;2096274;62510;2512209;3459438;0;0;27641608;0;31101046;33613255;8071910;15161;0;2792;46058;0;8135921;868421;0;377767;0;0;1246188;9382109;2000000;8500000;1014274;12716872;0;0;24231146;33613255;
44650;890905174;2019-12-31;2018;MILES;112284;174503;2861188;85012;3232987;4027510;0;0;23120523;0;27148033;30381020;7593750;245;0;2211;465218;0;8061424;316990;0;127320;0;0;444310;8505734;2000000;8500000;1014274;10361012;0;0;21875286;30381020;
44651;800133208;2019-12-31;2019;MILES;196988;0;942156;0;1139144;7798;0;25648603;7981025;0;33637426;34776570;1082418;102355;0;6766;185622;1111714;2488875;3438227;4524145;2194374;0;0;10156746;12645621;2200000;0;267744;19663205;0;0;22130949;34776570;
44652;800133208;2019-12-31;2018;MILES;117549;0;1889282;0;2006831;4096;0;25931854;4772846;0;30708796;32715627;1027433;357857;0;31236;1022125;199386;2638037;3885066;1816452;2014995;0;0;7716513;10354550;2200000;0;267744;19893333;0;0;22361077;32715627;
44653;900407711;2019-12-31;2019;MILES;6646226;3301854;6219930;0;16168010;546962;0;0;0;0;546962;16714972;0;874441;0;63116;892283;34492;1864332;0;0;104328;0;12379614;12483942;14348274;50000;0;0;2316698;0;0;2366698;16714972;
44654;900407711;2019-12-31;2018;MILES;10766606;4685195;6114169;0;21565970;718762;0;0;0;0;718762;22284732;0;2686382;0;225768;0;20607;2932757;0;0;0;0;18960591;18960591;21893348;50000;0;0;341384;0;0;391384;22284732;
44655;900230314;2019-12-31;2019;MILES;2669;733270;0;0;735939;0;8683528;0;173901563;8683528;191268619;192004558;0;54950913;0;0;243872;0;55194785;0;51005491;0;0;0;51005491;106200276;6833334;116149530;-3020047;-34158535;0;0;85804282;192004558;
44656;900230314;2019-12-31;2018;MILES;2662;861868;0;0;864530;0;2242115;0;175339971;2242115;179824201;180688731;0;98182021;0;0;277092;0;98459113;0;20187964;0;0;0;20187964;118647077;6555556;111427308;-2900030;-53041180;0;0;62041654;180688731;
44657;811028839;2019-12-31;2019;MILES;385315;0;856711;0;1242026;3908133;0;0;1348528;0;5256661;6498687;0;155087;0;1542;114286;0;270915;0;0;18510;0;0;18510;289425;700000;0;0;2467418;0;3041844;6209262;6498687;
44658;811028839;2019-12-31;2018;MILES;438791;0;623437;0;1062228;3849892;0;0;1585758;0;5435650;6497878;0;60284;0;7513;118297;0;186094;0;0;18510;0;0;18510;204604;700000;0;0;2248836;0;3344438;6293274;6497878;
44659;900512515;2019-12-31;2019;MILES;1389168;28011;11072706;0;12489885;0;1255944;0;69950126;1255944;72462014;84951899;0;94766;0;12784;53965;0;161515;0;0;0;0;0;0;161515;1012;2447342;506;82341524;0;0;84790384;84951899;
44660;900512515;2019-12-31;2018;MILES;7780;24575;12543946;0;12576301;0;1152884;0;62639185;1152884;64944953;77521254;0;133;0;0;25799;0;25932;0;0;0;0;0;0;25932;1012;2447342;506;75046462;0;0;77495322;77521254;
44661;800010034;2019-12-31;2019;MILES;1696977;9064070;1994426;0;12755473;11489771;0;6815295;26068881;0;44373947;57129420;53824;167414;0;43953;230348;192089;687628;0;0;965732;0;0;965732;1653360;178454;0;9840310;45457296;0;0;55476060;57129420;
44662;800010034;2019-12-31;2018;MILES;1064616;6141514;5890447;0;13096577;8716768;0;8694124;25207804;0;42618696;55715273;180010;97912;0;100930;466337;1755772;2600961;45494;0;1128677;0;0;1174171;3775132;178454;0;4748351;47013336;0;0;51940141;55715273;
44663;830008157;2019-12-31;2019;MILES;175996;0;10751575;0;10927571;66660;0;0;12216369;0;12283029;23210600;0;18191402;0;0;106333;0;18297735;0;0;286895;0;0;286895;18584630;2048462;50000;726868;1800640;0;0;4625970;23210600;
44664;830008157;2019-12-31;2018;MILES;516014;0;10980965;0;11496979;60572;0;0;12006063;0;12066635;23563614;0;12288094;141246;0;5410;0;12434750;0;0;283198;0;0;283198;12717948;2048462;50000;726868;8020336;0;0;10845666;23563614;
44665;900418816;2019-12-31;2019;MILES;0;143300;11876852;0;12020152;4201883;0;7161953;86241416;0;97605252;109625404;1857585;293816;0;0;85298;0;2236699;1717026;50179970;516904;0;0;52413900;54650599;16341500;0;0;10815183;0;27818122;54974805;109625404;
44666;900418816;2019-12-31;2018;MILES;0;101392;11392655;0;11494047;9024553;0;923431;75350941;0;85298925;96792972;391086;834541;0;0;109713;1274000;2609340;2882081;45394041;728453;0;0;49004575;51613915;16341500;0;0;11492863;0;17344694;45179057;96792972;
44667;810004017;2019-12-31;2019;MILES;1920682;0;152573;0;2073255;5067804;1385536;0;2068050;1385536;9906926;11980181;4418;250369;0;13180;196132;0;464099;0;0;0;0;228161;228161;692260;7066231;0;232043;3989647;0;0;11287921;11980181;
44668;810004017;2019-12-31;2018;MILES;1346352;0;143350;0;1489702;5150088;1685221;0;1863586;1685221;10384116;11873818;6320;291326;0;14951;145285;0;457882;0;0;0;0;334287;334287;792169;7066231;0;232043;3783375;0;0;11081649;11873818;
44669;900251235;2019-12-31;2019;MILES;596;11333;0;0;11929;0;0;0;8234818;0;8234818;8246747;0;2093363;0;0;734;0;2094097;0;0;0;0;0;0;2094097;1395000;4270817;784927;-298094;0;0;6152650;8246747;
44670;900251235;2019-12-31;2018;MILES;58711;11367;0;0;70078;0;0;0;8234818;0;8234818;8304896;0;1916404;0;0;8530;0;1924934;0;0;0;0;0;0;1924934;1395000;4270817;784927;-70782;0;0;6379962;8304896;
44671;860044013;2019-12-31;2019;MILES;35931396;26769390;47539158;111225399;221465343;0;0;0;849364;0;849364;222314707;8908963;3399982;4465308;0;8098764;21510758;46383775;0;13682978;0;0;47301120;60984098;107367873;20500000;0;61501985;32944849;0;0;114946834;222314707;
44672;860044013;2019-12-31;2018;MILES;9956613;26145308;58065330;139715179;233882430;0;0;0;819673;0;819673;234702103;18026855;4171043;1383726;0;1840079;43316387;68738090;0;14374245;0;0;52165870;66540115;135278205;20500000;0;72607856;6316042;0;0;99423898;234702103;
44673;800231716;2019-12-31;2019;MILES;2171940;0;52175;0;2224115;729314;0;5282501;23430766;0;29442581;31666696;0;45644;0;0;0;1113524;1159168;0;740759;0;0;0;740759;1899927;504000;0;2788529;14087655;0;12386585;29766769;31666696;
44674;800231716;2019-12-31;2018;MILES;2693526;0;30519;0;2724045;553654;0;5124415;20826087;0;26504156;29228201;0;48039;0;0;0;1148551;1196590;0;964250;0;0;0;964250;2160840;504000;0;2363520;14581189;0;9618652;27067361;29228201;
44675;800047115;2019-12-31;2019;MILES;251526;0;19189026;594584;20035136;6651760;0;0;585654;0;7237414;27272550;9225000;7538844;0;49608;89370;0;16902822;0;0;0;0;0;0;16902822;1430878;12408557;309539;-4392923;0;613677;10369728;27272550;
44676;800047115;2019-12-31;2018;MILES;1469580;257721;12310624;594584;14632509;7042469;0;0;873400;0;7915869;22548378;8449350;174487;0;41892;69500;1379728;10114957;0;0;0;0;0;0;10114957;1430878;12408557;309539;-2329230;0;613677;12433421;22548378;
44677;800150249;2019-12-31;2019;MILES;7633010;10717022;37682678;11172139;67204849;17826134;0;0;17948120;0;35774254;102979103;21649279;25911277;0;1137318;9975608;0;58673482;32411232;0;921092;0;0;33332324;92005806;3400000;1600000;893389;5079908;0;0;10973297;102979103;
44678;800150249;2019-12-31;2018;MILES;4622471;9810806;27525321;4388926;46347524;12440535;0;0;19009307;0;31449842;77797366;21153235;21629840;0;933435;7391441;0;51107951;15705130;0;2654763;0;0;18359893;69467844;3400000;1600000;813293;2516229;0;0;8329522;77797366;
44679;900352813;2019-12-31;2019;MILES;543203;375470;20359038;5068371;26346082;278577;0;0;2000;0;280577;26626659;0;23547064;0;0;38849;0;23585913;0;0;0;0;0;0;23585913;30000;0;15000;2995746;0;0;3040746;26626659;
44680;900352813;2019-12-31;2018;MILES;3781368;1829747;17445009;27269188;50325312;351569;0;0;1000;0;352569;50677881;14345258;33540154;0;0;198262;0;48083674;0;0;0;0;0;0;48083674;30000;0;15000;2549207;0;0;2594207;50677881;
44681;900181247;2019-12-31;2019;MILES;1197192;618036;5423783;102975;7341986;32317;0;0;131194;0;163511;7505497;15530;1244213;0;16907;501937;0;1778587;102159;737564;0;335911;135171;1310805;3089392;500000;0;1658365;2257740;0;0;4416105;7505497;
44682;900181247;2019-12-31;2018;MILES;2019538;535644;3531985;8190;6095357;28305;0;0;258421;0;286726;6382083;208497;311532;0;0;410133;385240;1315402;35357;515202;0;230857;166214;947630;2263032;500000;0;1585929;2033122;0;0;4119051;6382083;
44683;800144959;2019-12-31;2019;MILES;75112;486170;2756822;6700;3324804;19878628;347434;0;8638510;347434;29212006;32536810;0;504612;18039;52283;652;0;575586;0;3448009;1733128;0;184694;5365831;5941417;105896;1891624;1475994;2650832;0;20471047;26595393;32536810;
44684;800144959;2019-12-31;2018;MILES;47843;1194678;2711218;17647;3971386;19993059;242719;0;7758311;242719;28236808;32208194;241428;202355;41444;54689;3748;0;543664;0;3135364;1789824;0;142334;5067522;5611186;105896;1891624;1475994;2648291;0;20475203;26597008;32208194;
44685;900553321;2019-12-31;2019;MILES;11192;115401;628232;0;754825;25103;962020;0;20453757;962020;22402900;23157725;0;2888807;0;101451;15944;0;3006202;4644188;296;1000361;0;0;5644845;8651047;6969634;0;0;7537044;0;0;14506678;23157725;
44686;900553321;2019-12-31;2018;MILES;36;67508;0;137483;205027;44901;196269;0;12127834;196269;12565273;12770300;0;3965383;0;0;71320;0;4036703;103073;0;70160;0;0;173233;4209936;6969634;0;0;1590730;0;0;8560364;12770300;
44687;800042325;2019-12-31;2019;MILES;31629;0;3273286;0;3304915;9158977;110209;0;26280042;110209;35659437;38964352;1509434;2947940;0;15007;19613;0;4491994;0;0;324366;0;0;324366;4816360;844250;1878262;4023535;27401945;0;0;34147992;38964352;
44688;800042325;2019-12-31;2018;MILES;2663;0;3250843;0;3253506;9252849;121673;0;22893040;121673;32389235;35642741;1001376;3018865;0;18271;39986;0;4078498;0;0;337822;0;0;337822;4416320;844250;1878262;365502;28138407;0;0;31226421;35642741;
44689;830029017;2019-12-31;2019;MILES;136381;103778;2736257;1371640;4348056;490579;0;275100;0;0;765679;5113735;0;215098;0;0;28759;0;243857;0;680941;0;0;0;680941;924798;450000;0;0;3738937;0;0;4188937;5113735;
44690;830029017;2019-12-31;2018;MILES;196471;191443;4075728;947334;5410976;287500;0;205400;0;0;492900;5903876;0;319650;0;0;44300;0;363950;0;1715972;0;0;0;1715972;2079922;450000;0;0;3373954;0;0;3823954;5903876;
44691;830067557;2019-12-31;2019;MILES;195157;498562;10895717;1878717;13468153;556074;0;0;1471964;0;2028038;15496191;3037990;3270139;621315;494718;789608;426732;8640502;1300294;0;0;0;0;1300294;9940796;2173492;0;1750491;1631412;0;0;5555395;15496191;
44692;830067557;2019-12-31;2018;MILES;127482;236834;7051088;1560951;8976355;343271;0;0;1292494;0;1635765;10612120;595413;3849033;314815;375154;980833;120124;6235372;166430;0;0;0;0;166430;6401802;1975902;0;1065217;1169199;0;0;4210318;10612120;
44693;860033616;2019-12-31;2019;MILES;3675654;3544;15238;0;3694436;14903389;0;0;3754503;0;18657892;22352328;0;78575;0;0;58991;0;137566;3578400;0;19503;0;218247;3816150;3953716;1000000;7500000;0;9898612;0;0;18398612;22352328;
44694;860033616;2019-12-31;2018;MILES;3135978;0;109471;0;3245449;15043950;0;0;3561763;0;18605713;21851162;0;10791;0;0;73486;0;84277;2971125;0;15019;0;218247;3204391;3288668;1000000;7500000;0;10062494;0;0;18562494;21851162;
44695;860077649;2019-12-31;2019;MILES;70635;292915;1125786;1204289;2693625;4185574;0;0;1348714;0;5534288;8227913;1777925;900807;0;109349;191696;0;2979777;0;0;791564;0;0;791564;3771341;500000;0;150000;3806572;0;0;4456572;8227913;
44696;860077649;2019-12-31;2018;MILES;78158;1091594;1404152;1084897;3658801;4699076;0;0;1260713;0;5959789;9618590;689564;940481;0;88790;1903512;802022;4424369;0;0;792706;0;0;792706;5217075;500000;0;150000;3751515;0;0;4401515;9618590;
44697;830136915;2019-12-31;2019;MILES;23591;2158156;861472;0;3043219;505592;0;0;1248109;0;1753701;4796920;371428;924744;0;213238;0;549383;2058793;562557;0;72186;0;0;634743;2693536;932500;0;162733;873717;0;134434;2103384;4796920;
44698;830136915;2019-12-31;2018;MILES;10344;2225684;707226;0;2943254;562627;0;0;1050163;0;1612790;4556044;281066;1043376;0;172503;0;473047;1969992;593601;0;79599;0;0;673200;2643192;932500;0;156951;688967;0;134434;1912852;4556044;
44699;900185017;2019-12-31;2019;MILES;120558;153867;0;0;274425;24015157;14034791;0;-13926451;14034791;38158288;38432713;0;0;0;0;0;0;0;0;175569;0;0;0;175569;175569;110000;24705000;5000;13437144;0;0;38257144;38432713;
44700;900185017;2019-12-31;2018;MILES;1640;253286;0;0;254926;15157;14283276;0;-14245207;14283276;14336502;14591428;0;0;0;0;182573;0;182573;0;175569;0;0;0;175569;358142;10000;805000;5000;13413286;0;0;14233286;14591428;
44701;800119214;2019-12-31;2019;MILES;506469;1916905;3139524;0;5562898;768997;0;0;1391427;0;2160424;7723322;35137;1638403;175106;111116;11776;0;1971538;219790;0;85009;0;0;304799;2276337;550000;0;147072;4749913;0;0;5446985;7723322;
44702;800119214;2019-12-31;2018;MILES;3710315;1247286;540696;0;5498297;619141;0;0;1181369;0;1800510;7298807;33491;1452753;0;92314;13466;0;1592024;183864;0;102592;0;0;286456;1878480;550000;0;147072;4723255;0;0;5420327;7298807;
44703;890905253;2019-12-31;2019;MILES;445610;161464;7636854;0;8243928;1891382;0;0;10281039;0;12172421;20416349;0;3446756;0;0;340522;0;3787278;0;0;43894;0;0;43894;3831172;33795;6719400;24165;9807817;0;0;16585177;20416349;
44704;890905253;2019-12-31;2018;MILES;294949;135001;7104912;0;7534862;1891382;0;0;10100710;0;11992092;19526954;0;3205376;0;0;243808;0;3449184;0;0;43894;0;0;43894;3493078;33795;6719400;24165;9256516;0;0;16033876;19526954;
44705;800189925;2019-12-31;2019;MILES;50551;3253053;3625458;1849949;8779011;27638463;0;0;1683100;0;29321563;38100574;10909781;923685;162047;670245;5709;737389;13408856;3038095;0;3425186;0;0;6463281;19872137;467800;0;6827376;10933261;0;0;18228437;38100574;
44706;800189925;2019-12-31;2018;MILES;125281;972530;2863773;1726629;5688213;26130447;1075926;0;-103877;1075926;28178422;33866635;10591006;1126894;0;683127;22287;378012;12801326;1474705;0;3674764;0;0;5149469;17950795;467800;0;6827376;8620664;0;0;15915840;33866635;
44707;800042414;2019-12-31;2019;MILES;570030;474851;8344153;0;9389034;3934430;3643982;0;-447925;3643982;10774469;20163503;570507;10457387;160587;205210;688818;0;12082509;0;946980;2463;0;696055;1645498;13728007;419500;1120500;171307;4704621;0;19568;6435496;20163503;
44708;800042414;2019-12-31;2018;MILES;821243;723450;7186828;941258;9672779;926133;3508685;0;-1315854;3508685;6627649;16300428;609003;9337610;0;181871;714351;32050;10874885;0;946980;2321;0;116000;1065301;11940186;419500;1120500;171307;2628648;0;20287;4360242;16300428;
44709;800024151;2019-12-31;2019;MILES;1392416;8085139;24437821;314421;34229797;2700255;0;0;2560301;0;5260556;39490353;12331393;908111;0;243805;245368;0;13728677;6629524;0;0;0;0;6629524;20358201;9596500;0;209250;8877464;0;448938;19132152;39490353;
44710;800024151;2019-12-31;2018;MILES;1189477;10411636;20478131;318272;32397516;177175;0;1803989;2525228;0;4506392;36903908;12942291;1671357;0;210386;93628;0;14917662;6554775;0;0;0;5883;6560658;21478320;9596500;0;209250;5335272;0;284566;15425588;36903908;
44711;900326115;2019-12-31;2019;MILES;0;4444;0;0;4444;0;1106968;0;28901407;1106968;31115343;31119787;0;610;0;0;335;0;945;0;0;0;0;0;0;945;4408929;3826889;227208;22655816;0;0;31118842;31119787;
44712;900326115;2019-12-31;2018;MILES;0;0;0;0;0;0;584494;0;29423714;584494;30592702;30592702;0;10164;0;0;2495;0;12659;0;0;0;0;0;0;12659;4408929;3826889;226033;22118192;0;0;30580043;30592702;
44713;800064761;2019-12-31;2019;MILES;36838;1336440;2488059;0;3861337;555266;59773;0;-59773;59773;615039;4476376;56554;271544;0;232618;280513;0;841229;936727;256408;6461;0;148008;1347604;2188833;465769;0;257554;1564220;0;0;2287543;4476376;
44714;800064761;2019-12-31;2018;MILES;1619548;698282;2296574;0;4614404;634649;118615;0;-118615;118615;753264;5367668;437392;431154;0;258068;273562;0;1400176;1267837;23642;4315;0;0;1295794;2695970;465769;0;257553;1948376;0;0;2671698;5367668;
44715;860028019;2019-12-31;2019;MILES;159110;0;116777;0;275887;1059823;0;6753404;4628309;0;12441536;12717423;151004;15103;0;21400;54790;0;242297;1660247;115988;822099;0;0;2598334;2840631;668371;0;107957;6648308;0;2452156;9876792;12717423;
44716;860028019;2019-12-31;2018;MILES;61895;0;271998;0;333893;1113966;0;6753404;5302971;0;13170341;13504234;455194;38558;0;25448;53396;0;572596;1784853;97526;909865;0;0;2792244;3364840;668371;0;107957;6910910;0;2452156;10139394;13504234;
44717;811039217;2019-12-31;2019;MILES;916;0;11700865;0;11701781;0;0;257466;17318255;0;17575721;29277502;0;694721;0;0;50690;0;745411;0;1240337;1693154;0;0;2933491;3678902;200000;0;85595;25313005;0;0;25598600;29277502;
44718;811039217;2019-12-31;2018;MILES;916;0;11212690;0;11213606;0;0;257466;17417848;0;17675314;28888920;0;694721;0;0;226869;0;921590;0;1061035;1704935;0;0;2765970;3687560;200000;0;85595;24915765;0;0;25201360;28888920;
44719;900578115;2019-12-31;2019;MILES;34476;0;366000;0;400476;5149722;0;0;1252583;0;6402305;6802781;19044;10970;0;0;23968;0;53982;262606;0;415753;0;0;678359;732341;700;2146479;8059;3915202;0;0;6070440;6802781;
44720;900578115;2019-12-31;2018;MILES;21706;0;434180;0;455886;5195004;0;0;1252583;0;6447587;6903473;24235;181142;0;0;35871;0;241248;281651;0;421298;0;0;702949;944197;700;2146479;8059;3804038;0;0;5959276;6903473;
44721;900572420;2019-12-31;2019;MILES;38521;32825;829021;0;900367;1036083;0;4808978;909251;0;6754312;7654679;0;82449;0;17252;68621;0;168322;0;2418523;471414;0;300;2890237;3058559;50000;0;0;4546120;0;0;4596120;7654679;
44722;900572420;2019-12-31;2018;MILES;38496;13233;464537;0;516266;5443;0;4954388;903453;0;5863284;6379550;0;88130;0;20791;72252;0;181173;0;2178381;410545;0;504;2589430;2770603;50000;0;0;3558947;0;0;3608947;6379550;
44723;900227615;2019-12-31;2019;MILES;801;0;1309051;0;1309852;5817695;0;4383794;2196741;0;12398230;13708082;0;504895;1710;3434;34483;0;544522;0;0;874454;0;0;874454;1418976;12969;4225439;1607968;6442730;0;0;12289106;13708082;
44724;900227615;2019-12-31;2018;MILES;159;0;1343633;0;1343792;10528446;0;0;2246619;0;12775065;14118857;0;593299;415;1874;49697;0;645285;0;0;849136;0;0;849136;1494421;12969;4225439;1607968;6778060;0;0;12624436;14118857;
44725;860001615;2019-12-31;2019;MILES;1364759;3128166;34811570;23571863;62876358;22954095;0;0;2168843;0;25122938;87999296;29915675;27283471;383651;1902485;1285936;337504;61108722;3722764;0;1595442;0;0;5318206;66426928;12999001;11659525;4928503;-8014661;0;0;21572368;87999296;
44726;860001615;2019-12-31;2018;MILES;1472667;2939539;33473359;20539274;58424839;24088413;0;0;3370453;0;27458866;85883705;28345960;24978660;436908;1844073;1160363;179684;56945648;6880053;0;0;0;1064326;7944379;64890027;12999001;11659525;4928503;-8593351;0;0;20993678;85883705;
44727;816003858;2019-12-31;2019;MILES;606989;20829;2397143;56766;3081727;87305;635866;0;107327697;635866;108686734;111768461;0;702872;0;68525;95257;0;866654;0;6639332;0;0;27381893;34021225;34887879;250000;0;0;40735698;0;35894884;76880582;111768461;
44728;816003858;2019-12-31;2018;MILES;708435;0;2503383;57476;3269294;77306;133153;0;73916997;133153;74260609;77529903;1870927;750716;0;66332;99657;0;2787632;0;8898062;9062096;0;27381893;45342051;48129683;250000;0;0;-2752184;0;31902404;29400220;77529903;
44729;860033815;2019-12-31;2019;MILES;26215;145378;2667008;4135928;6974529;2419482;1136619;4140892;3334384;1136619;12167996;19142525;0;326420;0;155325;0;422066;903811;0;6889312;0;577337;0;7466649;8370460;500000;0;2559073;3724136;0;3988856;10772065;19142525;
44730;860033815;2019-12-31;2018;MILES;3296;222451;782009;7009355;8017111;3139044;0;5934720;5669097;0;14742861;22759972;292373;413444;0;107581;135042;1173810;2122250;1184747;6840288;0;864520;0;8889555;11011805;500000;0;2678972;4580339;0;3988856;11748167;22759972;
44731;860023380;2019-12-31;2019;MILES;2487336;5594603;2146397;0;10228336;3662335;0;0;160648;0;3822983;14051319;12145;571102;0;646942;323719;0;1553908;0;0;314482;0;63077;377559;1931467;200000;0;7365182;3711909;0;842761;12119852;14051319;
44732;860023380;2019-12-31;2018;MILES;3341322;5454625;1923581;0;10719528;2766206;0;0;95290;0;2861496;13581024;20364;626034;0;611695;415748;0;1673841;0;0;579317;0;211031;790348;2464189;200000;0;6987031;3929804;0;0;11116835;13581024;
44733;860519715;2019-12-31;2019;MILES;188345;0;153823;0;342168;211614;0;0;24890207;0;25101821;25443989;59852;559399;0;0;34308;41152;694711;0;0;1401493;0;0;1401493;2096204;1773511;939141;2391002;18244131;0;0;23347785;25443989;
44734;860519715;2019-12-31;2018;MILES;324606;19804;159763;0;504173;232968;0;0;24898405;0;25131373;25635546;0;1230451;0;0;16804;29383;1276638;0;0;1436989;0;0;1436989;2713627;1773511;939141;957453;19251814;0;0;22921919;25635546;
44735;900084240;2019-12-31;2019;MILES;655680014;11067787;26979661;0;693727462;0;0;0;339830127;0;339830127;1033557589;0;20396180;0;0;0;0;20396180;0;2777177;0;0;0;2777177;23173357;40282000;35000000;0;922042363;0;13059869;1010384232;1033557589;
44736;900084240;2019-12-31;2018;MILES;48746;20957;27;0;69730;0;0;0;311781111;0;311781111;311850841;0;172494;0;0;0;0;172494;80000000;33084539;24914950;0;0;137999489;138171983;10000000;35000000;0;54679566;0;73999292;173678858;311850841;
44737;900734913;2019-12-31;2019;MILES;174726;0;1276727;0;1451453;4961;0;0;3555305;0;3560266;5011719;0;0;0;69424;153158;0;222582;345304;1776563;0;0;1022939;3144806;3367388;100000;0;50000;1494331;0;0;1644331;5011719;
44738;900734913;2019-12-31;2018;MILES;185884;0;1291087;0;1476971;6315;0;0;2465121;0;2471436;3948407;0;0;0;25344;20966;0;46310;369310;1864619;0;0;416529;2650458;2696768;100000;0;50000;1101639;0;0;1251639;3948407;
44739;900676514;2019-12-31;2019;MILES;1090204;0;161746;0;1251950;4529424;0;0;0;0;4529424;5781374;0;30584;0;0;50005;0;80589;0;135851;0;0;0;135851;216440;500000;695766;10000;214587;0;4144581;5564934;5781374;
44740;900676514;2019-12-31;2018;MILES;1055728;0;4694;0;1060422;4588249;0;0;0;0;4588249;5648671;0;26225;0;0;44400;0;70625;0;135851;0;0;0;135851;206476;500000;695766;10000;91848;0;4144581;5442195;5648671;
44741;900390814;2019-12-31;2019;MILES;1006761;115960;0;0;1122721;575574;503062;6394209;-260399;503062;7715508;8838229;100000;456713;0;0;196112;0;752825;0;1408734;283956;0;821718;2514408;3267233;50000;0;15164;5505832;0;0;5570996;8838229;
44742;900390814;2019-12-31;2018;MILES;49547;108923;0;0;158470;701395;795577;5408803;-553077;795577;7148275;7306745;233333;568284;0;0;162659;0;964276;0;1758412;208273;0;14665;1981350;2945626;50000;0;15164;4295955;0;0;4361119;7306745;
44743;900744523;2019-12-31;2019;MILES;48490;162804;414949;0;626243;0;0;0;10583443;0;10583443;11209686;0;333392;0;0;334;0;333726;0;381670;0;0;0;381670;715396;120000;0;0;-5636;0;10379926;10494290;11209686;
44744;900744523;2019-12-31;2018;MILES;57495;229164;91043;0;377702;0;0;0;10582074;0;10582074;10959776;0;46955;0;0;8326;0;55281;0;404569;0;0;0;404569;459850;120000;0;0;9021;0;10370905;10499926;10959776;
44745;890929315;2019-12-31;2019;MILES;681118;1070649;30228015;7967309;39947091;4505615;6829500;0;59802107;6829500;77966722;117913813;2341428;28430186;11358;251486;5060017;173318;36267793;29685081;23611328;0;0;0;53296409;89564202;115800;0;269885;8415325;0;19548601;28349611;117913813;
44746;890929315;2019-12-31;2018;MILES;565029;5588841;14978011;19083657;40215538;4916379;14564335;4165049;36032988;14564335;74243086;114458624;1102311;11694246;0;135427;4677213;376417;17985614;28582771;23859476;0;0;16252782;68695029;86680643;110000;0;269885;7849495;0;19548601;27777981;114458624;
44747;900077164;2019-12-31;2019;MILES;4043;0;2323712;0;2327755;0;0;0;13305410;0;13305410;15633165;0;2311;0;0;2477;1713579;1718367;0;2967562;1035307;0;0;4002869;5721236;12000;0;0;9899929;0;0;9911929;15633165;
44748;900077164;2019-12-31;2018;MILES;3621;0;2233969;0;2237590;0;0;0;13339704;0;13339704;15577294;0;376;0;0;45;1061079;1061500;0;2967562;1038736;0;0;4006298;5067798;12000;0;0;10497496;0;0;10509496;15577294;
44749;900009336;2019-12-31;2019;MILES;339435;285089;13086124;14099486;27810134;517876;0;0;39039522;0;39557398;67367532;4927536;12510548;0;0;110622;0;17548706;0;0;0;0;0;0;17548706;210755;26542158;396958;22668955;0;0;49818826;67367532;
44750;900009336;2019-12-31;2018;MILES;30835;1391367;18029603;9051571;28503376;306582;0;0;28507212;0;28813794;57317170;10670846;1043911;0;0;3577;0;11718334;0;0;0;0;0;0;11718334;209755;22367161;396958;22624962;0;0;45598836;57317170;
44751;890311123;2019-12-31;2019;MILES;4694;2050138;856931;0;2911763;2150282;0;697226;4851636;0;7699144;10610907;202689;725007;0;9065;29451;330256;1296468;0;0;234666;0;0;234666;1531134;200000;0;200000;8679773;0;0;9079773;10610907;
44752;890311123;2019-12-31;2018;MILES;7775;2119229;656941;0;2783945;2250642;0;845122;4851636;0;7947400;10731345;717448;404340;0;20156;59096;273176;1474216;0;0;234666;0;0;234666;1708882;200000;0;200000;8622463;0;0;9022463;10731345;
44753;900409960;2019-12-31;2019;MILES;1035081;880362;6319595;2977;8238015;42441;0;0;657053;0;699494;8937509;633132;508080;0;23317;440260;0;1604789;512755;1696785;0;408991;41985;2660516;4265305;1600000;0;232543;2839661;0;0;4672204;8937509;
44754;900409960;2019-12-31;2018;MILES;285720;329534;4742658;0;5357912;274578;0;0;0;0;274578;5632490;40000;475180;0;3570;135136;70000;723886;456985;374151;0;177471;0;1008607;1732493;1600000;0;208022;2091975;0;0;3899997;5632490;
44755;830050919;2019-12-31;2019;MILES;161613;187810;2698195;1976993;5024611;2576920;0;0;19575;0;2596495;7621106;0;652127;4860;0;114653;0;771640;3235459;1943654;0;401204;0;5580317;6351957;2267793;0;0;-998644;0;0;1269149;7621106;
44756;830050919;2019-12-31;2018;MILES;263462;176277;2346024;2061657;4847420;2809121;0;0;19575;0;2828696;7676116;0;618901;0;0;91391;5214;715506;3278645;2085700;0;479092;16915;5860352;6575858;2267793;0;0;-1167535;0;0;1100258;7676116;
44757;900229438;2019-12-31;2019;MILES;473360;1223771;8079796;31364;9808291;2115109;0;0;0;0;2115109;11923400;436625;454449;0;1177465;156173;0;2224712;3272553;0;0;0;0;3272553;5497265;1000000;0;113739;5312396;0;0;6426135;11923400;
44758;900229438;2019-12-31;2018;MILES;13486;326789;5824839;31364;6196478;1669509;0;0;0;0;1669509;7865987;296183;510826;0;46094;41159;0;894262;2598220;0;0;0;0;2598220;3492482;1000000;0;113739;3259766;0;0;4373505;7865987;
44759;890800120;2019-12-31;2019;MILES;665123;0;2453412;3106693;6225228;233441;0;0;250982;0;484423;6709651;137658;2980500;0;187248;396939;0;3702345;0;0;0;0;0;0;3702345;439280;0;335249;2232777;0;0;3007306;6709651;
44760;890800120;2019-12-31;2018;MILES;349793;135072;1999195;2650862;5134922;271390;0;0;1375309;0;1646699;6781621;543818;2766885;0;144827;673790;0;4129320;0;0;0;0;0;0;4129320;439280;0;303710;1909311;0;0;2652301;6781621;
44761;900231242;2019-12-31;2019;MILES;170378;110056;203375;0;483809;25150;332330;0;-296595;332330;393215;877024;1279;30082;0;45422;79687;0;156470;0;0;0;0;0;0;156470;80397;109797;107090;423270;0;0;720554;877024;
44762;900231242;2019-12-31;2018;MILES;138338;139187;189185;0;466710;999642;60000;0;-47697;60000;1071945;1538655;118613;21013;0;46743;124525;0;310894;662062;0;0;0;0;662062;972956;80397;109797;107090;268415;0;0;565699;1538655;
44763;830122426;2019-12-31;2019;MILES;1428731;5047384;1902123;0;8378238;0;0;868455;1000;0;869455;9247693;0;0;0;9876;83465;0;93341;0;0;16033;0;0;16033;109374;20000;0;20000;8954022;0;144297;9138319;9247693;
44764;830122426;2019-12-31;2018;MILES;1265432;5073668;1860506;0;8199606;0;0;889080;1000;0;890080;9089686;0;0;0;7045;90734;0;97779;0;0;16033;0;0;16033;113812;20000;0;20000;8791577;0;144297;8975874;9089686;
44765;900137118;2019-12-31;2019;MILES;145337;1401953;1000756;187037;2735083;3221938;0;0;16903848;0;20125786;22860869;1115774;3932206;0;10326;26679;0;5084985;0;0;2815394;0;0;2815394;7900379;1250000;3310000;202834;-41187;0;10238843;14960490;22860869;
44766;900137118;2019-12-31;2018;MILES;103963;1555296;143758;0;1803017;3100743;0;0;16404674;0;19505417;21308434;1516056;2655778;0;10091;49823;0;4231748;0;0;2552416;0;0;2552416;6784164;1250000;3310000;189053;227695;0;9547522;14524270;21308434;
44767;811035528;2019-12-31;2019;MILES;799406;8561;4499846;0;5307813;26807522;0;0;37931032;0;64738554;70046367;3077118;56573;0;36564;380899;217517;3768671;11748936;6653012;5422584;0;304163;24128695;27897366;828802;16326307;290937;24702955;0;0;42149001;70046367;
44768;811035528;2019-12-31;2018;MILES;618123;457617;7009404;0;8085144;29813504;0;0;29375777;0;59189281;67274425;5700000;124497;0;44693;519263;1793194;8181647;8700000;7592441;5944261;0;304163;22540865;30722512;671109;12764001;290937;22825866;0;0;36551913;67274425;
44769;900291838;2019-12-31;2019;MILES;1913535;8190507;10707023;5777884;26588949;2056886;0;0;42728;0;2099614;28688563;36132;7644412;0;76627;1628074;3100304;12485549;0;1381485;0;0;0;1381485;13867034;3500000;0;196224;11112888;0;12417;14821529;28688563;
44770;900291838;2019-12-31;2018;MILES;7205857;2464006;4061133;398838;14129834;1987699;0;0;6950908;0;8938607;23068441;60447;2691324;0;88048;2673560;1478835;6992214;24459;1729006;0;0;2030556;3784021;10776235;3500000;0;196224;5244375;0;3351607;12292206;23068441;
44771;805009239;2019-12-31;2019;MILES;1479875;9027466;493054;675000;11675395;5281259;1267402;12215478;-568185;1267402;19463356;31138751;315000;173447;0;32341;143955;0;664743;367827;0;979695;0;0;1347522;2012265;6480692;1492922;3366039;18986833;0;-1200000;29126486;31138751;
44772;805009239;2019-12-31;2018;MILES;197056;9860079;1627383;675000;12359518;6403813;1477672;9650860;-792073;1477672;18217944;30577462;204000;214656;0;30016;74823;0;523495;774330;0;997285;0;0;1771615;2295110;6480692;1492922;3129414;18379324;0;-1200000;28282352;30577462;
44773;822004586;2019-12-31;2019;MILES;25115;35911;3468979;140185;3670190;1926547;0;0;0;0;1926547;5596737;0;18337;0;0;55886;0;74223;0;0;0;0;0;0;74223;3000000;0;378462;2133666;0;10386;5522514;5596737;
44774;822004586;2019-12-31;2018;MILES;3129288;48852;569;101549;3280258;1922046;0;0;0;0;1922046;5202304;0;10902;0;7724;17939;0;36565;0;0;0;0;0;0;36565;3000000;0;345662;1809691;0;10386;5165739;5202304;
44775;802013222;2019-12-31;2019;MILES;242965;35142;4057190;0;4335297;0;9466777;0;20556258;9466777;39489812;43825109;30093;8996665;0;0;10416;2842804;11879978;0;27485429;560781;0;0;28046210;39926188;411931;3675000;205966;-393976;0;0;3898921;43825109;
44776;802013222;2019-12-31;2018;MILES;70083;635;4913818;1066315;6050851;0;11465576;0;19648831;11465576;42579983;48630834;90279;9863428;0;0;33514;4566247;14553468;0;29396048;560781;0;0;29956829;44510297;411931;3675000;205966;-172360;0;0;4120537;48630834;
44777;830508017;2019-12-31;2019;MILES;1058530;2256069;6076808;1531533;10922940;2023411;0;0;1902723;0;3926134;14849074;1768465;5275621;0;138614;344897;4795237;12322834;0;46638;0;0;176949;223587;12546421;4228024;493168;2156824;-4575363;0;0;2302653;14849074;
44778;830508017;2019-12-31;2018;MILES;1371867;1876039;4076072;2536059;9860037;542031;0;0;1155031;0;1697062;11557099;0;3825005;0;99536;0;3888602;7813143;0;46638;0;0;0;46638;7859781;1658244;493168;2156824;-610918;0;0;3697318;11557099;
44779;890100026;2019-12-31;2019;MILES;2418515;8889356;38742982;12912213;62963066;30284242;0;51003661;57183515;0;138471418;201434484;16541434;31208784;0;0;1918617;592680;50261515;13180759;0;4940656;0;0;18121415;68382930;13317000;0;11165127;78095717;0;30473710;133051554;201434484;
44780;890100026;2019-12-31;2018;MILES;4507322;8356461;37813052;13362118;64038953;28060271;0;51003661;59500672;0;138564604;202603557;16171959;35408038;0;0;2565044;707903;54852944;9095487;0;4690033;0;0;13785520;68638464;13317000;0;11165127;79132132;0;30350834;133965093;202603557;
44781;800072618;2019-12-31;2019;MILES;1691538;513737;8648555;3005391;13859221;4392323;0;0;762405;0;5154728;19013949;0;4318523;0;888424;963833;0;6170780;0;0;747193;0;0;747193;6917973;933000;0;281275;10881701;0;0;12095976;19013949;
44782;800072618;2019-12-31;2018;MILES;451250;685495;7484532;4272066;12893343;4479274;0;0;876395;0;5355669;18249012;0;4935644;0;686777;503926;0;6126347;0;0;709984;0;0;709984;6836331;933000;0;281275;10198406;0;0;11412681;18249012;
44783;800164923;2019-12-31;2019;MILES;448376;952282;6348823;22697311;30446792;3605232;0;5194400;768135;0;9567767;40014559;14331842;5310578;0;0;815234;1203905;21661559;0;0;253935;0;5595581;5849516;27511075;2000000;0;3560172;6943312;0;0;12503484;40014559;
44784;800164923;2019-12-31;2018;MILES;610073;975647;6554617;25251222;33391559;3761833;0;3648947;1036922;0;8447702;41839261;16935252;5453562;0;0;822883;1277310;24489007;0;0;605482;0;5740423;6345905;30834912;2000000;0;3541492;5462857;0;0;11004349;41839261;
44785;890936071;2019-12-31;2019;MILES;4971343;0;17558647;15709585;38239575;132230943;0;0;18179218;0;150410161;188649736;8230162;25029051;0;0;866051;0;34125264;41992792;0;11362033;0;0;53354825;87480089;6000000;0;62843205;32326442;0;0;101169647;188649736;
44786;890936071;2019-12-31;2018;MILES;2188379;0;16839249;12401105;31428733;106362278;0;0;17031220;0;123393498;154822231;7548495;13609039;0;0;477088;0;21634622;26169076;0;11756376;0;0;37925452;59560074;6000000;0;58635642;30626515;0;0;95262157;154822231;
44787;830000818;2019-12-31;2019;MILES;2958241;4116496;7662966;0;14737703;30669594;0;0;1187348;0;31856942;46594645;2606564;1830788;0;1436334;3413650;32325;9319661;16977861;400000;2268122;0;0;19645983;28965644;3300000;0;862812;7084206;0;6381983;17629001;46594645;
44788;830000818;2019-12-31;2018;MILES;84734;3713593;8215723;0;12014050;26819813;0;0;1512687;0;28332500;40346550;2842695;3782135;0;1210202;2533484;129364;10497880;14979933;400000;2086062;0;1890;17467885;27965765;3300000;0;862812;2654514;0;5563459;12380785;40346550;
44789;830510920;2019-12-31;2019;MILES;99947;5669488;77614;0;5847049;2089274;0;3637626;7858420;0;13585320;19432369;0;4171371;1953335;4078;162451;0;6291235;0;0;306480;0;0;306480;6597715;5000;0;0;4765430;0;8064224;12834654;19432369;
44790;830510920;2019-12-31;2018;MILES;327111;5714160;0;1378512;7419783;2790274;0;1578759;7857420;0;12226453;19646236;0;2781620;3524499;2957;119778;0;6428854;0;0;291027;0;297505;588532;7017386;5000;0;0;4002201;0;8621649;12628850;19646236;
44791;800029122;2019-12-31;2019;MILES;0;1571;447700;0;449271;0;0;4795755;34786603;0;39582358;40031629;0;7584;0;0;19953;0;27537;0;0;0;0;0;0;27537;5500;0;2852921;4149116;0;32996555;40004092;40031629;
44792;800029122;2019-12-31;2018;MILES;0;0;406635;0;406635;0;0;4795755;31098160;0;35893915;36300550;0;6501;0;0;18168;0;24669;0;0;0;0;0;0;24669;5500;0;1735622;4108959;0;30425800;36275881;36300550;
44793;900070446;2019-12-31;2019;MILES;1136280;6896;641241;0;1784417;10883585;189459;0;1787;189459;11264290;13048707;4353;174900;0;138301;159739;0;477293;0;0;396773;0;5941723;6338496;6815789;1000000;0;333091;4899827;0;0;6232918;13048707;
44794;900070446;2019-12-31;2018;MILES;635374;26536;394706;0;1056616;10506831;183666;0;-7461;183666;10866702;11923318;2710;576563;0;117212;294592;0;991077;0;0;393102;0;4825081;5218183;6209260;1000000;0;309535;4404523;0;0;5714058;11923318;
44795;900468521;2019-12-31;2019;MILES;198229;0;2859661;852561;3910451;2694235;0;0;1505550;0;4199785;8110236;957976;1950631;0;0;71920;0;2980527;1460807;0;48575;0;0;1509382;4489909;1000000;0;279019;2341308;0;0;3620327;8110236;
44796;900468521;2019-12-31;2018;MILES;198632;0;2710495;823282;3732409;2769902;0;0;1226009;0;3995911;7728320;861111;1991803;0;100549;173301;0;3126764;0;0;22397;0;1747247;1769644;4896408;1000000;0;0;1831912;0;0;2831912;7728320;
44797;800208146;2019-12-31;2019;MILES;30601229;22211609;77487940;37158351;167459129;826515;0;0;34761416;0;35587931;203047060;6976466;23532397;7836449;1079710;428702;58965706;98819430;0;0;0;0;0;0;98819430;4240000;0;2120000;97867630;0;0;104227630;203047060;
44798;800208146;2019-12-31;2018;MILES;54622124;19711811;62835793;26765088;163934816;735826;0;0;15972596;0;16708422;180643238;3414600;28324818;9018642;1025992;705496;41208903;83698451;0;0;0;0;0;0;83698451;4240000;0;2120000;90584787;0;0;96944787;180643238;
44799;900400448;2019-12-31;2019;MILES;175952;1040220;22426707;63970315;87613194;19085;0;0;11598842;0;11617927;99231121;49649039;4499847;41430;0;462621;6695533;61348470;26285632;0;1119642;0;0;27405274;88753744;2384778;8734924;192389;-834714;0;0;10477377;99231121;
44800;900400448;2019-12-31;2018;MILES;145331;2608416;8181598;62260573;73195918;15465;0;0;16097036;0;16112501;89308419;39614129;6182606;128026;23975;518043;3287611;49754390;26234317;0;1194988;0;0;27429305;77183695;384778;5807667;192389;2334910;0;3404980;12124724;89308419;
44801;900191920;2019-12-31;2019;MILES;267727;0;4134477;0;4402204;636234;5002461;0;-4283687;5002461;6357469;10759673;1973959;0;0;0;0;0;1973959;0;3733786;0;0;0;3733786;5707745;1031000;0;2664318;1356610;0;0;5051928;10759673;
44802;900191920;2019-12-31;2018;MILES;1830982;0;2356873;0;4187855;623956;7044920;0;-4781652;7044920;9932144;14119999;1791450;0;0;0;0;0;1791450;0;7684997;0;0;0;7684997;9476447;1031000;0;2664318;948234;0;0;4643552;14119999;
44803;900074019;2019-12-31;2019;MILES;422974;2;15573700;14211286;30207962;0;0;0;0;0;0;30207962;3425296;26679335;0;0;22826;0;30127457;0;0;0;0;0;0;30127457;60000;0;10563;9942;0;0;80505;30207962;
44804;900074019;2019-12-31;2018;MILES;235823;1048582;25608367;43800129;70692901;0;0;0;0;0;0;70692901;7275123;50574175;0;0;0;0;57849298;12757282;0;0;0;0;12757282;70606580;60000;0;10563;15758;0;0;86321;70692901;
44805;900573793;2019-12-31;2019;MILES;10822;18825;362425;0;392072;5861114;0;0;368688;0;6229802;6621874;0;2259;0;0;25843;0;28102;239231;0;551822;0;3296;794349;822451;2300;0;12733;3643632;0;2140758;5799423;6621874;
44806;900573793;2019-12-31;2018;MILES;2857;12978;388427;0;404262;5912417;0;0;368688;0;6281105;6685367;0;16561;0;0;29106;0;45667;272979;0;458003;0;3296;734278;779945;2300;0;12733;3749631;0;2140758;5905422;6685367;
44807;900341322;2019-12-31;2019;MILES;1934101;3478;377418;0;2314997;179465;0;0;18722337;0;18901802;21216799;1321627;5056947;0;0;447378;0;6825952;0;0;1143171;0;0;1143171;7969123;277208;0;0;12970468;0;0;13247676;21216799;
44808;900341322;2019-12-31;2018;MILES;1182634;755512;196762;0;2134908;189389;0;0;17195059;0;17384448;19519356;980243;5402361;0;0;998949;0;7381553;0;0;677016;0;0;677016;8058569;277208;0;0;11183579;0;0;11460787;19519356;
44809;900902943;2019-12-31;2019;MILES;2649987;158373;16787480;12246158;31841998;0;0;0;947037;0;947037;32789035;20426790;2808547;0;57724;333933;7818528;31445522;0;0;0;0;0;0;31445522;60000;0;0;1283513;0;0;1343513;32789035;
44810;900902943;2019-12-31;2018;MILES;5858523;5921;8843248;29340434;44048126;0;0;0;1851147;0;1851147;45899273;32134772;2378560;0;84431;101551;10408725;45108039;0;0;0;0;0;0;45108039;60000;0;0;731234;0;0;791234;45899273;
44811;860523572;2019-12-31;2019;MILES;353236;0;76722;0;429958;75436;0;3265211;12082468;0;15423115;15853073;0;3687253;0;285;189;9813;3697540;0;0;71222;0;0;71222;3768762;100;0;7001629;5082582;0;0;12084311;15853073;
44812;860523572;2019-12-31;2018;MILES;387001;0;0;0;387001;77649;104708;2239211;11977760;104708;14504036;14891037;0;459770;0;0;7241;7509;474520;0;1850607;59774;0;0;1910381;2384901;100;0;7601629;4904407;0;0;12506136;14891037;
44813;860090222;2019-12-31;2019;MILES;12029168;1744861;28415468;20373308;62562805;48207147;0;0;5309555;0;53516702;116079507;0;20241706;0;0;3475363;1446627;25163696;0;0;0;0;0;0;25163696;410018;31996800;1259732;57249261;0;0;90915811;116079507;
44814;860090222;2019-12-31;2018;MILES;29855316;1161736;20608146;11412680;63037878;45960660;0;0;5961205;0;51921865;114959743;0;34960816;0;0;3620215;304154;38885185;0;0;0;0;15000;15000;38900185;410018;31996800;1259732;42393008;0;0;76059558;114959743;
44815;900100417;2019-12-31;2019;MILES;128863;1924980;5358732;541498;7954073;101156509;0;0;0;0;101156509;109110582;761515;11779332;0;287135;1620829;0;14448811;0;0;0;0;97818972;97818972;112267783;3658020;0;311499;-7126720;0;0;-3157201;109110582;
44816;900100417;2019-12-31;2018;MILES;181146;1632268;5302813;579359;7695586;108137783;0;0;102609;0;108240392;115935978;1294033;10986467;0;246446;515967;0;13042913;0;0;0;0;99131142;99131142;112174055;3658020;0;311499;-207596;0;0;3761923;115935978;
44817;800155224;2019-12-31;2019;MILES;357007;0;4282391;0;4639398;0;0;0;25191477;0;25191477;29830875;0;0;0;0;0;0;0;0;0;1177198;77500;0;1254698;1254698;250000;114368;4419;28207390;0;0;28576177;29830875;
44818;800155224;2019-12-31;2018;MILES;131302;0;0;0;131302;0;0;0;27933164;0;27933164;28064466;0;25626;0;0;0;0;25626;0;0;1177198;330083;0;1507281;1532907;250000;114368;4419;26162772;0;0;26531559;28064466;
44819;830038520;2019-12-31;2019;MILES;1441;46914;344;170000;218699;0;17044720;26860941;-13393710;17044720;47556671;47775370;0;42781;0;21686;25068;0;89535;0;16243506;4137312;0;7935981;28316799;28406334;50000;0;1259746;18059290;0;0;19369036;47775370;
44820;830038520;2019-12-31;2018;MILES;1311;69108;0;0;70419;46;7579386;26010941;5098608;7579386;46268367;46338786;0;75116;0;20122;92192;0;187430;0;14004541;4589983;0;8903333;27497857;27685287;50000;0;1015068;17588431;0;0;18653499;46338786;
44821;890320910;2019-12-31;2019;MILES;29658925;4272805;4498957;388040;38818727;237336914;0;69324221;162535572;0;469196707;508015434;7547651;15694454;0;342281;1196323;0;24780709;0;0;24732398;0;0;24732398;49513107;2470949;0;69944995;386086383;0;0;458502327;508015434;
44822;890320910;2019-12-31;2018;MILES;36684652;3872021;8899589;268692;49724954;235843175;0;97797259;163146395;0;496786829;546511783;2259132;12583459;0;313998;903861;0;16060450;2000000;0;26725358;0;93069;28818427;44878877;2766860;0;76662135;422203911;0;0;501632906;546511783;
44823;900214938;2019-12-31;2019;MILES;8984;38743;1498088;0;1545815;176494;0;6262457;1656943;0;8095894;9641709;0;26845;0;0;38385;0;65230;0;9198255;8950;0;0;9207205;9272435;540000;0;0;-170726;0;0;369274;9641709;
44824;900214938;2019-12-31;2018;MILES;8379;51867;1882494;0;1942740;187608;0;6262457;1656943;0;8107008;10049748;0;408;0;0;35457;0;35865;0;9908084;0;0;0;9908084;9943949;540000;0;0;-434201;0;0;105799;10049748;
44825;900280445;2019-12-31;2019;MILES;234;500000;1901397;0;2401631;181676;5065341;0;-5065341;5065341;5247017;7648648;0;382348;0;75003;4726;0;462077;0;1834269;0;1294277;300953;3429499;3891576;500000;0;250000;3007072;0;0;3757072;7648648;
44826;900280445;2019-12-31;2018;MILES;91953;0;1290875;1786683;3169511;303481;4679531;0;-4679531;4679531;4983012;8152523;0;1886537;0;243731;2210181;0;4340449;0;531876;0;0;0;531876;4872325;500000;0;250000;2530198;0;0;3280198;8152523;
44827;800041030;2019-12-31;2019;MILES;473536;0;120418;0;593954;13192;0;10770916;8290824;0;19074932;19668886;3834;195000;0;10737;182810;2462;394843;0;0;1433813;0;8011;1441824;1836667;1620507;0;6920860;9290852;0;0;17832219;19668886;
44828;800041030;2019-12-31;2018;MILES;416070;0;262927;0;678997;7298;0;10770916;8244335;0;19022549;19701546;4310;211114;0;9671;123469;76170;424734;0;0;1383932;0;974189;2358121;2782855;1620507;0;3163397;12134787;0;0;16918691;19701546;
44829;900745022;2019-12-31;2019;MILES;10;0;0;0;10;0;0;0;5557308;0;5557308;5557318;0;8834;0;0;0;0;8834;0;0;0;0;0;0;8834;1110;31656869;0;-26109495;0;0;5548484;5557318;
44830;900745022;2019-12-31;2018;MILES;10;0;0;0;10;0;0;0;9962462;0;9962462;9962472;0;6798;0;0;0;0;6798;0;0;0;0;0;0;6798;1110;31656869;0;-21702305;0;0;9955674;9962472;
44831;900371519;2019-12-31;2019;MILES;97687;35574;1841366;1842247;3816874;1516607;0;0;400000;0;1916607;5733481;1667797;891850;0;74970;28591;0;2663208;809850;0;4599;0;338374;1152823;3816031;538410;0;96102;1282938;0;0;1917450;5733481;
44832;900371519;2019-12-31;2018;MILES;335849;43610;1540769;1980020;3900248;1555901;0;0;405000;0;1960901;5861149;1171159;1151964;0;63946;84396;0;2471465;1253661;0;0;0;406213;1659874;4131339;538410;0;80693;1110707;0;0;1729810;5861149;
44833;900029642;2019-12-31;2019;MILES;79837;257658;3669380;0;4006875;5313049;0;1228000;13666282;0;20207331;24214206;462673;92096;0;0;107126;0;661895;0;11862093;860807;0;100000;12822900;13484795;700000;0;5952822;4076589;0;0;10729411;24214206;
44834;900029642;2019-12-31;2018;MILES;63495;135019;3405140;0;3603654;5648870;0;1228000;13860528;0;20737398;24341052;553705;355244;0;0;166391;0;1075340;0;16091563;829527;0;100000;17021090;18096430;700000;0;3555192;1989430;0;0;6244622;24341052;
44835;900399741;2019-12-31;2019;MILES;147546;733413;2764277;0;3645236;643802;0;0;24329458;0;24973260;28618496;48595;1081686;0;613214;313551;0;2057046;12683985;0;8779;0;187978;12880742;14937788;1466732;11491324;0;722652;0;0;13680708;28618496;
44836;900399741;2019-12-31;2018;MILES;37944;513464;2441578;0;2992986;596558;0;0;18777885;0;19374443;22367429;71772;1230405;0;713918;346881;0;2362976;7384533;0;8779;0;860673;8253985;10616961;1378728;9779294;0;592446;0;0;11750468;22367429;
44837;890900323;2019-12-31;2019;MILES;136965;999134;15654332;7008294;23798725;41180348;48854;0;28838226;48854;70116282;93915007;3712117;17395514;0;937530;152981;17137;22215279;20756293;0;0;0;0;20756293;42971572;3800000;3019630;15831172;3073830;0;25218803;50943435;93915007;
44838;890900323;2019-12-31;2018;MILES;160354;2296305;15513984;5479948;23450591;41547364;48854;0;48616080;48854;90261152;113711743;3521927;27195509;0;1151821;140010;9415779;41425046;0;0;0;0;22734460;22734460;64159506;3800000;3019630;15261074;2252730;0;25218803;49552237;113711743;
44839;860037932;2019-12-31;2019;MILES;451212;2580439;4198498;0;7230149;3797595;0;0;0;0;3797595;11027744;0;3199097;0;0;98172;2588000;5885269;0;0;0;0;0;0;5885269;2000;0;1000;1827077;0;3312398;5142475;11027744;
44840;860037932;2019-12-31;2018;MILES;192568;2545587;3698378;0;6436533;3886974;0;0;0;0;3886974;10323507;0;2653079;0;0;153869;2588000;5394948;0;0;0;0;0;0;5394948;2000;0;1000;1613161;0;3312398;4928559;10323507;
44841;811036237;2019-12-31;2019;MILES;29295;5490;100;0;34885;3498602;0;0;5893435;0;9392037;9426922;0;102761;0;2132;0;0;104893;0;0;209473;0;331174;540647;645540;350002;0;0;6489527;0;1941853;8781382;9426922;
44842;811036237;2019-12-31;2018;MILES;3345;10578;0;0;13923;881094;0;0;7639739;0;8520833;8534756;0;102447;0;4408;17157;0;124012;0;0;117507;0;255970;373477;497489;350002;0;0;5745412;0;1941853;8037267;8534756;
44843;830099418;2019-12-31;2019;MILES;1192407;1120886;7377506;2086515;11777314;5029533;1909798;0;-1706198;1909798;7142931;18920245;206497;4494577;0;369915;272026;478079;5821094;521129;4085300;0;0;466717;5073146;10894240;800000;0;400000;6826005;0;0;8026005;18920245;
44844;830099418;2019-12-31;2018;MILES;1302817;1680764;1934409;1458717;6376707;4022026;0;0;200200;0;4222226;10598933;218708;1309158;0;120478;475089;98285;2221718;369720;0;0;0;552326;922046;3143764;800000;0;400000;6255169;0;0;7455169;10598933;
44845;830045144;2019-12-31;2019;MILES;263620;35723;1109980;0;1409323;3298626;0;1770321;0;0;5068947;6478270;638892;744370;0;0;24260;602068;2009590;0;0;0;0;0;0;2009590;50000;0;30578;-1231149;0;5619251;4468680;6478270;
44846;830045144;2019-12-31;2018;MILES;1057017;13557;811022;0;1881596;3298626;0;1768145;0;0;5066771;6948367;606256;1060729;0;0;0;671753;2338738;0;0;0;0;0;0;2338738;50000;0;30578;-1090200;0;5619251;4609629;6948367;
44847;901135822;2019-12-31;2019;MILES;0;0;0;0;0;0;0;0;12071962;0;12071962;12071962;0;0;0;0;0;0;0;0;3614;0;0;0;3614;3614;4000;101107;0;11963241;0;0;12068348;12071962;
44848;901135822;2019-12-31;2018;MILES;0;0;0;0;0;0;0;0;12071962;0;12071962;12071962;0;0;0;0;0;0;0;0;1779;0;0;0;1779;1779;4000;101107;0;11965076;0;0;12070183;12071962;
44849;900721334;2019-12-31;2019;MILES;73212;623127;3449080;0;4145419;11117;6666269;0;-6014829;6666269;7328826;11474245;0;157405;0;0;12764;4380157;4550326;0;0;0;0;0;0;4550326;19000;0;0;-1684756;0;8589675;6923919;11474245;
44850;900721334;2019-12-31;2018;MILES;304627;434804;1030825;2000000;3770256;21491;3802124;0;-1894251;3802124;5731488;9501744;0;436006;0;0;3948;5898730;6338684;0;0;0;0;0;0;6338684;19000;0;0;-4199615;0;7343675;3163060;9501744;
44851;890113551;2019-12-31;2019;MILES;369382;3084543;53208300;1351807;58014032;26549238;0;0;362049;0;26911287;84925319;18476593;20188352;0;2248235;2323167;0;43236347;6448969;5041176;2042044;0;4294813;17827002;61063349;1500000;5662500;750000;15949470;0;0;23861970;84925319;
44852;890113551;2019-12-31;2018;MILES;355283;3344438;62353012;833325;66886058;20943430;0;6799500;379283;0;28122213;95008271;17318696;11927147;0;2374046;2135169;0;33755058;7021701;4859655;2051105;0;4904552;18837013;52592071;1500000;5662500;750000;34503700;0;0;42416200;95008271;
44853;900397224;2019-12-31;2019;MILES;4137190;66022;18878292;12415670;35497174;0;0;1243440;162292;0;1405732;36902906;21850088;5898301;0;0;269358;6177246;34194993;0;0;0;0;0;0;34194993;60000;0;0;2647913;0;0;2707913;36902906;
44854;900397224;2019-12-31;2018;MILES;1371458;22507;21037398;18748976;41180339;0;0;991440;404535;0;1395975;42576314;16988289;17162923;0;0;185516;6370202;40706930;0;0;0;0;0;0;40706930;60000;0;0;1809384;0;0;1869384;42576314;
44855;805026021;2019-12-31;2019;MILES;1256614;1846807;35029741;20448500;58581662;24478067;0;0;1648806;0;26126873;84708535;27293341;27738305;929908;388955;597758;198691;57146958;4622204;0;2802532;0;0;7424736;64571694;35000;3152995;1152488;15796358;0;0;20136841;84708535;
44856;805026021;2019-12-31;2018;MILES;3021700;1347917;21340715;12330788;38041120;19883559;0;0;1117935;0;21001494;59042614;17049495;17765101;141948;284478;355434;177448;35773904;5461384;0;2322282;0;0;7783666;43557570;35000;3152995;1152488;11144561;0;0;15485044;59042614;
44857;890929122;2019-12-31;2019;MILES;5392298;2681024;8997031;0;17070353;2102078;0;0;1668099;0;3770177;20840530;313332;5086132;0;1029593;984350;46409;7459816;438025;0;0;0;0;438025;7897841;891593;0;827935;11223161;0;0;12942689;20840530;
44858;890929122;2019-12-31;2018;MILES;5555530;1656958;12375469;0;19587957;2205767;0;0;927194;0;3132961;22720918;287089;6522581;0;687797;1067922;2222846;10788235;388086;0;0;0;0;388086;11176321;891593;0;827935;9825069;0;0;11544597;22720918;
44859;800079849;2019-12-31;2019;MILES;1048441;173317;22502877;0;23724635;22340715;0;0;0;0;22340715;46065350;3964699;28511;0;57495;306655;102656;4460016;7283501;16637128;367321;0;0;24287950;28747966;12000000;0;1401454;-3386457;0;7302387;17317384;46065350;
44860;800079849;2019-12-31;2018;MILES;386182;107292;24239469;0;24732943;23051390;0;0;0;0;23051390;47784333;6546527;115800;0;52462;77497;200510;6992796;7866839;15333709;378121;0;0;23578669;30571465;12000000;0;983336;-3072855;0;7302387;17212868;47784333;
44861;900035380;2019-12-31;2019;MILES;11410;0;2369916;314116;2695442;2948226;11978637;0;-4449602;11978637;22455898;25151340;0;43224536;0;6281;705882;2611839;46548538;0;0;2695082;0;0;2695082;49243620;24000;0;14608579;-38724859;0;0;-24092280;25151340;
44862;900035380;2019-12-31;2018;MILES;52470;0;5727581;1401393;7181444;2919147;11566546;0;-6283364;11566546;19768875;26950319;0;2704131;0;152690;671244;3924530;7452595;0;0;5458842;0;0;5458842;12911437;24000;0;14608579;-593697;0;0;14038882;26950319;
44863;830504054;2019-12-31;2019;MILES;339878;40590;4216734;0;4597202;7482062;0;0;6837731;0;14319793;18916995;0;274666;0;0;219770;209;494645;0;0;583261;0;0;583261;1077906;10660010;0;644278;938882;0;5595919;17839089;18916995;
44864;830504054;2019-12-31;2018;MILES;602066;0;3549668;0;4151734;7542297;0;0;5893397;0;13435694;17587428;0;51764;0;0;150769;2734;205267;0;137396;494150;0;0;631546;836813;10660010;0;3185868;1728792;0;1175945;16750615;17587428;
44865;890936900;2019-12-31;2019;MILES;661;0;582172;0;582833;0;0;0;2644373;0;2644373;3227206;0;934606;0;0;0;0;934606;0;0;55129;0;0;55129;989735;50000;0;24497;2162974;0;0;2237471;3227206;
44866;890936900;2019-12-31;2018;MILES;637;0;74534;0;75171;1578;2812057;0;86949;2812057;5712641;5787812;0;119;0;0;4682;0;4801;0;2390711;55129;0;0;2445840;2450641;50000;0;24376;3262795;0;0;3337171;5787812;
44867;900755124;2019-12-31;2019;MILES;7488;17;2868384;0;2875889;0;0;1775595;7978297;0;9753892;12629781;0;737420;0;0;701;0;738121;0;0;0;0;0;0;738121;100000;1212750;0;7821363;0;2757547;11891660;12629781;
44868;900755124;2019-12-31;2018;MILES;7719;0;2868384;0;2876103;0;0;1775595;5220750;0;6996345;9872448;0;733922;0;0;898;0;734820;0;0;0;0;0;0;734820;100000;1212750;0;7824878;0;0;9137628;9872448;
44869;830121418;2019-12-31;2019;MILES;85154;117972;10130758;2595768;12929652;165993;13918000;4702858;-10904610;13918000;21800241;34729893;3723763;1579774;0;0;0;0;5303537;15209822;650805;0;0;0;15860627;21164164;1565600;1150820;746715;10102594;0;0;13565729;34729893;
44870;830121418;2019-12-31;2018;MILES;306621;316800;8836354;2036323;11496098;208994;0;5262062;1841905;0;7312961;18809059;3413556;248587;0;0;454432;0;4116575;0;1328138;0;0;0;1328138;5444713;1565600;1150820;482485;6593856;0;3571585;13364346;18809059;
44871;830048433;2019-12-31;2019;MILES;70702;414766;5481662;3151596;9118726;12105168;0;0;42245;0;12147413;21266139;1324121;4705815;0;116814;620994;58141;6825885;7154995;0;0;0;17680;7172675;13998560;800000;0;356579;4082964;0;2028036;7267579;21266139;
44872;830048433;2019-12-31;2018;MILES;16640;301376;5785241;2116840;8220097;12330740;0;0;42245;0;12372985;20593082;2548346;3084071;0;158939;313837;80935;6186128;7398100;0;0;0;14963;7413063;13599191;800000;0;356579;3809276;0;2028036;6993891;20593082;
44873;900025118;2019-12-31;2019;MILES;1407942;0;2875517;0;4283459;1974220;0;2570250;7111189;0;11655659;15939118;116340;5415159;0;0;0;2197;5533696;0;0;129423;0;0;129423;5663119;5000;0;5021186;5249813;0;0;10275999;15939118;
44874;900025118;2019-12-31;2018;MILES;936114;0;260147;0;1196261;1624720;2491089;2432837;4853403;2491089;13893138;15089399;205444;6630;0;0;31416;20435;263925;0;4657879;422581;0;0;5080460;5344385;5000;0;5021186;4718828;0;0;9745014;15089399;
44875;860535145;2019-12-31;2019;MILES;218961;2967822;572944;349542;4109269;10462671;0;0;1228950;0;11691621;15800890;0;1887307;0;0;216573;56335;2160215;3602778;0;902983;0;0;4505761;6665976;201162;0;0;8933752;0;0;9134914;15800890;
44876;860535145;2019-12-31;2018;MILES;76125;3065110;2083776;452078;5677089;10803656;0;0;1383319;0;12186975;17864064;68889;2493356;0;0;1970563;5022;4537830;2494444;0;754080;0;0;3248524;7786354;201162;0;0;9876548;0;0;10077710;17864064;
44877;890311243;2019-12-31;2019;MILES;27609480;24459809;75764444;24098987;151932720;30745140;57982601;0;-6252162;57982601;140458180;292390900;0;24441897;0;1674506;426771;72660;26615834;132899445;40846267;5024359;0;61515142;240285213;266901047;9000000;0;35960566;-21191340;0;1720627;25489853;292390900;
44878;890311243;2019-12-31;2018;MILES;36172644;6391932;116351868;28793215;187709659;52346377;30143036;0;38978198;30143036;151610647;339320306;0;56731883;0;1312632;358373;69221;58472109;124936275;43618478;6288270;0;74378931;249221954;307694063;9000000;0;35960566;-15054950;0;1720627;31626243;339320306;
44879;900215626;2019-12-31;2019;MILES;2113012;0;2238048;3287761;7638821;1255343;526535;1343383;-197501;526535;3454295;11093116;0;1573256;17320;46857;19126;0;1656559;0;1323680;0;0;4780639;6104319;7760878;2000000;0;0;7774;0;1324464;3332238;11093116;
44880;900215626;2019-12-31;2018;MILES;55685;744588;392559;19046982;20239814;1255343;375750;1343383;-46716;375750;3303510;23543324;0;360202;0;45310;93931;0;499443;0;1609674;0;0;18403922;20013596;20513039;2000000;0;0;-294179;0;1324464;3030285;23543324;
44881;900770022;2019-12-31;2019;MILES;159933;15411;7773042;0;7948386;0;0;2992124;0;0;2992124;10940510;0;385974;0;0;49217;0;435191;2179331;1313517;65541;0;0;3558389;3993580;7341486;0;0;-394556;0;0;6946930;10940510;
44882;900770022;2019-12-31;2018;MILES;2175;4020;18610436;0;18616631;0;0;2947905;0;0;2947905;21564536;93163;556517;0;0;57652;0;707332;7125984;6503919;34060;0;0;13663963;14371295;7341486;0;0;-148245;0;0;7193241;21564536;
44883;890917832;2019-12-31;2019;MILES;2394785;17136;95334;0;2507255;0;0;0;6544261;0;6544261;9051516;0;3511505;0;2800;98061;0;3612366;0;0;0;0;0;0;3612366;353100;290826;80250;4714974;0;0;5439150;9051516;
44884;890917832;2019-12-31;2018;MILES;1284403;15283;0;0;1299686;0;0;0;7463572;0;7463572;8763258;0;3763667;0;2800;23134;0;3789601;0;0;0;0;0;0;3789601;353100;290826;80250;4249481;0;0;4973657;8763258;
44885;890207641;2019-12-31;2019;MILES;187532;4496427;2787328;11372;7482659;4808285;0;0;14783;0;4823068;12305727;657337;177594;0;59843;37448;0;932222;2894983;1872154;37566;0;0;4804703;5736925;3495000;0;188394;1519076;0;1366332;6568802;12305727;
44886;890207641;2019-12-31;2018;MILES;40056;5170730;3455679;0;8666465;1599203;0;0;14782;0;1613985;10280450;650031;226265;0;45102;29198;0;950596;0;3051702;37566;0;0;3089268;4039864;3495000;0;0;1379254;0;1366332;6240586;10280450;
44887;900424624;2019-12-31;2019;MILES;38215;2240380;59000;0;2337595;174979;0;767444;2652303;0;3594726;5932321;168631;2977638;0;25684;28156;0;3200109;612578;0;398130;0;0;1010708;4210817;460000;30599;43732;1186366;0;807;1721504;5932321;
44888;900424624;2019-12-31;2018;MILES;73718;2199350;3451;0;2276519;174979;0;784886;2529373;0;3489238;5765757;168631;2748862;0;17839;3122;0;2938454;781422;0;398130;0;0;1179552;4118006;460000;30599;34814;1122338;0;0;1647751;5765757;
44889;901132727;2019-12-31;2019;MILES;1920395;186288;1033031;0;3139714;0;0;0;167118255;0;167118255;170257969;20903489;20581158;0;0;0;896;41485543;52682922;0;0;0;0;52682922;94168465;967509;116033491;0;-40911496;0;0;76089504;170257969;
44890;901132727;2019-12-31;2018;MILES;1274377;172512;61450821;0;62897710;0;0;0;133416600;0;133416600;196314310;33686;15678831;0;0;0;0;15712517;82175000;0;0;0;0;82175000;97887517;967509;116033491;0;-18574207;0;0;98426793;196314310;
44891;811016320;2019-12-31;2019;MILES;95203;67869;1742302;0;1905374;279844;3635516;0;-2020771;3635516;5530105;7435479;0;13443;0;0;118259;0;131702;0;736891;0;0;0;736891;868593;140000;0;77191;6146331;0;203364;6566886;7435479;
44892;811016320;2019-12-31;2018;MILES;81309;28247;910302;0;1019858;279844;3635516;0;-2020771;3635516;5530105;6549963;0;13443;0;0;109995;0;123438;0;0;0;0;0;0;123438;140000;0;77191;6005970;0;203364;6426525;6549963;
44893;804005319;2019-12-31;2019;MILES;15638193;7705403;7745723;82006352;113095671;64589945;0;0;1587063;0;66177008;179272679;17878606;17969049;0;1137289;234182;0;37219126;23256618;0;5806051;0;37274065;66336734;103555860;9531704;0;1784830;39865927;0;24534358;75716819;179272679;
44894;804005319;2019-12-31;2018;MILES;5444193;8009002;8720581;95929831;118103607;60045353;0;0;3153605;0;63198958;181302565;12870925;19915315;0;1018540;167849;0;33972629;42251658;0;4507193;0;26742388;73501239;107473868;9531704;0;1623881;36452094;0;26221018;73828697;181302565;
44895;900237819;2019-12-31;2019;MILES;11624;104460;260705;0;376789;10389851;0;0;1808;0;10391659;10768448;54272;705406;0;10293;21216;390233;1181420;0;0;742663;0;640456;1383119;2564539;1380000;3113000;11787;3699122;0;0;8203909;10768448;
44896;900237819;2019-12-31;2018;MILES;18480;433968;280196;0;732644;10512214;0;0;1808;0;10514022;11246666;0;41934;0;54022;50101;117785;263842;0;0;742663;0;1324201;2066864;2330706;1380000;3113000;11787;4411173;0;0;8915960;11246666;
44897;830140490;2019-12-31;2019;MILES;47749;2020497;424395;152268;2644909;2729810;0;0;4687310;0;7417120;10062029;0;232;0;5626;13217;404000;423075;2486682;0;0;0;0;2486682;2909757;75100;0;4297374;742654;0;2037144;7152272;10062029;
44898;830140490;2019-12-31;2018;MILES;80017;889926;1173868;152268;2296079;3677339;0;0;3835791;0;7513130;9809209;0;2519;0;4962;30851;200000;238332;2448821;0;0;0;0;2448821;2687153;50000;0;2862626;1592407;0;2617023;7122056;9809209;
44899;900361734;2019-12-31;2019;MILES;15012;108762;796686;0;920460;0;0;0;9078479;0;9078479;9998939;0;8966390;0;0;0;0;8966390;0;0;4003;0;106358;110361;9076751;3319;0;22936;895933;0;0;922188;9998939;
44900;900361734;2019-12-31;2018;MILES;15012;108762;796686;0;920460;0;0;0;9078479;0;9078479;9998939;0;8961177;0;0;0;0;8961177;0;0;4003;0;106358;110361;9071538;3319;0;22936;901146;0;0;927401;9998939;
44901;900433826;2019-12-31;2019;MILES;432247;4039083;0;0;4471330;0;0;0;0;0;0;4471330;153683;21985;0;10436;6748;0;192852;0;0;0;0;0;0;192852;1690000;0;192106;1061110;0;1335262;4278478;4471330;
44902;900433826;2019-12-31;2018;MILES;133146;4006883;0;0;4140029;0;0;0;0;0;0;4140029;6668;8400;0;11490;64971;0;91529;0;0;0;0;0;0;91529;1690000;0;192106;831132;0;1335262;4048500;4140029;
44903;900512522;2019-12-31;2019;MILES;1901;1861629;8059;0;1871589;11386;0;0;3259105;0;3270491;5142080;0;0;454869;13417;1217;0;469503;4791581;0;58607;0;0;4850188;5319691;10000;0;2931;-190542;0;0;-177611;5142080;
44904;900512522;2019-12-31;2018;MILES;10167;2115398;8382;0;2133947;11386;0;0;3540620;0;3552006;5685953;0;0;1325406;42632;3212;0;1371250;4038800;0;57704;0;0;4096504;5467754;10000;0;2931;205268;0;0;218199;5685953;
44905;800170523;2019-12-31;2019;MILES;4607535;604968;25533851;8459823;39206177;47291830;0;13404266;11110144;0;71806240;111012417;2407455;2269462;0;310898;709462;0;5697277;0;6082573;10333319;0;1104345;17520237;23217514;9300000;0;7615804;58793414;0;12085685;87794903;111012417;
44906;800170523;2019-12-31;2018;MILES;8263918;437362;24050307;7727286;40478873;48299077;0;13404266;9064180;0;70767523;111246396;5443892;2545482;0;274188;148591;0;8412153;0;7518698;10226952;0;178657;17924307;26336460;9300000;0;5391252;55331339;0;14887345;84909936;111246396;
44907;830100134;2019-12-31;2019;MILES;226744;1433555;1741490;0;3401789;473563;0;296141234;111724174;0;408338971;411740760;0;8225628;0;133087;466327;0;8825042;70203340;30106;15094713;0;3349744;88677903;97502945;18971000;103643894;2616963;189005958;0;0;314237815;411740760;
44908;830100134;2019-12-31;2018;MILES;990898;8539;1180389;0;2179826;696172;0;276507536;109529067;0;386732775;388912601;0;5035418;0;144980;457823;0;5638221;52305892;194138;14730928;0;16648438;83879396;89517617;18471000;94143894;2412903;184367187;0;0;299394984;388912601;
44909;890116722;2019-12-31;2019;MILES;49594;3151291;15932910;0;19133795;1878989;0;0;61786;0;1940775;21074570;7506;1838549;0;164884;2007577;0;4018516;0;3521103;612321;0;0;4133424;8151940;100000;1082363;50000;11690267;0;0;12922630;21074570;
44910;890116722;2019-12-31;2018;MILES;1457503;5891510;11046246;0;18395259;2346005;0;0;57736;0;2403741;20799000;1173227;1936782;0;109079;780295;0;3999383;208333;3179142;550902;0;34000;3972377;7971760;100000;1082363;50000;11594877;0;0;12827240;20799000;
44911;800231457;2019-12-31;2019;MILES;118144;34075;811145;200000;1163364;220857;0;3587231;954943;0;4763031;5926395;0;54000;0;0;75994;4358;134352;0;896255;0;0;2929985;3826240;3960592;1000000;0;5348;960455;0;0;1965803;5926395;
44912;800231457;2019-12-31;2018;MILES;91058;18888;238201;200000;548147;444933;0;3413600;838469;0;4697002;5245149;0;37000;0;0;73825;4180;115005;0;712956;0;0;2514660;3227616;3342621;1000000;0;5348;897180;0;0;1902528;5245149;
44913;890917535;2019-12-31;2019;MILES;1029507;47810;5588707;0;6666024;741449;0;0;3521952;0;4263401;10929425;0;1323920;0;20915;32355;0;1377190;0;0;0;0;0;0;1377190;202496;0;46022;9303717;0;0;9552235;10929425;
44914;890917535;2019-12-31;2018;MILES;1326114;33112;5372959;0;6732185;749322;0;0;3511176;0;4260498;10992683;0;1323684;0;21394;78285;0;1423363;0;0;0;0;0;0;1423363;202496;0;46022;9320802;0;0;9569320;10992683;
44915;800027222;2019-12-31;2019;MILES;1120519;337235;10370160;3137742;14965656;7255325;28505;0;9145176;28505;16457511;31423167;6792144;2623433;0;283900;253897;0;9953374;6337166;0;369742;0;1379872;8086780;18040154;900000;0;450000;12033013;0;0;13383013;31423167;
44916;800027222;2019-12-31;2018;MILES;1028871;257026;9932173;2345310;13563380;7333366;24861;0;6273078;24861;13656166;27219546;315435;2498706;0;402051;413439;0;3629631;8015383;0;358970;0;2999759;11374112;15003743;900000;0;453984;10861819;0;0;12215803;27219546;
44917;817001920;2019-12-31;2019;MILES;27564;0;4365133;21441;4414138;1277476;0;878756;21576;0;2177808;6591946;1246850;926325;0;0;0;57352;2230527;0;949591;0;0;0;949591;3180118;854000;0;390891;2166937;0;0;3411828;6591946;
44918;817001920;2019-12-31;2018;MILES;188668;0;5265289;0;5453957;1211298;0;878756;4457;0;2094511;7548468;1621813;841289;0;0;0;86250;2549352;0;1448625;0;0;0;1448625;3997977;854000;0;181203;2515288;0;0;3550491;7548468;
44919;900211721;2019-12-31;2019;MILES;92585;1683492;2810205;4139129;8725411;805841;0;671728;5227653;0;6705222;15430633;0;1541482;0;91453;62869;0;1695804;3127377;0;25543;0;8739000;11891920;13587724;150000;0;75000;1617909;0;0;1842909;15430633;
44920;900211721;2019-12-31;2018;MILES;90961;153815;1299608;2065196;3609580;176164;0;191729;2078536;0;2446429;6056009;0;313498;0;102355;53793;0;469646;1758953;0;80080;0;3213344;5052377;5522023;150000;0;8701;375285;0;0;533986;6056009;
44921;802013223;2019-12-31;2019;MILES;25;971070;689321;0;1660416;139652;0;0;5321507;0;5461159;7121575;0;332473;0;0;56936;914788;1304197;0;0;0;0;4829498;4829498;6133695;3100;0;1500;983280;0;0;987880;7121575;
44922;802013223;2019-12-31;2018;MILES;10;1120015;689321;0;1809346;139652;0;0;6061526;0;6201178;8010524;0;332473;0;0;40756;1241653;1614882;0;0;0;0;5427102;5427102;7041984;3100;0;1500;963940;0;0;968540;8010524;
44923;900143123;2019-12-31;2019;MILES;330;107161;969948;0;1077439;2206439;0;0;714289;0;2920728;3998167;0;411906;0;289962;309742;0;1011610;684027;230893;74929;14526;0;1004375;2015985;500000;0;261554;1220628;0;0;1982182;3998167;
44924;900143123;2019-12-31;2018;MILES;31322;152036;1679019;124337;1986714;2396553;0;0;737215;0;3133768;5120482;0;357402;0;198620;174386;0;730408;797743;630852;162125;3680;0;1594400;2324808;500000;0;261554;2034120;0;0;2795674;5120482;
44925;830006821;2019-12-31;2019;MILES;18906229;39573291;20027309;0;78506829;26564210;0;1335360;46531023;0;74430593;152937422;1960228;6130875;0;713393;1416415;17442471;27663382;3310150;0;4763583;0;15942322;24016055;51679437;1800000;0;1635616;97195759;0;626610;101257985;152937422;
44926;830006821;2019-12-31;2018;MILES;17297724;26421828;13444725;0;57164277;23968935;0;1335360;54006029;0;79310324;136474601;407311;2841859;0;262218;1039322;6775735;11326445;431711;0;4592898;0;12096153;17120762;28447207;1800000;0;1635616;103965168;0;626610;108027394;136474601;
44927;800250820;2019-12-31;2019;MILES;84732;5050000;546489;851371;6532592;4075143;3621218;0;6318766;3621218;17636345;24168937;0;1518751;0;34081;256124;214699;2023655;5745887;8457074;0;3489360;167299;17859620;19883275;760000;3490000;0;35662;0;0;4285662;24168937;
44928;800250820;2019-12-31;2018;MILES;23638;5050364;338191;500893;5913086;4107644;4168591;0;6024601;4168591;18469427;24382513;0;2101994;0;97078;327817;0;2526889;5704124;11072030;0;0;0;16776154;19303043;760000;3490000;429682;399788;0;0;5079470;24382513;
44929;816004226;2019-12-31;2019;MILES;24401;113556;1065282;2568716;3771955;14408;0;0;6061;0;20469;3792424;585257;977840;0;73747;244606;0;1881450;0;0;0;0;0;0;1881450;200000;76434;100000;1522844;0;11696;1910974;3792424;
44930;816004226;2019-12-31;2018;MILES;44787;94616;972945;2037520;3149868;15347;0;0;40381;0;55728;3205596;280231;1007623;0;77614;176014;0;1541482;0;0;0;0;0;0;1541482;200000;76434;100000;1275984;0;11696;1664114;3205596;
44931;900100822;2019-12-31;2019;MILES;5077629;1362394;180000;11725419;18345442;149947;37657990;5531314;-28883989;37657990;52113252;70458694;9205272;641350;0;22360;1128849;14473729;25471560;0;31226720;143098;0;0;31369818;56841378;200000;0;100000;13317316;0;0;13617316;70458694;
44932;900100822;2019-12-31;2018;MILES;559227;1245259;1427238;11072099;14303823;190014;33056553;6233289;-23511571;33056553;49024838;63328661;10142492;405495;0;34626;355160;7577503;18515276;0;30847508;157634;0;0;31005142;49520418;200000;0;100000;13508243;0;0;13808243;63328661;
44933;900201421;2019-12-31;2019;MILES;550906;771175;4486783;0;5808864;14948693;0;0;1859130;0;16807823;22616687;1187548;137757;0;896;86366;0;1412567;0;0;299554;0;8629578;8929132;10341699;8866660;825997;476328;2106003;0;0;12274988;22616687;
44934;900201421;2019-12-31;2018;MILES;75636;726000;3215050;0;4016686;16830123;0;0;2498516;0;19328639;23345325;1823807;135262;0;0;375158;0;2334227;0;0;173559;0;7536561;7710120;10044347;8866660;825997;476328;3131993;0;0;13300978;23345325;
44935;890921618;2019-12-31;2019;MILES;404730;3334156;1307565;412634;5459085;15174896;0;0;19999234;0;35174130;40633215;872571;2841257;0;53294;6995;0;3774117;29061457;0;0;0;1049373;30110830;33884947;200000;0;100000;6448268;0;0;6748268;40633215;
44936;890921618;2019-12-31;2018;MILES;413234;3312135;1245456;396783;5367608;15439825;0;0;18133792;0;33573617;38941225;728419;557264;0;44937;99933;0;1430553;28816023;0;0;0;1096455;29912478;31343031;200000;0;100000;7298194;0;0;7598194;38941225;
44937;900189618;2019-12-31;2019;MILES;60871;551887;20923;0;633681;363410;0;4493905;23711994;0;28569309;29202990;436537;2251170;0;9935;72949;21279;2791870;0;0;229271;0;0;229271;3021141;92500;3410000;52828;22626521;0;0;26181849;29202990;
44938;900189618;2019-12-31;2018;MILES;86731;48487;2166731;0;2301949;374805;0;3762285;22931560;0;27068650;29370599;636537;3427157;7724;4347;87487;17000;4180252;0;0;164712;0;0;164712;4344964;92500;3410000;52828;21470307;0;0;25025635;29370599;
44939;860016728;2019-12-31;2019;MILES;1800332;86102;469359;0;2355793;252475;763678;35334820;28800492;763678;65915143;68270936;1828000;124244;0;43351;80455;15478;2091528;319833;619268;864609;0;0;1803710;3895238;4026209;0;4149016;56200473;0;0;64375698;68270936;
44940;860016728;2019-12-31;2018;MILES;1150488;38167;164783;0;1353438;269895;684578;35334820;27870917;684578;64844788;66198226;1601500;19525;0;14932;70702;11994;1718653;508333;226918;778500;0;0;1513751;3232404;4026209;0;4109455;54830158;0;0;62965822;66198226;
44941;890201949;2019-12-31;2019;MILES;2548650;3151950;6751610;0;12452210;478610;292083;0;712443;292083;1775219;14227429;1342862;3025425;0;919577;949401;1156015;7393280;0;1482943;79189;0;0;1562132;8955412;793213;0;1610916;2867888;0;0;5272017;14227429;
44942;890201949;2019-12-31;2018;MILES;664888;2464007;6883184;0;10012079;588194;295744;0;494191;295744;1673873;11685952;416532;3029267;0;222471;386208;906531;4961009;1069025;0;79189;0;0;1148214;6109223;793213;0;1610916;3172600;0;0;5576729;11685952;
44943;900339428;2019-12-31;2019;MILES;653816;0;9742733;0;10396549;1125524;0;0;7463219;0;8588743;18985292;0;4358936;0;212678;203558;197;4775369;0;0;0;0;0;0;4775369;500000;0;250000;13459923;0;0;14209923;18985292;
44944;900339428;2019-12-31;2018;MILES;895803;0;7791085;0;8686888;1265517;0;0;5320590;0;6586107;15272995;0;3532335;0;234713;113092;197;3880337;0;0;0;0;0;0;3880337;500000;0;250000;10642658;0;0;11392658;15272995;
44945;860070146;2019-12-31;2019;MILES;60709;0;1298958;0;1359667;1486113;3676550;826965;-1843581;3676550;7822597;9182264;50729;1450466;0;0;162085;620000;2283280;1016891;0;0;0;291008;1307899;3591179;1560000;0;483997;2103069;0;1444019;5591085;9182264;
44946;860070146;2019-12-31;2018;MILES;20980;0;3014735;0;3035715;1530934;3319641;850672;-2036672;3319641;6984216;10019931;37757;2421118;0;0;293298;0;2752173;0;1273021;0;0;453468;1726489;4478662;1560000;0;479489;2057761;0;1444019;5541269;10019931;
44947;900103033;2019-04-30;2019;MILES;435291;0;267794;0;703085;49443;0;581989;4444886;0;5076318;5779403;0;28888;1446;0;0;0;30334;0;789100;239322;0;0;1028422;1058756;900000;0;96548;3323643;0;400456;4720647;5779403;
44948;900103033;2019-04-30;2018;MILES;400976;0;309181;0;710157;52457;0;581989;4444886;0;5079332;5789489;0;20189;0;0;6258;0;26447;0;789100;239322;0;0;1028422;1054869;900000;0;96548;3337616;0;400456;4734620;5789489;
44949;900103033;2019-10-31;2019;MILES;472799;0;213167;0;685966;44923;0;581989;4444886;0;5071798;5757764;0;30004;3613;0;0;0;33617;0;789100;239322;0;0;1028422;1062039;900000;0;96548;3298721;0;400456;4695725;5757764;
44950;900103033;2019-10-31;2018;MILES;435291;0;267794;0;703085;49443;0;581989;4444886;0;5076318;5779403;0;28888;1444;0;0;0;30332;0;789100;239322;0;0;1028422;1058754;900000;0;96548;3323645;0;400456;4720649;5779403;
44951;900103033;2019-12-31;2019;MILES;509231;0;174432;0;683663;43416;0;581989;4722884;0;5348289;6031952;0;30203;0;0;0;0;30203;0;789100;267122;0;0;1056222;1086425;900000;0;96548;3548523;0;400456;4945527;6031952;
44952;900103033;2019-12-31;2018;MILES;472799;0;213167;0;685966;44923;0;581989;4444886;0;5071798;5757764;0;30004;3613;0;0;0;33617;0;789100;239322;0;0;1028422;1062039;900000;0;96548;3298721;0;400456;4695725;5757764;
44953;802003326;2019-12-31;2019;MILES;593;2356620;0;3023432;5380645;0;0;0;1455040;0;1455040;6835685;2781736;15655;0;1927;33865;1986657;4819840;0;0;0;0;0;0;4819840;50000;0;25000;1940845;0;0;2015845;6835685;
44954;802003326;2019-12-31;2018;MILES;856;3017763;2348;2855899;5876866;0;0;0;1455040;0;1455040;7331906;2873564;17121;0;4730;33092;1958868;4887375;0;0;0;0;0;0;4887375;50000;0;25000;2369531;0;0;2444531;7331906;
44955;844001720;2019-12-31;2019;MILES;867886;0;2323094;0;3190980;589294;0;0;1000000;0;1589294;4780274;0;98061;0;0;0;0;98061;0;0;0;539159;870064;1409223;1507284;500000;0;221574;1551416;0;1000000;3272990;4780274;
44956;844001720;2019-12-31;2018;MILES;293053;0;1798729;0;2091782;589294;0;0;1000000;0;1589294;3681076;0;48576;0;0;0;0;48576;0;0;0;160906;538682;699588;748164;500000;0;167851;1265061;0;1000000;2932912;3681076;
44957;900873929;2019-12-31;2019;MILES;1643;181483;567243;2647347;3397716;0;0;0;0;0;0;3397716;0;192392;0;15236;1887;0;209515;0;0;0;0;2613525;2613525;2823040;100000;0;0;474676;0;0;574676;3397716;
44958;900873929;2019-12-31;2018;MILES;1588637;41686;214707;2686710;4531740;0;0;0;260831;0;260831;4792571;0;427633;0;51386;20377;0;499396;0;0;0;0;4107338;4107338;4606734;100000;0;0;85837;0;0;185837;4792571;
44959;900607320;2019-12-31;2019;MILES;5971050;1910611;529803;28664;8440128;9634585;0;0;2200000;0;11834585;20274713;1274897;237305;0;73837;312915;0;1898954;12110201;0;68270;0;960000;13138471;15037425;1100000;0;1000092;3137196;0;0;5237288;20274713;
44960;900607320;2019-12-31;2018;MILES;5953732;237012;1585550;13272;7789566;10196082;0;0;0;0;10196082;17985648;1602358;734340;0;60306;81890;0;2478894;5444441;0;68270;0;5200000;10712711;13191605;1100000;0;963801;2730242;0;0;4794043;17985648;
44961;900211734;2019-12-31;2019;MILES;1283909;0;7637533;0;8921442;510902;9060133;0;63619745;9060133;82250913;91172355;11284792;1270172;0;83673;1375905;580098;14594640;11284794;0;0;0;0;11284794;25879434;134992;11003916;1326927;43270014;0;9557072;65292921;91172355;
44962;900211734;2019-12-31;2018;MILES;850874;0;16010504;0;16861378;588702;9060133;0;76064889;9060133;94773857;111635235;6774217;1295145;0;93968;1276931;1189483;10629744;22569584;14447000;0;0;0;37016584;47646328;132202;8523026;961767;44814840;0;9557072;63988907;111635235;
44963;900369030;2019-12-31;2019;MILES;591557;10245106;19884038;909313;31630014;117512;0;0;23860;0;141372;31771386;0;26145848;812813;79276;314549;1878168;29230654;0;0;0;0;0;0;29230654;1886188;2571120;0;-1916576;0;0;2540732;31771386;
44964;900369030;2019-12-31;2018;MILES;718501;8750245;19496474;421720;29386940;192343;0;0;176671;0;369014;29755954;0;28577873;22941;0;446477;1529962;30577253;0;0;0;0;0;0;30577253;1836756;1019315;0;-3677370;0;0;-821299;29755954;
44965;890303126;2019-12-31;2019;MILES;213867;3575931;692867;0;4482665;1084831;0;0;2034902;0;3119733;7602398;1796609;496972;0;119574;61538;0;2474693;224035;0;39530;0;822555;1086120;3560813;160000;0;80000;3801585;0;0;4041585;7602398;
44966;890303126;2019-12-31;2018;MILES;272479;3411260;1117356;0;4801095;1625306;0;0;1216295;0;2841601;7642696;651216;171128;0;113690;141669;1303750;2381453;512930;0;152242;0;251219;916391;3297844;160000;0;80000;4104852;0;0;4344852;7642696;
44967;816004924;2019-12-31;2019;MILES;138046;7257;138783;0;284086;7403978;0;0;10045060;0;17449038;17733124;321966;97221;0;0;62126;0;481313;0;624836;32934;0;2351805;3009575;3490888;1305030;0;2606576;9630630;0;700000;14242236;17733124;
44968;816004924;2019-12-31;2018;MILES;154465;10747;118590;0;283802;7470359;0;0;10045061;0;17515420;17799222;420519;249300;0;0;77475;0;747294;0;558325;34992;0;2629109;3222426;3969720;1305030;0;2606576;9217896;0;700000;13829502;17799222;
44969;811000056;2019-12-31;2019;MILES;6261313;464111;29967789;70124082;106817295;4431867;0;0;5526918;0;9958785;116776080;5686759;65622130;0;0;0;0;71308889;31743265;0;506824;0;0;32250089;103558978;4173630;40000;7030219;1973253;0;0;13217102;116776080;
44970;811000056;2019-12-31;2018;MILES;5561028;1126720;29732739;56423204;92843691;5374803;0;0;5499652;0;10874455;103718146;4306649;50732528;0;0;25871;0;55065048;33751921;0;959063;0;0;34710984;89776032;3500000;40000;6280333;3371895;0;749886;13942114;103718146;
44971;800051229;2019-12-31;2019;MILES;2130868;0;825863;341016;3297747;2852624;0;4325258;2602624;0;9780506;13078253;0;150858;0;101094;63634;0;315586;0;134200;1496249;0;0;1630449;1946035;1245000;0;1182508;7719739;0;984971;11132218;13078253;
44972;800051229;2019-12-31;2018;MILES;2026441;164945;959922;423597;3574905;2897440;0;4325258;2486007;0;9708705;13283610;0;188047;0;88003;274145;0;550195;0;113605;1835430;0;0;1949035;2499230;1245000;0;935700;7550800;0;1052880;10784380;13283610;
44973;811033259;2019-12-31;2019;MILES;3080119;735957;14593603;0;18409679;1282018;0;0;15569609;0;16851627;35261306;7970980;8693641;0;1278530;170001;0;18113152;0;0;296603;0;8455294;8751897;26865049;1000000;0;444326;6917708;0;34223;8396257;35261306;
44974;811033259;2019-12-31;2018;MILES;1369872;11133385;6466490;0;18969747;1278701;0;0;13241183;0;14519884;33489631;9027426;4890430;0;1259913;37372;0;15215141;0;0;521108;0;9305673;9826781;25041922;1000000;0;358860;7058021;0;30828;8447709;33489631;
44975;805013126;2019-12-31;2019;MILES;212268;3216910;1012123;675000;5116301;8478070;787668;0;760263;787668;10813669;15929970;1100733;771310;0;3070;118752;123719;2117584;0;0;176809;0;0;176809;2294393;2240487;3285852;6028142;5287796;0;-3206700;13635577;15929970;
44976;805013126;2019-12-31;2018;MILES;86239;4693018;2240824;675000;7695081;5614233;1316250;331839;-78483;1316250;8500089;16195170;1220033;91124;0;2889;75108;482296;1871450;0;0;181108;0;0;181108;2052558;2240487;3285852;6028142;5794831;0;-3206700;14142612;16195170;
44977;830067633;2019-12-31;2019;MILES;107901;1030758;15460960;741685;17341304;6189766;0;0;18080752;0;24270518;41611822;1651070;6330181;529885;438228;670589;0;9619953;3729943;6143162;80920;0;2643623;12597648;22217601;15000000;0;265797;3875548;0;252876;19394221;41611822;
44978;830067633;2019-12-31;2018;MILES;69036;633456;8986739;1003973;10693204;4729013;0;0;13233092;0;17962105;28655309;2078649;1271406;310746;402576;315201;0;4378578;1035107;0;23317;0;6304603;7363027;11741605;14084056;0;186167;2643481;0;0;16913704;28655309;
44979;890917549;2019-12-31;2019;MILES;87631;182228;10327938;0;10597797;33506;0;0;4057432;0;4090938;14688735;0;994742;0;0;71643;0;1066385;0;0;0;0;0;0;1066385;100000;8105000;19761;5397589;0;0;13622350;14688735;
44980;890917549;2019-12-31;2018;MILES;110853;152638;10885883;0;11149374;36884;0;0;4059125;0;4096009;15245383;0;809454;0;0;162583;0;972037;0;0;0;0;0;0;972037;100000;8105000;19761;6048585;0;0;14273346;15245383;
44981;805001031;2019-12-31;2019;MILES;48006;0;3668056;10919205;14635267;6560720;0;0;23686570;0;30247290;44882557;1026087;4941170;0;214946;138374;135382;6455959;0;0;3480678;0;0;3480678;9936637;3000000;0;484888;31461032;0;0;34945920;44882557;
44982;805001031;2019-12-31;2018;MILES;3441893;0;6903267;316499;10661659;6708266;0;0;20947314;0;27655580;38317239;211544;1224276;0;114345;453437;495795;2499397;0;0;2190554;0;0;2190554;4689951;706050;0;353025;32568213;0;0;33627288;38317239;
44983;900050848;2019-12-31;2019;MILES;314515;432129;16396780;0;17143424;17356;0;0;1235598;0;1252954;18396378;0;8259575;0;0;332930;0;8592505;0;0;0;0;0;0;8592505;48880;3534120;24440;6196433;0;0;9803873;18396378;
44984;900050848;2019-12-31;2018;MILES;291939;376025;16381588;0;17049552;45038;0;0;1233660;0;1278698;18328250;0;8298146;0;0;529715;0;8827861;0;0;0;0;0;0;8827861;48880;3534120;24440;5892949;0;0;9500389;18328250;
44985;800188129;2019-12-31;2019;MILES;1550064;18617064;1061190;34027;21262345;13750217;0;0;1350956;0;15101173;36363518;2306;368638;0;84254;436643;0;891841;0;0;1864376;0;2611413;4475789;5367630;1012000;0;506000;26120899;0;3356989;30995888;36363518;
44986;800188129;2019-12-31;2018;MILES;1428369;29000551;0;0;30428920;3482610;0;2447845;1049224;0;6979679;37408599;699645;294398;0;69021;671791;4727587;6462442;0;0;202070;0;3646451;3848521;10310963;1012000;0;506000;25579636;0;0;27097636;37408599;
44987;830047497;2019-12-31;2019;MILES;3904421;0;93057730;0;96962151;1153968;28528602;250709;9172562;28528602;67634443;164596594;0;59777;0;84563;669270;553529;1367139;104545966;1849274;2076;0;18379;106415695;107782834;24106079;0;5070861;27636820;0;0;56813760;164596594;
44988;830047497;2019-12-31;2018;MILES;1957779;296326;80790889;0;83044994;6219324;23878686;818194;17420994;23878686;72215884;155260878;0;152338;0;58069;1485347;3571904;5267658;96760794;7992015;6987;0;31528;104791324;110058982;19385962;0;3922067;21893867;0;0;45201896;155260878;
44989;830024484;2019-12-31;2019;MILES;105195;76247;1455010;0;1636452;4783915;0;0;7141332;0;11925247;13561699;322192;41651;0;0;62095;5239;431177;1539537;0;805931;0;0;2345468;2776645;200000;0;106603;10478451;0;0;10785054;13561699;
44990;830024484;2019-12-31;2018;MILES;307058;71721;1130406;0;1509185;4864666;0;0;6378067;0;11242733;12751918;2299;10613;0;0;103088;40;116040;1950450;0;810665;0;0;2761115;2877155;200000;0;106603;9568160;0;0;9874763;12751918;
44991;900669827;2019-12-31;2019;MILES;198135;0;318011;1055826;1571972;1814015;0;0;3566734;0;5380749;6952721;281034;242511;0;54171;7669;502426;1087811;807198;0;716130;0;1381673;2905001;3992812;570000;0;38595;2351314;0;0;2959909;6952721;
44992;900669827;2019-12-31;2018;MILES;88516;0;348247;1554856;1991619;2208530;0;0;436405;0;2644935;4636554;365928;222367;0;37226;5910;437388;1068819;1077728;0;150905;0;1244308;2472941;3541760;570000;0;38595;486199;0;0;1094794;4636554;
44993;900126535;2019-12-31;2019;MILES;168268;30547;0;0;198815;57000;5574868;0;12013319;5574868;23220055;23418870;483652;1927;0;0;0;0;485579;1042270;6219960;0;0;0;7262230;7747809;20295;0;32056;14235165;0;1383545;15671061;23418870;
44994;900126535;2019-12-31;2018;MILES;96085;29461;0;0;125546;68400;4957380;0;12765868;4957380;22749028;22874574;39732;8894;0;13007;0;0;61633;1000428;6192361;0;0;0;7192789;7254422;20295;0;32056;14184256;0;1383545;15620152;22874574;
44995;830137725;2019-12-31;2019;MILES;123994;1877144;1388695;605984;3995817;5889497;0;0;327715;0;6217212;10213029;0;4434488;20874;49802;9560;554297;5069021;0;1850757;0;0;0;1850757;6919778;1970000;0;730104;593147;0;0;3293251;10213029;
44996;830137725;2019-12-31;2018;MILES;48459;1257622;700924;0;2007005;2115101;0;0;6121730;0;8236831;10243836;0;37457;10440;16675;25445;140583;230600;0;2467871;0;0;0;2467871;2698471;1970000;0;398321;4852112;0;324932;7545365;10243836;
44997;830008523;2019-12-31;2019;MILES;21459;0;7914365;0;7935824;29703;0;0;72544876;0;72574579;80510403;0;3464508;0;64567;279036;0;3808111;0;0;0;0;0;0;3808111;11632870;0;29659321;17994336;0;17415765;76702292;80510403;
44998;830008523;2019-12-31;2018;MILES;7842;0;9412468;0;9420310;24558;0;0;74930825;0;74955383;84375693;0;1219486;0;51747;238089;0;1509322;0;0;8414;0;0;8414;1517736;11616870;0;23956594;29868728;0;17415765;82857957;84375693;
44999;900636346;2019-12-31;2019;MILES;57882;0;11409674;2924;11470480;0;0;0;0;0;0;11470480;0;16682941;0;0;0;0;16682941;0;0;0;607978;1605210;2213188;18896129;9000;0;4500;-7439799;0;650;-7425649;11470480;
45000;900636346;2019-12-31;2018;MILES;58821;0;10979872;1984;11040677;0;0;0;0;0;0;11040677;0;16662703;0;0;0;0;16662703;0;0;0;454381;1511130;1965511;18628214;9000;0;4500;-7601687;0;650;-7587537;11040677;
45001;891902949;2019-12-31;2019;MILES;1222786;6084;715859;348109;2292838;1314118;581022;0;13049186;581022;15525348;17818186;0;107199;0;70916;88660;0;266775;0;178644;96461;0;0;275105;541880;8419000;0;1865930;6977288;0;14088;17276306;17818186;
45002;891902949;2019-12-31;2018;MILES;356592;7857;551923;658650;1575022;1910460;16437;0;13027937;16437;14971271;16546293;0;77283;0;49845;59994;0;187122;0;0;174629;0;0;174629;361751;8419000;0;1666755;6084699;0;14088;16184542;16546293;
45003;830041027;2019-12-31;2019;MILES;932719;4630;7305111;0;8242460;834417;0;0;1219406;0;2053823;10296283;972697;710815;0;12738;0;0;1696250;1932526;0;0;0;548000;2480526;4176776;400000;0;1670773;4048734;0;0;6119507;10296283;
45004;830041027;2019-12-31;2018;MILES;263450;5891;6456974;0;6726315;865900;0;0;1219517;0;2085417;8811732;727096;556252;0;7407;73035;0;1363790;1358427;0;0;0;621000;1979427;3343217;400000;0;1670773;3397742;0;0;5468515;8811732;
45005;900069128;2019-12-31;2019;MILES;515549;154326;156940;115394;942209;4718635;0;2065587;887670;0;7671892;8614101;0;200593;0;69676;10147;0;280416;0;0;602678;0;18513;621191;901607;846000;0;423000;6259494;0;184000;7712494;8614101;
45006;900069128;2019-12-31;2018;MILES;404936;120516;101613;118170;745235;4827384;0;2364597;691962;0;7883943;8629178;0;211789;0;47678;5297;0;264764;0;0;121853;0;1015;122868;387632;846000;0;302366;6909180;0;184000;8241546;8629178;
45007;804001735;2019-12-31;2019;MILES;747967;115206;8788275;0;9651448;897564;1399166;5519155;-1202834;1399166;8012217;17663665;642163;1143075;0;176442;482150;298553;2742383;1696550;784465;0;0;0;2481015;5223398;438785;0;219393;11782089;0;0;12440267;17663665;
45008;804001735;2019-12-31;2018;MILES;1592890;161430;8512610;0;10266930;944323;2720107;4301155;-2460998;2720107;8224694;18491624;2211471;275414;0;204951;425302;65208;3182346;1230886;2882678;0;0;0;4113564;7295910;438785;0;219393;10537536;0;0;11195714;18491624;
45009;830138043;2019-12-31;2019;MILES;1586660;2237577;1317097;0;5141334;17292;0;0;13068181;0;13085473;18226807;0;112975;0;72024;25189;10701576;10911764;6921677;0;0;0;0;6921677;17833441;208000;147217;104000;-65851;0;0;393366;18226807;
45010;830138043;2019-12-31;2018;MILES;2635228;1119606;0;0;3754834;22280;0;0;3358398;0;3380678;7135512;0;31108;0;64010;12098;6613882;6721098;0;0;0;0;0;0;6721098;208000;147217;104000;-44803;0;0;414414;7135512;
45011;900237045;2019-12-31;2019;MILES;252655;0;332520;0;585175;0;0;0;8750514;0;8750514;9335689;0;6789;0;0;5258;0;12047;0;1953546;0;0;0;1953546;1965593;100000;0;50000;6452123;0;767973;7370096;9335689;
45012;900237045;2019-12-31;2018;MILES;296136;0;596468;0;892604;0;0;0;8726267;0;8726267;9618871;63127;6420;0;0;3113;0;72660;0;162919;0;0;0;162919;235579;100000;0;50000;8465319;0;767973;9383292;9618871;
45013;900779029;2019-12-31;2019;MILES;364;2130;604;0;3098;0;0;0;23644002;0;23644002;23647100;0;0;0;0;0;0;0;0;0;0;0;1866927;1866927;1866927;5000;0;12638988;9136185;0;0;21780173;23647100;
45014;900779029;2019-12-31;2018;MILES;364;2201;0;0;2565;0;0;0;21692678;0;21692678;21695243;0;0;0;0;8219;0;8219;0;0;0;0;1912023;1912023;1920242;5000;0;12658737;7111264;0;0;19775001;21695243;
45015;900726460;2019-12-31;2019;MILES;620169;77488;1558267;3564538;5820462;3684742;0;0;0;0;3684742;9505204;1027718;1222273;0;28076;3312;3491185;5772564;0;3363169;0;0;0;3363169;9135733;1000000;0;0;-879430;0;248901;369471;9505204;
45016;900726460;2019-12-31;2018;MILES;1599131;75000;1933468;1235332;4842931;2840957;0;0;0;0;2840957;7683888;0;412197;0;13582;1810;3074295;3501884;0;3523169;0;0;0;3523169;7025053;1000000;0;0;-341165;0;0;658835;7683888;
45017;800103528;2019-12-31;2019;MILES;62578;525197;1868865;1125;2457765;2041718;0;0;1735324;0;3777042;6234807;0;808748;0;0;0;1559675;2368423;0;0;74054;0;1079785;1153839;3522262;47200;1208320;41501;1415524;0;0;2712545;6234807;
45018;800103528;2019-12-31;2018;MILES;128173;523476;1730296;1125;2383070;2092732;0;0;1740406;0;3833138;6216208;0;809515;0;0;15883;1626526;2451924;0;0;93203;0;1080785;1173988;3625912;47200;1208320;27744;1307032;0;0;2590296;6216208;
45019;860068429;2019-12-31;2019;MILES;4069695;8084923;13519475;0;25674093;19871863;0;2407168;201109956;0;223388987;249063080;17095520;1521775;0;199150;37353;14040;18867838;0;0;6308127;0;0;6308127;25175965;2997792;5336379;935812;214617132;0;0;223887115;249063080;
45020;860068429;2019-12-31;2018;MILES;161432;166;24793961;0;24955559;16458952;0;2633210;186588976;0;205681138;230636697;32864723;656710;0;0;249850;0;33771283;0;0;6405671;0;0;6405671;40176954;2979978;110894025;935812;75649928;0;0;190459743;230636697;
45021;830081427;2019-12-31;2019;MILES;761612;3416781;3672616;2530294;10381303;14512366;423023;0;1767192;423023;17125604;27506907;4523494;5484558;0;0;1371913;1087574;12467539;0;621056;526240;0;10660659;11807955;24275494;130020;0;580231;1622060;0;899102;3231413;27506907;
45022;830081427;2019-12-31;2018;MILES;2330565;2472444;1996572;2412001;9211582;15055790;0;0;2056030;0;17111820;26323402;5367492;4747234;0;0;1378119;12851882;24344727;0;0;0;0;0;0;24344727;130020;0;544836;517217;0;786602;1978675;26323402;
45023;860029126;2019-12-31;2019;MILES;520718;0;15883221;6414994;22818933;22944536;1159746;18443526;1458132;1159746;45165686;67984619;10582298;4778470;0;1281612;373413;0;17015793;9123313;0;3533657;0;12803962;25460932;42476725;2104596;0;1053931;22234549;0;114818;25507894;67984619;
45024;860029126;2019-12-31;2018;MILES;847008;20720;13384832;6298632;20551192;23237621;0;13000000;2661296;0;38898917;59450109;9771900;5281047;0;1130338;570896;0;16754181;6420065;0;3077457;0;14315266;23812788;40566969;2104596;0;1053931;15609795;0;114818;18883140;59450109;
45025;900085546;2019-12-31;2019;MILES;1786741;141751;21122469;23164101;46215062;2625737;24689473;0;13396762;24689473;65401445;111616507;6557572;5543251;0;743615;100361;10595181;23539980;20700856;5996902;165090;0;4527817;31390665;54930645;17060000;20837500;1576100;8074183;0;9138079;56685862;111616507;
45026;900085546;2019-12-31;2018;MILES;3167029;2662368;40687635;27844362;74361394;2284175;27812822;4503215;-24261000;27812822;38152034;112513428;30938610;7191477;0;585825;6868;5376657;44099437;2341;11052222;3130253;0;11413186;25598002;69697439;17060000;20837500;1507973;3410516;0;0;42815989;112513428;
45027;860510841;2019-12-31;2019;MILES;1089908;10971816;4326025;0;16387749;12876078;11679209;18974497;18614096;11679209;73823089;90210838;0;224501;0;36705;161849;1144;424199;0;4781725;2771304;0;0;7553029;7977228;1771000;0;899658;79562952;0;0;82233610;90210838;
45028;860510841;2019-12-31;2018;MILES;2849384;10767696;1972337;0;15589417;12219334;12242016;18974497;18010753;12242016;73688616;89278033;0;56872;0;34069;350485;38;441464;0;5210137;2753190;0;0;7963327;8404791;1771000;0;899658;78202584;0;0;80873242;89278033;
45029;900048727;2019-12-31;2019;MILES;275645;62003;282800;0;620448;4391033;2517176;3889490;-1314870;2517176;12000005;12620453;700000;3040107;0;0;43072;26602;3809781;0;0;0;0;0;0;3809781;7559000;1109198;45945;6532;0;89997;8810672;12620453;
45030;900048727;2019-12-31;2018;MILES;775056;35747;855438;0;1666241;4320317;1644111;2510655;-1569305;1644111;8549889;10216130;0;1188800;0;0;81861;23724;1294385;0;0;0;0;0;0;1294385;7559000;1109198;45945;52481;0;155121;8921745;10216130;
45031;800010028;2019-12-31;2019;MILES;2966939;485799;3047846;2239185;8739769;118671;1954038;0;212311;1954038;4239058;12978827;53381;798016;0;168161;360581;3476259;4856398;0;1352944;118826;0;0;1471770;6328168;3624000;0;239306;2787353;0;0;6650659;12978827;
45032;800010028;2019-12-31;2018;MILES;2555758;413963;3600914;740628;7311263;133891;2734543;0;-568900;2734543;5034077;12345340;0;795026;0;145767;561750;2669164;4171707;0;1508532;486446;0;0;1994978;6166685;3624000;0;232454;2322201;0;0;6178655;12345340;
45033;890403235;2019-12-31;2019;MILES;4157668;2348416;42108726;22900;48637710;830009;0;617883;357000;0;1804892;50442602;0;6178721;0;422822;2975641;2770121;12347305;3165777;10061350;0;0;0;13227127;25574432;1450000;10415832;986563;10384862;0;1630913;24868170;50442602;
45034;890403235;2019-12-31;2018;MILES;1287520;1165462;31814436;1456073;35723491;958568;0;396885;357000;0;1712453;37435944;0;4334660;0;320346;941758;1603027;7199791;200000;10900083;0;0;0;11100083;18299874;1450000;10415832;986563;4652762;0;1630913;19136070;37435944;
45035;900522125;2019-12-31;2019;MILES;1553218;2083572;7289882;0;10926672;250069;6919269;603087;-6919269;6919269;7772425;18699097;289567;2775596;0;105836;2074338;2692445;7937782;747222;3239088;33669;0;2879645;6899624;14837406;700000;0;162011;2999680;0;0;3861691;18699097;
45036;900522125;2019-12-31;2018;MILES;548897;1264413;7155054;100000;9068364;303074;3715289;1360406;-3715289;3715289;5378769;14447133;484094;1932177;0;106580;509298;1189126;4221275;1129552;2898266;66911;0;2978558;7073287;11294562;700000;0;162011;2290560;0;0;3152571;14447133;
45037;900192726;2019-12-31;2019;MILES;1831054;86380;5430227;387700;7735361;2066598;0;0;322330;0;2388928;10124289;0;728482;0;0;37025;159163;924670;391783;1307038;111615;0;1326674;3137110;4061780;4322200;0;0;1740309;0;0;6062509;10124289;
45038;900192726;2019-12-31;2018;MILES;104725;5351;3480849;1550800;5141725;2180246;0;0;1475974;0;3656220;8797945;0;259117;0;0;20610;95401;375128;363935;163819;91751;0;1323137;1942642;2317770;4322200;0;0;2157975;0;0;6480175;8797945;
45039;830099228;2019-12-31;2019;MILES;45617;0;9661089;0;9706706;1857281;0;3718350;49830516;0;55406147;65112853;1010299;6857728;0;14952;536910;186400;8606289;0;0;2379604;0;0;2379604;10985893;1000000;0;6651890;46475070;0;0;54126960;65112853;
45040;830099228;2019-12-31;2018;MILES;215945;0;10810979;0;11026924;1967076;0;3718350;38387131;0;44072557;55099481;1716768;6747981;0;41040;1182757;335321;10023867;0;0;586216;0;0;586216;10610083;1000000;0;11328438;32160960;0;0;44489398;55099481;
45041;811043926;2019-12-31;2019;MILES;45835;14688;35040;0;95563;0;771119;0;10909849;771119;12452087;12547650;346694;163787;0;0;45065;0;555546;330000;0;0;0;0;330000;885546;2900000;0;2770313;4311582;0;1680209;11662104;12547650;
45042;811043926;2019-12-31;2018;MILES;52057;188262;444563;0;684882;0;771119;0;9252037;771119;10794275;11479157;1509658;354741;0;0;306653;0;2171052;330000;0;0;0;0;330000;2501052;2900000;0;2770313;1627583;0;1680209;8978105;11479157;
45043;830102129;2019-12-31;2019;MILES;147846;13720;45057;51924;258547;1124676;2800387;0;-2739351;2800387;3986099;4244646;0;144516;0;51150;0;10400;206066;0;1934807;0;0;889293;2824100;3030166;600000;0;59387;555093;0;0;1214480;4244646;
45044;830102129;2019-12-31;2018;MILES;90313;53631;60215;493905;698064;1172192;2653610;0;-2607804;2653610;3871608;4569672;12387;169560;0;54002;0;3515;239464;0;2451868;0;0;671312;3123180;3362644;600000;0;56345;550683;0;0;1207028;4569672;
45045;901026035;2019-12-31;2019;MILES;6587;10872;41760;0;59219;0;0;0;47527057;0;47527057;47586276;0;21089;0;0;10359;0;31448;0;153076;0;0;2692800;2845876;2877324;150000;0;350675;44187403;0;20874;44708952;47586276;
45046;901026035;2019-12-31;2018;MILES;8821;9327;76950;0;95098;0;0;0;47485816;0;47485816;47580914;0;221023;0;0;13833;0;234856;0;0;0;0;2692800;2692800;2927656;150000;0;350675;44145649;0;6934;44653258;47580914;
45047;800042928;2019-12-31;2019;MILES;510343;645718;4089765;0;5245826;2531276;0;4287930;2476051;0;9295257;14541083;1257277;5989301;0;0;0;463119;7709697;1984262;0;625065;0;0;2609327;10319024;650000;0;344432;3227627;0;0;4222059;14541083;
45048;800042928;2019-12-31;2018;MILES;703714;486425;4099944;0;5290083;2641142;0;4287930;2759249;0;9688321;14978404;1375110;5742825;0;0;0;481703;7599638;2738455;0;750767;0;0;3489222;11088860;650000;0;344432;2895112;0;0;3889544;14978404;
45049;890900223;2019-12-31;2019;MILES;1839275;303984;32137443;38001142;72281844;57380852;0;6523780;6007275;0;69911907;142193751;21403722;23695516;0;0;0;0;45099238;29491403;3670908;0;0;0;33162311;78261549;916364;16832412;13925723;32257703;0;0;63932202;142193751;
45050;890900223;2019-12-31;2018;MILES;3095035;2436335;28833597;42346662;76711629;58066790;0;6523780;2523124;0;67113694;143825323;23371868;35414734;0;0;0;0;58786602;22135868;4127884;0;0;0;26263752;85050354;745000;16832412;13390972;27806585;0;0;58774969;143825323;
45051;890210147;2019-12-31;2019;MILES;228361;16554;719695;0;964610;100380;0;8556079;232908;0;8889367;9853977;0;1132521;0;10612;3668;3000;1149801;0;0;302140;0;0;302140;1451941;475200;946000;198677;6781913;0;246;8402036;9853977;
45052;890210147;2019-12-31;2018;MILES;89842;0;3438637;0;3528479;517944;0;8637615;254868;0;9410427;12938906;0;392367;0;8663;58160;3000;462190;0;0;347997;0;0;347997;810187;475200;946000;198677;10198988;0;309854;12128719;12938906;
45053;800249435;2019-12-31;2019;MILES;1805266;91411;485902;0;2382579;4492238;0;0;347464;0;4839702;7222281;80601;367949;0;18535;134635;0;601720;0;0;0;0;0;0;601720;1100000;263210;750000;4507351;0;0;6620561;7222281;
45054;800249435;2019-12-31;2018;MILES;741181;80938;673345;0;1495464;4492238;0;0;1080633;0;5572871;7068335;218206;148405;0;17379;149459;0;533449;0;0;0;0;0;0;533449;1100000;263210;750000;4421676;0;0;6534886;7068335;
45055;900076328;2019-12-31;2019;MILES;294161;2451930;2414597;23875;5184563;7800301;0;0;0;0;7800301;12984864;0;451798;0;0;167253;0;619051;2480557;0;0;0;0;2480557;3099608;50000;0;25000;9810256;0;0;9885256;12984864;
45056;900076328;2019-12-31;2018;MILES;266;2533756;3846291;0;6380313;7369626;0;0;0;0;7369626;13749939;0;921618;0;0;135772;0;1057390;3011379;0;0;0;0;3011379;4068769;50000;0;25000;9188994;0;417176;9681170;13749939;
45057;900366826;2019-12-31;2019;MILES;8189315;137550;339807;0;8666672;0;0;0;92113301;0;92113301;100779973;0;841637;0;0;1497660;0;2339297;30688009;0;0;0;0;30688009;33027306;704094;69184523;379147;-2515097;0;0;67752667;100779973;
45058;900366826;2019-12-31;2018;MILES;22001838;0;190074;0;22191912;0;0;0;109431001;0;109431001;131622913;0;1352525;0;0;1465547;0;2818072;48928009;0;0;0;0;48928009;51746081;704094;69184523;324947;9663268;0;0;79876832;131622913;
45059;890904724;2019-12-31;2019;MILES;31609;437482;5461535;3611927;9542553;20166283;0;4568342;5708259;0;30442884;39985437;0;6944402;0;420340;867835;118798;8351375;11100480;0;0;0;0;11100480;19451855;2010000;0;385104;16348478;0;1790000;20533582;39985437;
45060;890904724;2019-12-31;2018;MILES;147751;453960;5214709;3170397;8986817;20533675;0;4800102;4915742;0;30249519;39236336;0;6083336;0;239051;732794;95727;7150908;11503343;0;0;0;0;11503343;18654251;2010000;1790000;385104;16396981;0;0;20582085;39236336;
45061;860071224;2019-12-31;2019;MILES;1857502;2696046;1960160;3920141;10433849;3727534;0;0;59229;0;3786763;14220612;0;673240;0;168315;980233;0;1821788;0;0;201880;0;0;201880;2023668;1500000;0;419759;10277185;0;0;12196944;14220612;
45062;860071224;2019-12-31;2018;MILES;2619288;2853611;1392659;3508413;10373971;3297332;0;0;5000;0;3302332;13676303;0;823684;0;140121;1029028;0;1992833;0;0;151739;0;0;151739;2144572;1500000;0;250000;9781731;0;0;11531731;13676303;
45063;900506930;2019-12-31;2019;MILES;6069;84161;536615;0;626845;1387529;0;0;368897;0;1756426;2383271;357644;198536;0;28915;104636;0;689731;0;0;40309;0;0;40309;730040;672000;0;21430;959801;0;0;1653231;2383271;
45064;900506930;2019-12-31;2018;MILES;305188;239904;100298;0;645390;1119483;0;0;325166;0;1444649;2090039;490000;621163;0;891;39800;0;1151854;0;0;44589;0;0;44589;1196443;50000;0;21430;822166;0;0;893596;2090039;
45065;830131226;2019-12-31;2019;MILES;1021452;5657257;7618374;936259;15233342;2091122;0;0;189622;0;2280744;17514086;0;11618853;0;45429;792855;0;12457137;0;0;0;0;110182;110182;12567319;300000;0;3577155;1069612;0;0;4946767;17514086;
45066;830131226;2019-12-31;2018;MILES;1739822;5254427;11149840;1204141;19348230;4885369;0;0;144482;0;5029851;24378081;5125000;9401241;0;61856;506031;0;15094128;0;0;0;0;192786;192786;15286914;300000;0;2945748;5845419;0;0;9091167;24378081;
45067;900031030;2019-12-31;2019;MILES;1486880;364739;3985164;5524599;11361382;1791301;0;0;2777927;0;4569228;15930610;547549;1342021;0;94281;223381;65067;2272299;8110472;0;0;0;0;8110472;10382771;981222;0;147183;4419434;0;0;5547839;15930610;
45068;900031030;2019-12-31;2018;MILES;2059663;355184;3142181;4092363;9649391;1675561;0;0;54834;0;1730395;11379786;2541705;822202;0;67240;491892;68343;3991382;2274255;0;0;0;0;2274255;6265637;981222;0;147183;3985744;0;0;5114149;11379786;
45069;800082726;2019-12-31;2019;MILES;1902845;142738597;5600714;0;150242156;1050375;326677;131559224;232657191;326677;365920144;516162300;3100100;14590938;0;0;0;0;17691038;100163855;8290918;19107129;0;0;127561902;145252940;13095680;24330072;153854625;179628983;0;0;370909360;516162300;
45070;800082726;2019-12-31;2018;MILES;2416305;15821001;5710647;0;23947953;1063581;477668;254482010;194383380;477668;450884307;474832260;0;7656295;0;0;816117;147407;8619819;95231949;5379547;16901289;0;0;117512785;126132604;13095680;24330072;49324857;261949047;0;0;348699656;474832260;
45071;900007640;2019-12-31;2019;MILES;2585924;488917;4286532;80267;7441640;3624462;0;0;1399705;0;5024167;12465807;95138;831018;0;353623;492336;7141345;8913460;2429414;0;383686;0;0;2813100;11726560;494000;1862110;53305;-1670168;0;0;739247;12465807;
45072;900007640;2019-12-31;2018;MILES;1126958;497049;4684341;293757;6602105;3822503;0;0;677879;0;4500382;11102487;140831;868844;0;238959;188287;5492418;6929339;3385395;0;543699;0;0;3929094;10858433;494000;1695410;53305;-1998661;0;0;244054;11102487;
45073;890930545;2019-12-31;2019;MILES;69794585;33058334;147010724;4709659;254573302;238342918;296862192;32546211;365785512;296862192;1230399025;1484972327;65556574;48413127;2515255;7182794;46610684;0;170278434;234118148;159106226;27679228;0;189752248;610655850;780934284;3000000;0;40942876;660095167;0;0;704038043;1484972327;
45074;890930545;2019-12-31;2018;MILES;27657235;34375802;118312567;15571961;195917565;248092122;139688216;34596026;396723307;139688216;958787887;1154705452;73724887;51334882;1113899;8110811;40681376;0;174965855;223811327;50030747;28657638;0;55538444;358038156;533004011;3000000;0;36810478;580791222;0;1099741;621701441;1154705452;
45075;860450020;2019-12-31;2019;MILES;500;1063163;5173751;591514;6828928;595375;0;0;11310;0;606685;7435613;0;2667455;0;69164;452378;0;3188997;0;224600;0;0;0;224600;3413597;200000;0;83030;3738986;0;0;4022016;7435613;
45076;860450020;2019-12-31;2018;MILES;4000;963548;5372503;591514;6931565;604399;0;0;752128;0;1356527;8288092;0;382976;0;49188;369805;195128;997097;0;1767847;0;0;0;1767847;2764944;200000;0;83030;5240118;0;0;5523148;8288092;
45077;900401436;2019-12-31;2019;MILES;3312;209020;4298506;0;4510838;0;0;22520568;399638116;0;422158684;426669522;0;0;0;0;118136;0;118136;0;707414;40193055;0;0;40900469;41018605;8631440;0;19666086;357353391;0;0;385650917;426669522;
45078;900401436;2019-12-31;2018;MILES;118615;175006;3896325;0;4189946;0;0;21912187;357150981;0;379063168;383253114;0;0;0;0;282299;0;282299;0;1225;35564023;0;0;35565248;35847547;8631440;0;18468011;320306116;0;0;347405567;383253114;
45079;830510843;2019-12-31;2019;MILES;973598;140899;407223;0;1521720;181592;0;1163374;54866511;0;56211477;57733197;0;711786;0;0;197840;0;909626;5020836;11797554;4632;0;0;16823022;17732648;171000;2010541;40077;37778931;0;0;40000549;57733197;
45080;830510843;2019-12-31;2018;MILES;1793782;2623;3645;0;1800050;382594;0;4460792;40494793;0;45338179;47138229;715569;0;0;0;45632;496111;1257312;68131;0;8609;0;7621974;7698714;8956026;171000;2010541;40077;35960585;0;0;38182203;47138229;
45081;800116325;2019-12-31;2019;MILES;73707;0;7796333;0;7870040;6088127;0;0;742416;0;6830543;14700583;0;541937;0;0;0;255709;797646;1255362;0;0;0;1835280;3090642;3888288;2005960;0;561486;8244849;0;0;10812295;14700583;
45082;800116325;2019-12-31;2018;MILES;83508;0;6073921;0;6157429;6514341;0;0;688979;0;7203320;13360749;0;369803;0;0;0;360437;730240;1420395;0;0;0;581130;2001525;2731765;2005960;0;544251;8078773;0;0;10628984;13360749;
45083;900025233;2019-12-31;2019;MILES;291687;451628;892869;107406;1743590;543260;31037;7843137;42985327;31037;51433798;53177388;1168084;437597;0;84343;1088797;466719;3245540;4945528;0;3571720;0;2308021;10825269;14070809;43932519;0;0;-6416307;0;1590367;39106579;53177388;
45084;900025233;2019-12-31;2018;MILES;281211;385511;822160;83573;1572455;601505;248010;7843137;44593066;248010;53533728;55106183;1528039;4368854;0;96299;207979;509304;6710475;5986078;0;4347121;0;2910377;13243576;19954051;40648548;0;0;-7086783;0;1590367;35152132;55106183;
45085;890505326;2019-12-31;2019;MILES;851612;2597915;2477149;3334484;9261160;5366171;0;0;341444;0;5707615;14968775;503088;1667650;0;305296;0;75494;2551528;660671;0;276412;0;0;937083;3488611;420000;1432243;420000;9207921;0;0;11480164;14968775;
45086;890505326;2019-12-31;2018;MILES;1381893;2289666;2221570;3275001;9168130;6162391;0;0;350207;0;6512598;15680728;1144518;1872214;0;309153;0;51684;3377569;828149;0;278269;0;0;1106418;4483987;420000;1432243;420000;8924498;0;0;11196741;15680728;
45087;800134536;2019-12-31;2019;MILES;21203523;806665;37390756;0;59400944;1109359;0;0;9118502;0;10227861;69628805;165326;6655783;0;5636321;8357391;2206187;23021008;317385;0;644701;0;0;962086;23983094;1385501;14490;842750;39980792;0;3422178;45645711;69628805;
45088;800134536;2019-12-31;2018;MILES;21050288;1322125;32582391;0;54954804;986174;0;0;3874305;0;4860479;59815283;108700;14680431;0;4259867;8036544;6145384;33230926;306757;0;0;0;0;306757;33537683;1385501;14490;842750;23109199;0;925660;26277600;59815283;
45089;900348128;2019-12-31;2019;MILES;69721;31688;1259653;273766;1634828;5219128;0;389198;45600;0;5653926;7288754;0;56242;0;0;15956;150625;222823;0;7002714;7836;0;0;7010550;7233373;50000;0;0;5381;0;0;55381;7288754;
45090;900348128;2019-12-31;2018;MILES;17325;0;1484282;139455;1641062;5308449;0;387064;45600;0;5741113;7382175;0;114901;0;0;11729;0;126630;0;7273211;0;0;0;7273211;7399841;50000;0;0;-67666;0;0;-17666;7382175;
45091;900092728;2019-12-31;2019;MILES;40260;187755;21092773;2286646;23607434;3328153;0;0;2236271;0;5564424;29171858;3142927;4622651;0;46900;86493;0;7898971;9378678;0;0;0;7373625;16752303;24651274;3206101;1795971;0;-481488;0;0;4520584;29171858;
45092;900092728;2019-12-31;2018;MILES;163741;175667;16822775;2169684;19331867;3471327;0;0;2249676;0;5721003;25052870;8510305;3578694;0;76446;0;0;12165445;8460086;0;0;0;5176;8465262;20630707;3206101;1795971;0;-579909;0;0;4422163;25052870;
45093;900413231;2019-12-31;2019;MILES;1105637;4662759;2726394;0;8494790;517775;0;0;14141074;0;14658849;23153639;3782100;1577171;0;95351;476046;324647;6255315;4820354;0;0;0;7627887;12448241;18703556;800000;0;0;3650083;0;0;4450083;23153639;
45094;900413231;2019-12-31;2018;MILES;76367;17885736;149858;0;18111961;351081;0;0;1016435;0;1367516;19479477;9298076;785164;0;77603;89417;1817047;12067307;3206797;0;0;0;0;3206797;15274104;800000;0;0;3405373;0;0;4205373;19479477;
45095;800007447;2019-12-31;2019;MILES;242097;66326;7336765;2362281;10007469;0;0;2599911;0;0;2599911;12607380;0;0;0;184616;0;0;184616;0;4039128;0;0;2029080;6068208;6252824;2065129;0;345634;622631;0;3321162;6354556;12607380;
45096;800007447;2019-12-31;2018;MILES;845633;26752;6266387;2194674;9333446;0;0;2605423;0;0;2605423;11938869;0;0;0;102837;0;0;102837;0;3965024;0;0;2029080;5994104;6096941;2065129;0;307565;380695;0;3088539;5841928;11938869;
45097;800026825;2019-12-31;2019;MILES;160662;154710;1178342;2341286;3835000;98541;256966;4395450;9647258;256966;14655181;18490181;2358059;1005002;0;88144;743;3779902;7231850;0;914146;304984;0;0;1219130;8450980;506000;0;302696;9230505;0;0;10039201;18490181;
45098;800026825;2019-12-31;2018;MILES;104768;120577;2141273;2138338;4504956;127110;231358;4395450;9580157;231358;14565433;19070389;2691951;989723;0;79715;4475;4521430;8287294;0;514356;297228;0;0;811584;9098878;506000;0;302696;9162815;0;0;9971511;19070389;
45099;800192026;2019-12-31;2019;MILES;288504;4929;138;0;293571;0;0;0;6760108;0;6760108;7053679;80002;1068;0;2678;17757;65;101570;0;0;340103;0;0;340103;441673;13000;0;32405;6566601;0;0;6612006;7053679;
45100;800192026;2019-12-31;2018;MILES;285475;3939;71;0;289485;2136;0;0;6778877;0;6781013;7070498;0;264281;0;0;8102;215;272598;0;0;355399;0;0;355399;627997;13000;0;32405;6397096;0;0;6442501;7070498;
45101;860048795;2019-12-31;2019;MILES;6792;68604;780008;0;855404;30358968;0;103346;186360;0;30648674;31504078;0;135884;0;0;30996;1641533;1808413;0;0;2671378;0;0;2671378;4479791;1575568;7802385;57211;17589123;0;0;27024287;31504078;
45102;860048795;2019-12-31;2018;MILES;13387;64335;925655;0;1003377;30382125;0;111958;324990;0;30819073;31822450;96266;1366537;0;0;88734;0;1551537;0;0;2675528;0;0;2675528;4227065;1575568;7802385;57211;18160221;0;0;27595385;31822450;
45103;900744329;2019-12-31;2019;MILES;0;0;0;0;0;0;287595;0;478163;287595;1053353;1053353;0;1555;0;0;3107;0;4662;0;303140;0;0;0;303140;307802;943435;0;0;-197884;0;0;745551;1053353;
45104;900744329;2019-12-31;2018;MILES;0;0;0;0;0;0;287633;0;478125;287633;1053391;1053391;0;0;0;0;0;0;0;0;303140;0;0;0;303140;303140;943435;0;0;-193184;0;0;750251;1053391;
45105;817002533;2019-12-31;2019;MILES;2777719;91594481;18518685;26570812;139461697;0;0;0;20525120;0;20525120;159986817;64585252;73507020;1762586;0;5308593;0;145163451;0;0;0;0;0;0;145163451;11301000;6000000;2279679;-4757313;0;0;14823366;159986817;
45106;817002533;2019-12-31;2018;MILES;946481;102920724;1437610;26271405;131576220;0;0;0;20609408;0;20609408;152185628;63640295;68393501;1501154;0;3982899;0;137517849;0;0;0;0;0;0;137517849;11301000;6000000;2219694;-4852915;0;0;14667779;152185628;
45107;800031929;2019-12-31;2019;MILES;130960;490397;1333734;40843;1995934;50071146;8394721;0;8037386;8394721;74897974;76893908;6939792;1550436;0;0;595147;3057155;12142530;19482345;6321909;4865616;0;0;30669870;42812400;962004;12821214;10894;20287396;0;0;34081508;76893908;
45108;800031929;2019-12-31;2018;MILES;413141;657866;1283770;18269;2373046;48376548;24701933;0;-21247489;24701933;76532925;78905971;6859895;1142051;0;0;1074511;2619604;11696061;21631860;6649585;4717041;0;0;32998486;44694547;962004;12821214;10894;20417312;0;0;34211424;78905971;
45109;890903833;2019-12-31;2019;MILES;260150;327147;0;0;587297;17262576;0;0;77504666;0;94767242;95354539;496908;50181;0;0;239590;52698;839377;70561;0;7251;0;0;77812;917189;100000;0;4823959;2632679;0;86880712;94437350;95354539;
45110;890903833;2019-12-31;2018;MILES;45162;82016;0;0;127178;17265308;0;0;66494044;0;83759352;83886530;657979;22310;0;0;180081;132092;992462;86919;0;4296;0;0;91215;1083677;100000;0;726369;6732046;0;75244438;82802853;83886530;
45111;860043526;2019-12-31;2019;MILES;53562;0;460461;0;514023;123655;0;6098566;10088029;0;16310250;16824273;301418;893632;0;44552;68052;246411;1554065;1594576;8654909;511390;0;0;10760875;12314940;3500500;0;347244;661589;0;0;4509333;16824273;
45112;860043526;2019-12-31;2018;MILES;114348;0;577430;0;691778;168791;0;6098566;10088029;0;16355386;17047164;752675;849896;0;55047;63124;480072;2200814;1852596;8890574;0;0;0;10743170;12943984;3500500;0;347244;255436;0;0;4103180;17047164;
45113;800246027;2019-12-31;2019;MILES;99594;5614;722122;0;827330;1665031;10812;353435;7166120;10812;9206210;10033540;0;369079;0;0;14364;51235;434678;0;0;0;0;0;0;434678;17172;661624;4827677;4092389;0;0;9598862;10033540;
45114;800246027;2019-12-31;2018;MILES;139338;28774;1287362;0;1455474;1692114;0;352731;1639306;0;3684151;5139625;0;1393333;0;0;46882;21260;1461475;0;0;24692;0;0;24692;1486167;17172;661624;0;2974662;0;0;3653458;5139625;
45115;900993835;2019-12-31;2019;MILES;446812;123528;405826;716191;1692357;582640;0;0;6662;0;589302;2281659;0;45334;0;0;70913;79738;195985;0;1242033;0;0;0;1242033;1438018;500000;0;0;343641;0;0;843641;2281659;
45116;900993835;2019-12-31;2018;MILES;191512;129959;252090;849061;1422622;148327;0;0;8116;0;156443;1579065;0;21848;0;0;118125;110701;250674;0;545896;0;0;0;545896;796570;500000;0;0;282495;0;0;782495;1579065;
45117;890400246;2019-12-31;2019;MILES;1490771;0;25534200;13881382;40906353;22566021;0;0;5862990;0;28429011;69335364;23511449;13248466;1432185;626569;1339886;0;40158555;2405806;0;2694877;0;4247444;9348127;49506682;1128223;0;4047111;-6096456;0;20749804;19828682;69335364;
45118;890400246;2019-12-31;2018;MILES;1604857;28479;22930296;15854356;40417988;23717185;0;0;5169613;0;28886798;69304786;24472120;10544355;1142936;486436;1808359;0;38454206;2877957;0;2968486;0;3378033;9224476;47678682;1128223;0;4047111;-4299034;0;20749804;21626104;69304786;
45119;900425518;2019-12-31;2019;MILES;144755;1762490;9388510;245580;11541335;60425;0;0;0;0;60425;11601760;3857;2061376;0;0;101547;1915492;4082272;0;6918396;0;0;0;6918396;11000668;1500000;0;168531;-1067439;0;0;601092;11601760;
45120;900425518;2019-12-31;2018;MILES;2544401;424224;8108164;245580;11322369;54383;0;0;0;0;54383;11376752;0;2677295;0;0;212631;1432859;4322785;0;4224672;0;0;0;4224672;8547457;1500000;0;163127;1166168;0;0;2829295;11376752;
45121;900523834;2019-12-31;2019;MILES;223388;5966666;0;0;6190054;23923;0;0;0;0;23923;6213977;0;1460301;0;0;0;0;1460301;0;4173165;0;0;0;4173165;5633466;1107581;0;0;-527070;0;0;580511;6213977;
45122;900523834;2019-12-31;2018;MILES;2159044;4104238;319905;0;6583187;152988;4303063;0;-4303063;4303063;4456051;11039238;1006528;3900258;0;1073;0;0;4907859;0;3522545;0;0;0;3522545;8430404;1107581;0;0;1501253;0;0;2608834;11039238;
45123;900396756;2019-12-31;2019;MILES;7943;4208702;96976;0;4313621;106805;0;0;0;0;106805;4420426;154622;297;0;0;35845;9410;200174;0;0;153200;0;50000;203200;403374;100000;0;50000;2619736;0;1247316;4017052;4420426;
45124;900396756;2019-12-31;2018;MILES;8020;5143856;52515;0;5204391;116021;0;0;0;0;116021;5320412;0;1367299;0;0;54944;44293;1466536;0;0;134243;0;0;134243;1600779;100000;0;50000;2505795;0;1063838;3719633;5320412;
45125;805011433;2019-12-31;2019;MILES;1569879;79950;2986015;875773;5511617;18849559;0;0;2038706;0;20888265;26399882;39705;1611701;0;228389;45589;0;1925384;5257088;443595;1475609;0;1687872;8864164;10789548;3600000;0;675265;11335069;0;0;15610334;26399882;
45126;805011433;2019-12-31;2018;MILES;1015072;118739;2591782;768800;4494393;18268528;0;0;1973411;0;20241939;24736332;39823;1412839;0;182334;13030;0;1648026;4137334;443592;1436180;0;1675806;7692912;9340938;3600000;0;607397;11187997;0;0;15395394;24736332;
45127;900292833;2019-12-31;2019;MILES;6997384;0;305649;0;7303033;0;0;70742297;0;0;70742297;78045330;0;114311;0;0;375587;5046572;5536470;0;0;0;0;614736;614736;6151206;30000000;350000;8725529;32818595;0;0;71894124;78045330;
45128;900292833;2019-12-31;2018;MILES;3013285;65191;140978;4898;3224352;0;0;64988725;18897;0;65007622;68231974;0;69991;0;0;0;4173883;4243874;0;0;0;0;230461;230461;4474335;30000000;350000;9567178;23840461;0;0;63757639;68231974;
45129;860000743;2019-12-31;2019;MILES;69049;31028;27198;0;127275;2199964;0;0;0;0;2199964;2327239;45725;409695;0;0;47027;51247;553694;12800;0;55824;0;139263;207887;761581;796200;0;98344;456111;0;215003;1565658;2327239;
45130;860000743;2019-12-31;2018;MILES;195098;69573;15217;0;279888;2160576;0;0;0;0;2160576;2440464;698;524548;0;0;189249;64249;778744;12800;0;51628;0;35217;99645;878389;796200;0;80558;470314;0;215003;1562075;2440464;
45131;800135532;2019-12-31;2019;MILES;724885;1055000;11113128;1629556;14522569;1479595;0;0;1251927;0;2731522;17254091;1635956;1066599;0;1970827;1935084;0;6608466;472369;0;0;0;0;472369;7080835;7068340;0;684547;2420369;0;0;10173256;17254091;
45132;800135532;2019-12-31;2018;MILES;1169367;807347;8352968;0;10329682;1648402;0;0;1383774;0;3032176;13361858;1244667;150340;0;1443663;1757889;0;4596559;2239575;0;0;0;0;2239575;6836134;5460340;0;494200;571184;0;0;6525724;13361858;
45133;824006407;2019-12-31;2019;MILES;791248;1850646;2103699;35617;4781210;21231806;0;0;933625;0;22165431;26946641;326957;372200;0;63622;291806;0;1054585;3126630;0;0;0;2304879;5431509;6486094;2005000;547500;534275;17373772;0;0;20460547;26946641;
45134;824006407;2019-12-31;2018;MILES;414676;0;1081802;893316;2389794;20654787;0;0;0;0;20654787;23044581;112279;576054;0;58366;198532;0;945231;2463016;0;0;0;0;2463016;3408247;2000000;0;495737;17140597;0;0;19636334;23044581;
45135;804009532;2019-12-31;2019;MILES;1123832;460345;2240007;0;3824184;122475;99142;366403;2716682;99142;3403844;7228028;902824;2738973;0;194406;199530;263817;4299550;747934;0;41272;0;0;789206;5088756;616638;20793;271545;1230296;0;0;2139272;7228028;
45136;804009532;2019-12-31;2018;MILES;963552;304655;1812447;0;3080654;134046;700;366403;2152278;700;2654127;5734781;31456;2529274;0;177660;183788;270997;3193175;0;0;43492;413904;0;457396;3650571;616638;20793;271545;1175234;0;0;2084210;5734781;
45137;800241331;2019-12-31;2019;MILES;54252;116007;9833473;0;10003732;327777;0;0;2472118;0;2799895;12803627;0;3168359;0;0;109860;0;3278219;0;0;0;0;0;0;3278219;2287440;103138;149930;6984900;0;0;9525408;12803627;
45138;800241331;2019-12-31;2018;MILES;36492;124347;10860414;0;11021253;327777;0;0;2473442;0;2801219;13822472;0;4786609;0;0;202027;0;4988636;0;0;0;0;0;0;4988636;2287440;103138;149930;6293328;0;0;8833836;13822472;
45139;811027733;2019-12-31;2019;MILES;420818;5000;3749664;1022774;5198256;214913;0;0;137280;0;352193;5550449;0;2031241;0;0;16797;81283;2129321;0;625869;0;0;0;625869;2755190;216911;0;121674;724399;0;1732275;2795259;5550449;
45140;811027733;2019-12-31;2018;MILES;336319;0;3132328;1391062;4859709;252307;0;0;168038;0;420345;5280054;0;2363948;0;0;27039;64154;2455141;0;241590;0;0;0;241590;2696731;210362;0;121674;519012;0;1732275;2583323;5280054;
45141;900329845;2019-12-31;2019;MILES;40;71554;390790;6992892;7455276;0;2358049;8014387;13529564;2358049;26260049;33715325;0;3047021;0;0;1441;7837332;10885794;0;7459163;528140;0;0;7987303;18873097;400400;0;1868;3827029;0;10612931;14842228;33715325;
45142;900329845;2019-12-31;2018;MILES;87;74928;389768;6992892;7457675;0;338014;8014387;5141914;338014;13832329;21290004;0;14616627;0;0;4759;1384351;16005737;0;39147;528140;0;0;567287;16573024;400400;0;1868;4314712;0;0;4716980;21290004;
45143;830107233;2019-12-31;2019;MILES;338676;85545;29753649;0;30177870;0;0;61099003;0;0;61099003;91276873;0;22971247;0;0;59533;6098055;29128835;0;0;1824490;0;35702778;37527268;66656103;375000;15613480;2500;8621813;0;7977;24620770;91276873;
45144;830107233;2019-12-31;2018;MILES;4713768;40400;28723001;0;33477169;0;0;56069051;0;0;56069051;89546220;0;14643060;0;0;1764;3712500;18357324;0;0;1824490;0;44300833;46125323;64482647;375000;15613480;2500;2658652;0;6413941;25063573;89546220;
45145;830140728;2019-12-31;2019;MILES;60170;8069562;9049838;338318;17517888;11315;0;0;354755;0;366070;17883958;0;8304484;0;177481;805381;2339549;11626895;0;94875;0;0;0;94875;11721770;250000;0;125000;5787188;0;0;6162188;17883958;
45146;830140728;2019-12-31;2018;MILES;460398;9606308;7158073;410083;17634862;13969;0;0;416968;0;430937;18065799;0;8308408;0;149724;962097;2836783;12257012;0;206157;0;0;0;206157;12463169;250000;0;83009;5269621;0;0;5602630;18065799;
45147;890502559;2019-12-31;2019;MILES;1324522;32994;1754936;0;3112452;2177004;42417;0;388142;42417;2649980;5762432;346662;2438666;0;122441;161874;13622;3083265;372044;120507;113489;0;0;606040;3689305;210600;60000;127639;1674888;0;0;2073127;5762432;
45148;890502559;2019-12-31;2018;MILES;1247826;28221;1483128;0;2759175;1842571;48501;0;389593;48501;2329166;5088341;0;2333765;0;135371;164014;7175;2640325;215979;143087;110785;0;0;469851;3110176;210600;60000;127639;1579926;0;0;1978165;5088341;
45149;805027231;2019-12-31;2019;MILES;7112839;34013;240655408;0;247802260;578975;0;0;1886925;0;2465900;250268160;0;1149184;31205;327284;1357408;1028906;3893987;185332484;0;0;0;8550681;193883165;197777152;799999;16322781;400000;34968228;0;0;52491008;250268160;
45150;805027231;2019-12-31;2018;MILES;6871986;32503;178603066;0;185507555;467992;0;0;1967173;0;2435165;187942720;77299219;1003184;118118;254317;3459037;2358232;84492107;57331530;0;165090;0;0;57496620;141988727;799999;16322781;400000;28431213;0;0;45953993;187942720;
45151;860510031;2019-12-31;2019;MILES;8553460;79041251;25616300;0;113211011;94519835;0;0;943198;0;95463033;208674044;12456284;3745227;0;2423517;6620847;322537;25568412;45265505;0;1149171;0;0;46414676;71983088;20000000;0;46193923;30531360;0;39965673;136690956;208674044;
45152;860510031;2019-12-31;2018;MILES;15145153;51195450;16647755;0;82988358;103001725;0;0;804583;0;103806308;186794666;9207255;4743816;0;3150040;9459176;152089;26712376;25479577;0;1516280;0;0;26995857;53708233;20000000;0;20313428;45265123;0;47507882;133086433;186794666;
45153;900529730;2019-12-31;2019;MILES;86553;390293;14724651;0;15201497;20837301;12057642;0;-9616109;12057642;35336476;50537973;1411224;531377;0;0;0;46604;1989205;10907475;22082917;1517916;0;0;34508308;36497513;1262000;10644270;0;2134190;0;0;14040460;50537973;
45154;900529730;2019-12-31;2018;MILES;1993;252043;13836638;0;14090674;21180439;19174331;0;-15271469;19174331;44257632;58348306;315743;5333553;0;0;0;93047;5742343;13848800;19635848;1652954;0;0;35137602;40879945;1262000;10644270;0;5562091;0;0;17468361;58348306;
45155;800038135;2019-12-31;2019;MILES;10829;1330032;5012572;0;6353433;64108;0;3963858;12090728;0;16118694;22472127;0;1281060;0;0;7029;0;1288089;818445;2281861;153058;0;0;3253364;4541453;280000;0;328941;17321733;0;0;17930674;22472127;
45156;800038135;2019-12-31;2018;MILES;33022;782658;1548911;0;2364591;64108;0;3976129;13595545;0;17635782;20000373;0;1286163;0;0;48848;0;1335011;2323263;5064004;153058;0;0;7540325;8875336;280000;0;298545;10546492;0;0;11125037;20000373;
45157;804008044;2019-12-31;2019;MILES;322112;2163205;3018564;0;5503881;2785175;0;0;285985;0;3071160;8575041;574093;1573492;0;388692;1504371;0;4040648;3031005;0;0;0;0;3031005;7071653;213357;0;222471;1067560;0;0;1503388;8575041;
45158;804008044;2019-12-31;2018;MILES;114113;2199328;1529312;0;3842753;2375240;0;0;262611;0;2637851;6480604;910860;1515591;0;333697;1122183;0;3882331;1112706;0;0;0;0;1112706;4995037;213357;0;170097;1102113;0;0;1485567;6480604;
45159;800120131;2019-12-31;2019;MILES;128928;9009313;10323612;52309798;71771651;4088193;0;0;19597891;0;23686084;95457735;31069678;10527792;0;6123;1336298;13461220;56401111;0;0;0;0;35438407;35438407;91839518;284000;0;142000;3192217;0;0;3618217;95457735;
45160;800120131;2019-12-31;2018;MILES;196974;13912029;11220134;51081682;76410819;4088447;0;0;16789929;0;20878376;97289195;28599601;12793777;0;14515;0;14991326;56399219;0;0;0;2409059;34979761;37388820;93788039;284000;0;41341;3175815;0;0;3501156;97289195;
45161;900471263;2019-12-31;2019;MILES;185;2213;108469;0;110867;39728;111708;0;-36311;111708;226833;337700;0;13956;0;0;0;0;13956;0;161232;17000;0;0;178232;192188;200000;0;0;-54488;0;0;145512;337700;
45162;900471263;2019-12-31;2018;MILES;185;16354;111852;0;128391;39728;111708;0;30465;111708;293609;422000;0;16178;0;4997;2516;0;23691;0;135571;17000;0;0;152571;176262;200000;0;0;45738;0;0;245738;422000;
45163;860044360;2019-12-31;2019;MILES;4016;9432;1559899;0;1573347;0;0;4716091;10170466;0;14886557;16459904;0;3140068;0;0;0;0;3140068;0;0;32643;0;0;32643;3172711;12300;0;2978212;10296681;0;0;13287193;16459904;
45164;860044360;2019-12-31;2018;MILES;4016;0;3460326;0;3464342;0;0;674122;10128503;0;10802625;14266967;0;1078482;0;0;7888;0;1086370;0;0;32643;0;0;32643;1119013;12300;0;2780090;10355564;0;0;13147954;14266967;
45165;900055835;2019-12-31;2019;MILES;72932;184886;1751742;2799839;4809399;8298;11246;2739857;3112542;11246;5883189;10692588;0;1854826;0;5649;42515;0;1902990;0;0;0;848125;0;848125;2751115;500000;0;151976;1997167;0;5292330;7941473;10692588;
45166;900055835;2019-12-31;2018;MILES;12183;209997;2365658;3719396;6307234;11956;30286;1411375;2765599;30286;4249502;10556736;0;2185529;0;12559;85375;0;2283463;0;0;0;629870;0;629870;2913333;500000;0;87796;1763277;0;5292330;7643403;10556736;
45167;901024933;2019-12-31;2019;MILES;2160;0;0;0;2160;0;0;0;27077351;0;27077351;27079511;0;9646;0;0;0;0;9646;0;0;0;0;0;0;9646;10000;0;0;27059865;0;0;27069865;27079511;
45168;901024933;2019-12-31;2018;MILES;71278;0;0;0;71278;0;0;0;27077351;0;27077351;27148629;0;3822;0;0;0;0;3822;0;0;0;0;0;0;3822;10000;0;0;27134807;0;0;27144807;27148629;
45169;900309444;2019-12-31;2019;MILES;1674171;23483;15681422;2644189;20023265;5609521;0;932948;105681;0;6648150;26671415;2873604;7871914;0;231716;211432;215066;11403732;4630982;0;0;0;69325;4700307;16104039;3650000;0;595988;5021388;0;1300000;10567376;26671415;
45170;900309444;2019-12-31;2018;MILES;750641;26759;16747016;1082894;18607310;6536860;0;932667;100526;0;7570053;26177363;4072095;5720685;0;243204;212218;311264;10559466;6125735;0;0;0;56278;6182013;16741479;3650000;0;493319;3992565;0;1300000;9435884;26177363;
45171;811014733;2019-12-31;2019;MILES;801124;56643;8653032;515775;10026574;4241702;0;0;1281033;0;5522735;15549309;1263563;900663;0;139377;443088;7117;2753808;2760120;0;228050;0;833531;3821701;6575509;600000;0;547757;7826043;0;0;8973800;15549309;
45172;811014733;2019-12-31;2018;MILES;1359367;179480;8901426;590884;11031157;4152579;0;0;756695;0;4909274;15940431;1040937;1096612;0;129094;602411;21063;2890117;3283665;0;256503;0;955065;4495233;7385350;600000;0;547757;7407324;0;0;8555081;15940431;
45173;900125031;2019-12-31;2019;MILES;2116;87814;8700484;0;8790414;5926137;0;0;6322851;0;12248988;21039402;550000;118185;0;39614;48757;22726;779282;0;0;42555;0;0;42555;821837;639952;2984475;816140;3869801;0;11907197;20217565;21039402;
45174;900125031;2019-12-31;2018;MILES;96213;15027;7944037;0;8055277;6017433;0;0;6216238;0;12233671;20288948;0;77353;0;42164;51282;13496;184295;0;0;54067;0;0;54067;238362;639952;0;816140;6687297;0;11907197;20050586;20288948;
45175;800060204;2019-12-31;2019;MILES;4;108464;381461;1152221;1642150;0;737816;992156;8804788;737816;11272576;12914726;17440;138511;0;54599;44706;0;255256;3466336;0;11637;0;8111918;11589891;11845147;1250000;0;0;-180421;0;0;1069579;12914726;
45176;800060204;2019-12-31;2018;MILES;104;110236;1068774;1152221;2331335;0;0;908472;8890879;0;9799351;12130686;20440;157154;0;43177;44706;0;265477;5093284;0;11637;0;5344018;10448939;10714416;1250000;0;0;166270;0;0;1416270;12130686;
45177;860503631;2019-12-31;2019;MILES;161528;7740916;5029231;0;12931675;9244194;504080;0;-503997;504080;9748357;22680032;1570752;687439;0;19935;1284616;0;3562742;3319691;0;1445741;0;712521;5477953;9040695;1322000;0;760390;11556947;0;0;13639337;22680032;
45178;860503631;2019-12-31;2018;MILES;1928254;1312294;5996957;0;9237505;8582649;0;0;199245;0;8781894;18019399;1215244;2040125;0;13111;1887637;0;5156117;2568345;0;751479;0;510533;3830357;8986474;1322000;0;760390;6950535;0;0;9032925;18019399;
45179;816008443;2019-12-31;2019;MILES;405695;0;3143886;2271250;5820831;1675911;0;0;338232;0;2014143;7834974;1584017;4346205;0;0;120827;110694;6161743;347328;0;31088;0;0;378416;6540159;300000;0;150850;843965;0;0;1294815;7834974;
45180;816008443;2019-12-31;2018;MILES;291026;0;3741877;1915082;5947985;1635404;0;0;416901;0;2052305;8000290;1885328;4030859;0;0;123728;175476;6215391;405047;0;29888;0;0;434935;6650326;300000;0;150850;899114;0;0;1349964;8000290;
45181;830090933;2019-12-31;2019;MILES;71950;1166292;1478889;32057664;34774795;2524301;4548504;12832809;-4503853;4548504;19950265;54725060;0;41909943;0;58110;86769;0;42054822;2007277;0;819477;0;0;2826754;44881576;133741;0;217741;4264308;0;5227694;9843484;54725060;
45182;830090933;2019-12-31;2018;MILES;4755440;1293738;2004306;23002001;31055485;2529677;4548501;12832809;-4500489;4548501;19958999;51014484;0;36978604;0;87215;93767;0;37159586;1880078;0;819477;0;0;2699555;39859141;133741;0;217741;5576167;0;5227694;11155343;51014484;
45183;860037232;2019-12-31;2019;MILES;15645409;13354802;66611448;441808;96053467;18722725;0;0;20224946;0;38947671;135001138;4124796;1068658;0;442666;154007;69909;5860036;0;18250941;2229650;0;5447670;25928261;31788297;600000;0;3258069;99354772;0;0;103212841;135001138;
45184;860037232;2019-12-31;2018;MILES;7940702;21260122;89139193;5194409;123534426;20613019;0;0;12354422;0;32967441;156501867;5954533;5154295;0;1888897;2183296;779709;15960730;0;39326666;1856535;0;1781482;42964683;58925413;600000;0;2930655;94045799;0;0;97576454;156501867;
45185;900225631;2019-12-31;2019;MILES;543882;365710;5390305;419754;6719651;180381;0;0;974732;0;1155113;7874764;664910;1877971;0;147442;198511;33462;2922296;0;36910;0;0;134;37044;2959340;1000000;0;378124;3537300;0;0;4915424;7874764;
45186;900225631;2019-12-31;2018;MILES;94395;237090;4695605;411528;5438618;130163;0;300000;976965;0;1407128;6845746;533350;1780083;0;119460;295910;16359;2745162;0;0;0;0;0;0;2745162;1000000;0;323142;2777442;0;0;4100584;6845746;
45187;800157530;2019-12-31;2019;MILES;171372;1939035;26252044;20000;28382451;1969703;2043347;0;1463511;2043347;7519908;35902359;0;6237210;17000;189126;349851;0;6793187;20044267;0;0;0;0;20044267;26837454;520000;0;300000;7422892;0;822013;9064905;35902359;
45188;800157530;2019-12-31;2018;MILES;171876;1961311;26217631;20000;28370818;1969702;2030674;0;1363567;2030674;7394617;35765435;0;6237237;17000;197190;342850;0;6794277;20002999;0;0;0;0;20002999;26797276;520000;0;300000;7326146;0;822013;8968159;35765435;
45189;816003935;2019-12-31;2019;MILES;1690728;46385;2839026;0;4576139;10832991;0;0;3743922;0;14576913;19153052;0;198032;0;0;128909;30693;357634;0;1881577;1727588;0;1246720;4855885;5213519;4000000;0;3199279;7290450;0;-550196;13939533;19153052;
45190;816003935;2019-12-31;2018;MILES;189289;896984;3560186;0;4646459;8753152;0;0;3743922;0;12497074;17143533;0;65863;0;0;169439;21947;257249;0;1444558;1920697;0;783037;4148292;4405541;4000000;0;3095010;6193178;0;-550196;12737992;17143533;
45191;806000233;2019-12-31;2019;MILES;12820403;2111915;7254456;1212991;23399765;4572195;0;0;6045;0;4578240;27978005;849912;1624918;0;236747;1195553;0;3907130;898145;0;1546;0;3261299;4160990;8068120;500000;0;124913;19284972;0;0;19909885;27978005;
45192;806000233;2019-12-31;2018;MILES;3725438;8075074;7612036;1034812;20447360;4091945;0;0;7818;0;4099763;24547123;2221243;1031967;0;408003;1638718;0;5299931;693098;375559;0;0;0;1068657;6368588;500000;0;124913;17553622;0;0;18178535;24547123;
45193;800113470;2019-12-31;2019;MILES;38645;57961;4574009;698558;5369173;4670831;0;5713650;0;0;10384481;15753654;1499867;535686;0;0;46477;41148;2123178;0;0;0;0;0;0;2123178;1310130;0;716620;11603726;0;0;13630476;15753654;
45194;800113470;2019-12-31;2018;MILES;86799;91401;5466790;656781;6301771;4282995;0;5713650;40744;0;10037389;16339160;1500000;61256;0;0;45055;34466;1640777;0;0;0;0;0;0;1640777;1310130;0;157532;13230721;0;0;14698383;16339160;
45195;900010332;2019-12-31;2019;MILES;10805593;4907745;15061349;36916145;67690832;83152570;0;18253788;544280;0;101950638;169641470;17748278;13839945;0;468266;231769;0;32288258;13371719;0;3502270;0;23515994;40389983;72678241;2700000;0;1377461;43350880;0;49534888;96963229;169641470;
45196;900010332;2019-12-31;2018;MILES;9685605;5400411;10925140;51448614;77459770;86586338;0;18253788;479020;0;105319146;182778916;27127098;9167573;0;454589;177323;0;36926583;19475071;0;3502270;0;27487621;50464962;87391545;2700000;0;1245729;40689786;0;50751856;95387371;182778916;
45197;900325530;2019-12-31;2019;MILES;412476;305694;4776088;4459401;9953659;979468;2104454;0;8339650;2104454;13528026;23481685;1711022;8254596;0;174574;279272;0;10419464;9324;71850;403350;0;0;484524;10903988;1000000;149000;0;10256773;0;1171924;12577697;23481685;
45198;900325530;2019-12-31;2018;MILES;1019225;382470;5655091;4839490;11896276;1069154;0;0;10863297;0;11932451;23828727;1313;1354514;0;162089;337484;0;1855400;1569194;6818356;270025;0;0;8657575;10512975;1000000;149000;0;9969131;0;2197621;13315752;23828727;
45199;800227047;2019-12-31;2019;MILES;929274;0;942743;0;1872017;0;0;589157;3928270;0;4517427;6389444;0;1227758;0;1522;2936;0;1232216;0;0;0;0;0;0;1232216;250000;1679900;90;3227238;0;0;5157228;6389444;
45200;800227047;2019-12-31;2018;MILES;671915;4860;753206;0;1429981;0;0;449005;3039090;0;3488095;4918076;0;1532472;0;1069;1164;0;1534705;0;0;0;0;0;0;1534705;250000;1679900;90;1453381;0;0;3383371;4918076;
45201;802019633;2019-12-31;2019;MILES;4258845;53483;51363202;0;55675530;2095026;0;7084176;368610;0;9547812;65223342;51791376;733477;1556618;86745;133140;0;54301356;0;0;76444;0;0;76444;54377800;6279000;0;840960;2042767;0;1682815;10845542;65223342;
45202;802019633;2019-12-31;2018;MILES;6291372;754802;37175388;0;44221562;1230724;0;0;260770;0;1491494;45713056;33729325;1715584;2363621;82715;124458;0;38015703;0;0;48027;0;0;48027;38063730;6279000;0;782141;588185;0;0;7649326;45713056;
45203;860027231;2019-12-31;2019;MILES;450632;1152700;4937610;9363574;15904516;1501920;4794062;0;-4731559;4794062;6358485;22263001;1500940;7536405;0;287889;776973;1164243;11266450;4681684;0;0;0;0;4681684;15948134;1800000;0;445827;4031270;0;37770;6314867;22263001;
45204;860027231;2019-12-31;2018;MILES;66719;990647;4425992;9371106;14854464;1184107;4576724;0;-4526201;4576724;5811354;20665818;2847666;6035621;0;264560;744074;302868;10194789;4416728;0;32628;0;0;4449356;14644145;1800000;0;426891;3757012;0;37770;6021673;20665818;
45205;900381432;2019-12-31;2019;MILES;200;1066;1589547;415326;2006139;0;0;0;0;0;0;2006139;0;744195;0;0;141;0;744336;0;1249656;0;0;0;1249656;1993992;5000;0;0;7147;0;0;12147;2006139;
45206;900381432;2019-12-31;2018;MILES;200;1065;664718;365430;1031413;0;0;0;0;0;0;1031413;0;285232;0;0;2512;0;287744;0;729657;0;0;0;729657;1017401;5000;0;0;9012;0;0;14012;1031413;
45207;900346744;2019-12-31;2019;MILES;8208;5396833;215003;0;5620044;1281761;0;0;70513;0;1352274;6972318;8041;39315;0;0;0;0;47356;34473;2076003;0;0;0;2110476;2157832;200000;0;52172;473492;0;4088822;4814486;6972318;
45208;900346744;2019-12-31;2018;MILES;217469;2919551;938316;0;4075336;1316534;0;0;27682;0;1344216;5419552;51284;50631;0;0;0;0;101915;109354;397096;0;0;0;506450;608365;200000;0;14430;507935;0;4088822;4811187;5419552;
45209;800204737;2019-12-31;2019;MILES;1498236;0;2283090;0;3781326;39253;9726631;0;37073042;9726631;56565557;60346883;0;1701490;31985;101328;28557;428354;2291714;0;0;427788;3877728;42435860;46741376;49033090;11400;0;5500;5734954;0;5561939;11313793;60346883;
45210;800204737;2019-12-31;2018;MILES;561850;0;758884;0;1320734;54332;2758543;0;27979574;2758543;33550992;34871726;0;457880;0;91567;0;0;549447;0;0;47303;5693959;19499985;25241247;25790694;11400;0;5500;3502193;0;5561939;9081032;34871726;
45211;809007132;2019-12-31;2019;MILES;113602;2704508;15423182;16022327;34263619;2305868;0;11628736;0;0;13934604;48198223;0;6827837;837561;0;2309483;0;9974881;0;20920601;0;0;4569577;25490178;35465059;2728634;0;0;10004530;0;0;12733164;48198223;
45212;809007132;2019-12-31;2018;MILES;184002;2059353;14909695;13209793;30362843;2335387;0;7803021;0;0;10138408;40501251;0;7504310;705364;0;1729722;0;9939396;0;18769738;0;0;896784;19666522;29605918;2728634;0;0;8166699;0;0;10895333;40501251;
45213;900591334;2019-12-31;2019;MILES;367162;219328;349922;676979;1613391;1683826;0;0;0;0;1683826;3297217;103683;217858;116548;47327;116518;0;601934;933143;0;7108;0;800828;1741079;2343013;140000;0;70402;704994;0;38808;954204;3297217;
45214;900591334;2019-12-31;2018;MILES;731615;0;41189;779565;1552369;359454;0;0;0;0;359454;1911823;93361;63537;219891;24931;36894;0;438614;840249;0;0;0;0;840249;1278863;140000;0;11603;481357;0;0;632960;1911823;
45215;800249449;2019-12-31;2019;MILES;224319;1920785;5098607;0;7243711;4017652;0;0;598802;0;4616454;11860165;2704616;500674;0;0;1394891;1098471;5698652;2364660;0;0;0;149991;2514651;8213303;1000000;0;517585;2129277;0;0;3646862;11860165;
45216;800249449;2019-12-31;2018;MILES;82641;1735122;4146913;0;5964676;3571154;0;0;568425;0;4139579;10104255;2053202;395851;0;0;1085836;984249;4519138;1824485;0;0;0;201671;2026156;6545294;1000000;0;517585;2041376;0;0;3558961;10104255;
45217;860000531;2019-12-31;2019;MILES;41482345;25719193;13626060;253213600;334041198;6747081;23350643;20546928;-9091977;23350643;64903318;398944516;0;13772077;7681922;1654630;0;55309867;78418496;0;21429535;4688785;0;54270201;80388521;158807017;29000000;0;188285329;22245723;0;606447;240137499;398944516;
45218;860000531;2019-12-31;2018;MILES;30645615;35950805;31861681;246113819;344571920;6433771;16798268;20546928;-4710374;16798268;55866861;400438781;12898382;14591923;11789413;1665116;0;48119895;89064729;0;18261137;4272477;0;58395596;80929210;169993939;29000000;0;173295830;28149012;0;0;230444842;400438781;
45219;900330749;2019-12-31;2019;MILES;42690;15494;482126;0;540310;1424752;0;0;14564;0;1439316;1979626;0;0;0;8857;15614;0;24471;0;0;38957;0;0;38957;63428;1185780;0;109958;620460;0;0;1916198;1979626;
45220;900330749;2019-12-31;2018;MILES;38785;17451;424527;0;480763;1445336;0;0;14648;0;1459984;1940747;0;0;0;7064;16959;0;24023;0;0;38917;0;0;38917;62940;1185780;0;106854;585173;0;0;1877807;1940747;
45221;800111946;2019-12-31;2019;MILES;1799485;760271;4077652;0;6637408;158925;7056702;0;-6638554;7056702;7633775;14271183;329144;1269202;0;706836;259811;635371;3200364;342566;0;0;0;829029;1171595;4371959;8748920;0;680961;469343;0;0;9899224;14271183;
45222;800111946;2019-12-31;2018;MILES;1980459;509887;2297223;0;4787569;212314;6739902;0;-6450413;6739902;7241705;12029274;267559;415821;0;577704;94533;1101740;2457357;85225;0;0;0;80179;165404;2622761;8748920;0;519732;137861;0;0;9406513;12029274;
45223;900190138;2019-12-31;2019;MILES;518;8570;0;0;9088;0;2522344;0;74064680;2522344;79109368;79118456;0;0;0;0;9;0;9;0;428902;0;0;0;428902;428911;2000000;0;0;76689545;0;0;78689545;79118456;
45224;900190138;2019-12-31;2018;MILES;518;17172;0;0;17690;0;2154344;0;74432680;2154344;78741368;78759058;0;0;0;0;22154;0;22154;0;385310;0;0;0;385310;407464;2000000;0;0;76351594;0;0;78351594;78759058;
45225;830108141;2019-12-31;2019;MILES;38134;211358;2814047;1061913;4125452;283610;0;772404;13521;0;1069535;5194987;0;1100949;0;0;27424;200639;1329012;0;15000;34812;0;2524295;2574107;3903119;3520000;0;104974;-2355510;0;22404;1291868;5194987;
45226;830108141;2019-12-31;2018;MILES;6168;227403;3081853;1733073;5048497;330566;0;772404;6337;0;1109307;6157804;0;1462642;0;0;39809;291767;1794218;0;3067910;34936;0;0;3102846;4897064;3520000;0;104974;-2386638;0;22404;1260740;6157804;
45227;900797133;2019-12-31;2019;MILES;17870;0;347822;0;365692;1177308;0;0;6613291;0;7790599;8156291;0;44352;0;0;0;0;44352;0;0;0;0;0;0;44352;1441137;1905825;15430;4749547;0;0;8111939;8156291;
45228;900797133;2019-12-31;2018;MILES;1888;0;187224;0;189112;1181350;0;0;5584626;0;6765976;6955088;0;6164;0;0;0;0;6164;0;0;0;0;0;0;6164;1441137;1905825;0;3601962;0;0;6948924;6955088;
45229;890203646;2019-12-31;2019;MILES;332506;643391;1139971;0;2115868;0;0;0;8730859;0;8730859;10846727;0;35375;0;0;11880;35266;82521;0;0;0;0;0;0;82521;499700;5367010;403879;4493617;0;0;10764206;10846727;
45230;890203646;2019-12-31;2018;MILES;332506;640139;1094021;0;2066666;0;0;0;8730859;0;8730859;10797525;0;10467;0;0;18868;35266;64601;0;0;0;0;0;0;64601;499700;5367010;403879;4462335;0;0;10732924;10797525;
45231;860004030;2019-12-31;2019;MILES;1354538;21918858;1066253;812218;25151867;179782;0;2826602;6248098;0;9254482;34406349;795942;3148743;0;157389;842027;3900318;8844419;2088239;0;134726;0;2475104;4698069;13542488;1506000;0;753001;18251360;0;353500;20863861;34406349;
45232;860004030;2019-12-31;2018;MILES;2660722;17420760;489794;467731;21039007;268452;0;2902747;4087814;0;7259013;28298020;753481;4545477;0;141603;796075;1815738;8052374;0;0;134740;0;924333;1059073;9111447;1506000;0;635741;16691332;0;353500;19186573;28298020;
45233;900353434;2019-12-31;2019;MILES;234200;558757;1826347;0;2619304;235433;10931971;0;-5182645;10931971;16916730;19536034;5558;198319;237635;252931;174031;129995;998469;0;7897122;3211;0;0;7900333;8898802;8795000;0;273049;1569183;0;0;10637232;19536034;
45234;900353434;2019-12-31;2018;MILES;625484;871968;3022649;0;4520101;164770;3810444;0;4589317;3810444;12374975;16895076;1000000;44467;283183;198465;1052842;43668;2622625;0;9369032;0;0;0;9369032;11991657;505000;0;295159;4103260;0;0;4903419;16895076;
45235;900013134;2019-12-31;2019;MILES;113700;122047;2753732;0;2989479;0;0;0;11806423;0;11806423;14795902;0;11436259;0;0;83631;48836;11568726;0;0;0;0;0;0;11568726;100500;1359000;50000;1700551;0;17125;3227176;14795902;
45236;900013134;2019-12-31;2018;MILES;331854;141103;2753732;0;3226689;0;0;0;10446923;0;10446923;13673612;0;11765274;0;0;30;51044;11816348;0;0;0;0;0;0;11816348;100000;0;50000;1690139;0;17125;1857264;13673612;
45237;900140538;2019-12-31;2019;MILES;680937;14253110;1165963;0;16100010;506121;760483;2139447;26840770;760483;31007304;47107314;0;107249;0;50615;121041;89558;368463;0;6114080;1779186;0;0;7893266;8261729;819007;15676460;2024669;20340789;0;-15340;38845585;47107314;
45238;900140538;2019-12-31;2018;MILES;1572008;4355903;1501604;0;7429515;514299;344453;2253300;19954340;344453;23410845;30840360;0;626427;0;31570;347572;1630;1007199;0;1548219;1811909;0;0;3360128;4367327;804007;5306468;19066;20358832;0;-15340;26473033;30840360;
45239;900495930;2019-12-31;2019;MILES;608946;882400;317902;7423742;9232990;1563986;0;0;24121498;0;25685484;34918474;1672995;506432;0;375361;1414418;1480455;5449661;0;1522971;0;0;13703147;15226118;20675779;12121330;0;0;2121365;0;0;14242695;34918474;
45240;900495930;2019-12-31;2018;MILES;1089871;2878738;167453;6888006;11024068;1704014;0;0;9542048;0;11246062;22270130;5423000;780039;0;257637;581154;0;7041830;0;2151647;0;0;0;2151647;9193477;12121330;0;0;955323;0;0;13076653;22270130;
45241;890906924;2019-12-31;2019;MILES;700;130105;7687455;1652278;9470538;12694565;0;0;25876097;0;38570662;48041200;1052141;2059604;0;0;0;0;3111745;0;0;0;0;0;0;3111745;3499000;0;1951182;39479273;0;0;44929455;48041200;
45242;890906924;2019-12-31;2018;MILES;364480;10412019;471272;1660376;12908147;11669454;0;23783686;0;0;35453140;48361287;68500;1224997;0;0;805550;1097388;3196435;0;0;0;0;0;0;3196435;3499000;0;907997;40757855;0;0;45164852;48361287;
45243;900840932;2019-12-31;2019;MILES;6017;23159;120010;0;149186;0;0;0;118959175;0;118959175;119108361;1662160;4034717;0;0;106500;0;5803377;5639925;0;10595548;0;0;16235473;22038850;300000;0;7931352;88838159;0;0;97069511;119108361;
45244;900840932;2019-12-31;2018;MILES;9744;14279;4389946;0;4413969;0;0;0;114278284;0;114278284;118692253;0;7342828;0;0;13501;0;7356329;0;0;0;0;0;0;7356329;300000;0;14641093;96394831;0;0;111335924;118692253;
45245;860069841;2019-12-31;2019;MILES;12270;5203;46821;30200;94494;5500;0;4571021;139747;0;4716268;4810762;0;3500;0;0;5198;0;8698;0;87506;0;0;0;87506;96204;720000;0;2840;3538444;0;453274;4714558;4810762;
45246;860069841;2019-12-31;2018;MILES;12432;9318;46503;30200;98453;5500;0;4571021;139747;0;4716268;4814721;0;2572;0;0;19973;0;22545;0;39636;0;0;0;39636;62181;720000;0;2840;3576426;0;453274;4752540;4814721;
45247;900165132;2019-12-31;2019;MILES;114867;20995124;1001653;273710;22385354;4664908;0;0;2563;0;4667471;27052825;0;395567;0;1549;120673;2970;520759;6274677;697922;0;0;0;6972599;7493358;1000002;975000;11333552;2498475;0;3752438;19559467;27052825;
45248;900165132;2019-12-31;2018;MILES;446370;11326241;613147;0;12385758;3509782;0;0;2976868;0;6486650;18872408;0;158215;0;1056;108057;2391;269719;1200000;724917;0;0;3407389;5332306;5602025;1000000;975000;4844181;2698764;0;3752438;13270383;18872408;
45249;860062439;2019-12-31;2019;MILES;1092246;2935857;1768292;0;5796395;888680;0;0;0;0;888680;6685075;0;523894;0;0;331096;669538;1524528;0;0;0;0;0;0;1524528;1000000;0;694793;3465754;0;0;5160547;6685075;
45250;860062439;2019-12-31;2018;MILES;1171115;1029089;1600996;0;3801200;1032479;0;0;0;0;1032479;4833679;59740;964095;0;0;0;0;1023835;0;0;0;0;0;0;1023835;1000000;0;694793;2115051;0;0;3809844;4833679;
45251;860027548;2019-12-31;2019;MILES;20846;2352;0;0;23198;6482;635;4772560;60215706;635;64996018;65019216;0;3614;0;9493;20151;6765;40023;0;7164837;113535;0;0;7278372;7318395;100000;0;1567141;56033680;0;0;57700821;65019216;
45252;860027548;2019-12-31;2018;MILES;38558;2187;0;0;40745;7617;8228;4668247;59034019;8228;63726339;63767084;0;3395;0;2700;20649;7421;34165;0;7059720;113548;0;0;7173268;7207433;100000;0;1554203;54905448;0;0;56559651;63767084;
45253;900060537;2019-12-31;2019;MILES;23609;83085;4529197;330585;4966476;589552;0;0;37376;0;626928;5593404;1156787;338514;0;42705;121730;366035;2025771;0;0;0;0;0;0;2025771;200000;1602978;12331;1752324;0;0;3567633;5593404;
45254;900060537;2019-12-31;2018;MILES;20047;102619;3535725;316098;3974489;616324;0;0;241261;0;857585;4832074;1288692;354905;0;45441;116328;104672;1910038;0;0;0;0;0;0;1910038;200000;1602978;12331;1106727;0;0;2922036;4832074;
45255;890943038;2019-12-31;2019;MILES;6921;143835;2309519;366387;2826662;14905;150788;1596889;4669741;150788;6583111;9409773;0;1436320;0;114382;248187;0;1798889;0;572965;228785;0;0;801750;2600639;40000;70144;2615767;4083223;0;0;6809134;9409773;
45256;890943038;2019-12-31;2018;MILES;4340;89455;2611949;383144;3088888;22704;138121;1596889;3848477;138121;5744312;8833200;0;1956644;0;88946;192231;0;2237821;0;572967;248532;0;0;821499;3059320;40000;70144;2463504;3200232;0;0;5773880;8833200;
45257;830133132;2019-12-31;2019;MILES;1417815;3770296;2628900;5812;7822823;1192209;0;0;151360;0;1343569;9166392;281520;3974511;0;0;3223651;1321956;8801638;1177416;0;0;0;0;1177416;9979054;300000;0;150000;-1262662;0;0;-812662;9166392;
45258;830133132;2019-12-31;2018;MILES;964323;2576964;2467005;91332;6099624;1264420;0;0;356547;0;1620967;7720591;378514;1913486;0;5663;2030339;3316052;7644054;1266892;0;0;0;0;1266892;8910946;300000;0;150000;-1640355;0;0;-1190355;7720591;
45259;800043728;2019-12-31;2019;MILES;1551470;3572;8718;0;1563760;0;0;567569;2701513;0;3269082;4832842;8597;5386;0;7294;4227;0;25504;3490000;0;0;0;0;3490000;3515504;570000;0;50796;380021;0;316521;1317338;4832842;
45260;800043728;2019-12-31;2018;MILES;48291;0;9445;0;57736;0;0;569900;706401;0;1276301;1334037;8734;509;0;6037;7606;0;22886;0;0;0;0;0;0;22886;570000;0;50796;373834;0;316521;1311151;1334037;
45261;824004532;2019-12-31;2019;MILES;9731;16379;635614;722022;1383746;5389094;0;0;99000;0;5488094;6871840;0;1481356;0;0;0;0;1481356;0;0;0;0;1190057;1190057;2671413;50000;0;19757;315613;0;3815057;4200427;6871840;
45262;824004532;2019-12-31;2018;MILES;29632;9428;511098;378895;929053;5616395;0;0;99000;0;5715395;6644448;0;2028667;0;0;447189;0;2475856;0;0;0;0;0;0;2475856;50000;0;19757;283778;0;3815057;4168592;6644448;
45263;801004232;2019-12-31;2019;MILES;16558;4042;1060893;4639756;5721249;32342;0;393676;902135;0;1328153;7049402;1342413;1884366;0;14228;71728;453497;3766232;630499;0;95265;0;643380;1369144;5135376;830000;0;39372;1044654;0;0;1914026;7049402;
45264;801004232;2019-12-31;2018;MILES;149095;4042;2912473;5748248;8813858;39913;0;393676;1629894;0;2063483;10877341;258079;3740478;0;16064;102989;1163868;5281478;1655037;200000;95265;0;1683324;3633626;8915104;830000;0;86705;1045532;0;0;1962237;10877341;
45265;808003827;2019-12-31;2019;MILES;43211;34102;570805;0;648118;0;0;434355;2662597;0;3096952;3745070;220917;71577;0;50128;62486;0;405108;0;467867;163009;0;8902;639778;1044886;500000;0;10285;2167535;0;22364;2700184;3745070;
45266;808003827;2019-12-31;2018;MILES;29043;34102;516841;0;579986;0;0;501594;2795088;0;3296682;3876668;9457;42866;2388;9429;26613;0;90753;0;637005;400408;0;3442;1040855;1131608;500000;0;10285;1158644;0;1076131;2745060;3876668;
45267;900770349;2019-12-31;2019;MILES;4912;907565;0;0;912477;0;57560331;0;-57556148;57560331;57564514;58476991;0;117714;0;0;0;12065;129779;54467052;0;0;0;0;54467052;54596831;117130;26108307;0;-22345277;0;0;3880160;58476991;
45268;900770349;2019-12-31;2018;MILES;2369;907720;0;0;910089;0;62375342;0;-62375342;62375342;62375342;63285431;0;223553;0;0;0;10197;233750;59559244;0;0;0;0;59559244;59792994;11520;15652912;0;-12171995;0;0;3492437;63285431;
45269;806005340;2019-12-31;2019;MILES;669539;766351;3521547;0;4957437;0;0;0;18229682;0;18229682;23187119;0;2800521;0;134105;124102;0;3058728;0;0;712072;0;12283382;12995454;16054182;750000;3950000;65305;1875497;0;492135;7132937;23187119;
45270;806005340;2019-12-31;2018;MILES;165693;13990328;6369101;517285;21042407;37878143;0;0;2024685;0;39902828;60945235;23992721;1553534;12512922;315156;289563;0;38663896;0;0;436924;0;18226859;18663783;57327679;700000;0;65305;687713;0;2164538;3617556;60945235;
45271;860520741;2019-12-31;2019;MILES;21887;0;4200678;0;4222565;0;0;2875692;15224191;0;18099883;22322448;0;1232192;0;0;29876;967;1263035;0;0;47569;0;0;47569;1310604;200000;3379712;348418;17083714;0;0;21011844;22322448;
45272;860520741;2019-12-31;2018;MILES;38385;0;3970770;0;4009155;0;0;2875692;14636905;0;17512597;21521752;1990;1193963;0;0;34301;0;1230254;0;0;47569;0;0;47569;1277823;200000;3379712;348793;16315424;0;0;20243929;21521752;
45273;900592369;2019-12-31;2019;MILES;391703;843345;3406683;0;4641731;187098;0;0;166682;0;353780;4995511;0;1586956;0;0;234857;0;1821813;1677107;849164;398;0;269;2526938;4348751;25000;37011;26185;558564;0;0;646760;4995511;
45274;900592369;2019-12-31;2018;MILES;818767;751306;857898;0;2427971;151390;0;0;45825;0;197215;2625186;0;557020;0;0;99929;0;656949;1188985;737833;1597;0;0;1928415;2585364;25000;0;12500;2322;0;0;39822;2625186;
45275;900203545;2019-12-31;2019;MILES;803344;778692;961432;0;2543468;2007683;0;1979615;9856182;0;13843480;16386948;0;461864;0;8307;6072;261240;737483;0;0;918862;0;12858;931720;1669203;80938;8198494;7233135;-794822;0;0;14717745;16386948;
45276;900203545;2019-12-31;2018;MILES;506499;1780847;739495;0;3026841;2948563;0;780805;9949877;0;13679245;16706086;0;477154;0;8133;77888;579396;1142571;0;0;899413;0;2528;901941;2044512;80938;8198494;7098841;-716699;0;0;14661574;16706086;
45277;900015842;2019-12-31;2019;MILES;344152;3228;1500272;37915;1885567;134471;0;0;8102;0;142573;2028140;0;19777;0;0;8811;0;28588;0;0;0;0;1571317;1571317;1599905;432000;0;0;-3765;0;0;428235;2028140;
45278;900015842;2019-12-31;2018;MILES;139393;150228;1563450;825378;2678449;139937;0;0;10052;0;149989;2828438;228904;20319;0;0;16619;0;265842;0;0;0;0;2206753;2206753;2472595;432000;0;0;-76157;0;0;355843;2828438;
45279;900022943;2019-12-31;2019;MILES;130120;5758195;10669653;29956518;46514486;4293460;0;1083186;4035065;0;9411711;55926197;912485;3265057;0;102278;44327;1065378;5389525;22995802;91000;135038;0;20570992;43792832;49182357;2000000;0;397135;1118494;0;3228211;6743840;55926197;
45280;900022943;2019-12-31;2018;MILES;2304;2185794;7469713;17107631;26765442;4182808;0;1147056;4565186;0;9895050;36660492;1179224;1925333;0;76027;177335;604110;3962029;12915529;0;123024;0;12027948;25066501;29028530;2000000;0;387808;2003563;0;3240591;7631962;36660492;
45281;900490182;2019-12-31;2019;MILES;4;80641;19192;0;99837;213590;7560326;949804;-7560326;7560326;8723720;8823557;0;2195;0;0;32;0;2227;0;7595712;1052;0;269342;7866106;7868333;445400;0;3876;56144;0;449804;955224;8823557;
45282;900490182;2019-12-31;2018;MILES;4;82074;8450;0;90528;213590;7818304;500000;-7818304;7818304;8531894;8622422;0;2195;0;0;2247;0;4442;0;7860663;3539;0;269342;8133544;8137986;445400;0;2123;36913;0;0;484436;8622422;
45283;890301839;2019-12-31;2019;MILES;3821147;805875;6173072;7464358;18264452;3348816;1286534;0;-533546;1286534;5388338;23652790;38438;3526033;0;404308;57634;2937521;6963934;89062;0;135938;0;416676;641676;7605610;80000;0;1006194;13442202;0;1518784;16047180;23652790;
45284;890301839;2019-12-31;2018;MILES;6843041;360108;4636764;6440841;18280754;3534350;1322692;0;-933940;1322692;5245794;23526548;70497;2828778;0;349729;74633;4228138;7551775;69043;0;56467;0;426676;552186;8103961;80000;0;1006194;12817609;0;1518784;15422587;23526548;
45285;819006966;2019-12-31;2019;MILES;1219370;18856839;21162728;1169172;42408109;131573049;1603718;0;20493991;1603718;155274476;197682585;25597846;18362321;0;2907175;5647747;862379;53377468;23138015;0;10043096;0;21513250;54694361;108071829;7000000;2321342;62935406;17354008;0;0;89610756;197682585;
45286;819006966;2019-12-31;2018;MILES;2306534;11618311;21669580;1252599;36847024;121173119;1649606;0;19168942;1649606;143641273;180488297;17222541;12481293;0;2263987;3836786;504199;36308806;21102218;0;9328605;0;24962055;55392878;91701684;7000000;2321342;61431442;18033829;0;0;88786613;180488297;
45287;800056543;2019-12-31;2019;MILES;200000;166345;767894;0;1134239;4693302;1304636;0;15219151;1304636;22521725;23655964;0;3022132;0;27842;1086425;503408;4639807;1357554;1091510;1602593;0;1599645;5651302;10291109;500000;2305000;250;10441707;0;117898;13364855;23655964;
45288;800056543;2019-12-31;2018;MILES;0;86062;611016;0;697078;4693302;4084241;0;8765315;4084241;21627099;22324177;199684;190183;0;10825;790854;0;1191546;0;1333681;1175909;1253832;1106520;4869942;6061488;500000;2305000;250;13339541;0;117898;16262689;22324177;
45289;800072137;2019-12-31;2019;MILES;779738;2838699;1282237;1846377;6747051;12512427;0;0;2916984;0;15429411;22176462;1261183;2133839;0;0;0;0;3395022;2506729;16967599;0;0;0;19474328;22869350;13250540;589152;180542;-14713122;0;0;-692888;22176462;
45290;800072137;2019-12-31;2018;MILES;598922;2505990;1415408;1772117;6292437;19401955;0;0;2760199;0;22162154;28454591;3524423;1689576;0;0;0;0;5213999;5477696;17065335;0;0;0;22543031;27757030;13250540;589152;180542;-13322673;0;0;697561;28454591;
45291;800069419;2019-12-31;2019;MILES;1197239;105170;3134319;490851;4927579;1203589;0;380010;111170;0;1694769;6622348;33536;521187;0;95944;581993;0;1232660;0;0;5414;0;0;5414;1238074;17000;0;8500;5358774;0;0;5384274;6622348;
45292;800069419;2019-12-31;2018;MILES;1154331;112342;2500113;736989;4503775;1093072;0;352731;199399;0;1645202;6148977;351;680828;0;76753;472532;0;1230464;0;0;74346;0;0;74346;1304810;17000;0;3461098;1366069;0;0;4844167;6148977;
45293;830061638;2019-12-31;2019;MILES;2197865;142396758;2007350;0;146601973;795500;0;0;757444;0;1552944;148154917;0;11023908;0;0;612278;0;11636186;0;0;8275976;0;0;8275976;19912162;32999590;25306668;12017913;63592232;0;-5673648;128242755;148154917;
45294;830061638;2019-12-31;2018;MILES;1721251;97469671;0;0;99190922;808120;0;0;301735;0;1109855;100300777;0;7099348;0;0;1770;0;7101118;0;0;174709;0;0;174709;7275827;32999590;25306668;11815329;28577011;0;-5673648;93024950;100300777;
45295;800149252;2019-12-31;2019;MILES;11797;4190427;1705365;81229;5988818;10542532;0;0;0;0;10542532;16531350;655962;1638885;0;9452;144512;309465;2758276;1471744;0;0;0;0;1471744;4230020;2500000;0;93745;-280067;0;9987652;12301330;16531350;
45296;800149252;2019-12-31;2018;MILES;43210;126581;2004560;162459;2336810;10758200;0;3671567;0;0;14429767;16766577;499114;1621403;0;8165;277849;344274;2750805;1560680;0;0;0;0;1560680;4311485;2500000;0;93745;-341043;0;10202390;12455092;16766577;
45297;800254539;2019-12-31;2019;MILES;1664095;1183659;1802943;214795;4865492;35160;0;0;1045970;0;1081130;5946622;1209;2707571;117906;66236;32357;0;2925279;0;0;4278;0;0;4278;2929557;300000;0;58411;2658654;0;0;3017065;5946622;
45298;800254539;2019-12-31;2018;MILES;2874147;506530;65108;139013;3584798;51828;0;0;854124;0;905952;4490750;787;1863802;0;31613;35296;0;1931498;0;41996;8835;0;0;50831;1982329;116000;0;58411;2334010;0;0;2508421;4490750;
45299;890212736;2019-12-31;2019;MILES;863816;71651;697053;1538360;3170880;1488669;0;2765702;1779;0;4256150;7427030;0;261491;0;125860;142459;0;529810;0;0;0;0;0;0;529810;460000;0;230000;5630304;0;576916;6897220;7427030;
45300;890212736;2019-12-31;2018;MILES;720768;175547;645492;1512441;3054248;1637813;0;2765702;16576;0;4420091;7474339;97508;235469;0;116676;264703;0;714356;0;0;0;0;0;0;714356;460000;0;230000;5493067;0;576916;6759983;7474339;
45301;900053139;2019-12-31;2019;MILES;2876872;2398267;5454328;0;10729467;476305;0;20752815;77521440;0;98750560;109480027;1484070;6480962;0;42066;748808;0;8755906;0;0;1033559;0;8532;1042091;9797997;12695405;0;741494;56641236;0;29603895;99682030;109480027;
45302;900053139;2019-12-31;2018;MILES;5260477;1485852;3649157;0;10395486;518181;0;21913718;62256372;0;84688271;95083757;741493;2906828;971;31920;786535;0;4467747;0;0;925800;0;0;925800;5393547;12695405;0;741494;52186878;0;24066433;89690210;95083757;
45303;860534836;2019-12-31;2019;MILES;436635;0;11160;0;447795;574007;0;0;6097933;0;6671940;7119735;0;0;0;0;95464;0;95464;0;0;0;0;0;0;95464;139000;0;69500;6684220;0;131551;7024271;7119735;
45304;860534836;2019-12-31;2018;MILES;709090;0;0;0;709090;574007;0;0;6097933;0;6671940;7381030;0;0;0;0;93513;0;93513;0;0;0;0;0;0;93513;139000;0;69500;6947466;0;131551;7287517;7381030;
45305;890926552;2019-12-31;2019;MILES;539624;68743;1669191;0;2277558;485319;0;0;2960461;0;3445780;5723338;0;1465016;0;0;35891;0;1500907;0;0;0;0;0;0;1500907;83000;315000;41500;3782931;0;0;4222431;5723338;
45306;890926552;2019-12-31;2018;MILES;529830;61526;2313608;0;2904964;485319;0;0;2031653;0;2516972;5421936;0;1130175;0;0;106168;0;1236343;0;0;0;0;0;0;1236343;83000;315000;41500;3746093;0;0;4185593;5421936;
45307;811028339;2019-12-31;2019;MILES;1625198;2063791;5432182;0;9121171;3660734;12000;0;2111777;12000;5796511;14917682;1845768;3325298;0;1979254;0;916063;8066383;1809777;180639;62528;0;307606;2360550;10426933;1325000;0;662500;2503249;0;0;4490749;14917682;
45308;811028339;2019-12-31;2018;MILES;2058580;1408348;3036718;0;6503646;4260644;0;0;1320746;0;5581390;12085036;930495;2619838;0;2078260;0;594793;6223386;1127086;1264469;205121;0;289755;2886431;9109817;1325000;0;662500;987719;0;0;2975219;12085036;
45309;900479541;2019-12-31;2019;MILES;0;14549;0;0;14549;0;0;0;15700000;0;15700000;15714549;0;0;0;0;35;0;35;0;9369852;0;0;0;9369852;9369887;4700000;0;1500111;144551;0;0;6344662;15714549;
45310;900479541;2019-12-31;2018;MILES;0;17327;0;0;17327;0;0;0;15700000;0;15700000;15717327;0;0;0;0;19398;0;19398;0;9353232;0;0;0;9353232;9372630;4700000;0;1500111;144586;0;0;6344697;15717327;
45311;900978323;2019-12-31;2019;MILES;207982;0;934905;20022399;21165286;9304;522493;0;-522493;522493;531797;21697083;0;5913999;0;0;0;0;5913999;0;15393289;0;0;0;15393289;21307288;400000;0;0;-10205;0;0;389795;21697083;
45312;900978323;2019-12-31;2018;MILES;2328638;0;386157;4638362;7353157;2251;216820;0;-216820;216820;219071;7572228;0;2652626;0;0;7108;0;2659734;0;2151845;0;0;2372489;4524334;7184068;400000;0;0;-11840;0;0;388160;7572228;
45313;900410839;2019-12-31;2019;MILES;26597;16417;394213;1782259;2219486;3511384;218048;2370391;7972857;218048;14290728;16510214;0;225652;0;3021;32972;29219;290864;0;4367887;249075;0;0;4616962;4907826;790000;9150025;0;1662363;0;0;11602388;16510214;
45314;900410839;2019-12-31;2018;MILES;25612;14971;284869;1782259;2107711;1937423;267332;4069964;5213622;267332;11755673;13863384;0;59226;0;730;56384;76795;193135;0;1997887;217052;0;0;2214939;2408074;790000;9150025;0;1515285;0;0;11455310;13863384;
45315;900033933;2019-12-31;2019;MILES;36013;0;1965578;669850;2671441;968504;6690066;0;-6466440;6690066;7882196;10553637;135158;64454;0;107215;0;0;306827;466176;6130763;0;0;0;6596939;6903766;1000000;0;340313;2309558;0;0;3649871;10553637;
45316;900033933;2019-12-31;2018;MILES;657687;0;2187873;0;2845560;1127080;4989838;0;-4763803;4989838;6342953;9188513;8009;909949;0;88395;0;0;1006353;584976;4166009;0;0;0;4750985;5757338;1000000;0;297190;2133985;0;0;3431175;9188513;
45317;890113945;2019-12-31;2019;MILES;1117710;3856;302894;43842;1468302;31994265;17755;12870498;-17755;17755;44882518;46350820;1361111;220175;0;0;297619;260;1879165;0;902630;5345271;0;0;6247901;8127066;34000;0;26447;38163307;0;0;38223754;46350820;
45318;890113945;2019-12-31;2018;MILES;54808;3240;139719;24896;222663;32231130;17755;12870498;-17755;17755;45119383;45342046;0;14897;0;0;298097;0;312994;0;1505511;5362603;0;0;6868114;7181108;34000;0;26447;38100491;0;0;38160938;45342046;
45319;900073438;2019-12-31;2019;MILES;2283540;168545;751113;0;3203198;7105087;0;755440;11764272;0;19624799;22827997;3478;85587;0;102949;43423;0;235437;0;175502;100346;0;884873;1160721;1396158;8000000;0;7413752;6018087;0;0;21431839;22827997;
45320;900073438;2019-12-31;2018;MILES;3657302;365420;968357;0;4991079;7113806;0;755440;10956318;0;18825564;23816643;1446;299547;0;106668;95988;0;503649;0;344665;32093;0;887322;1264080;1767729;8000000;0;3585353;10463561;0;0;22048914;23816643;
45321;860043345;2019-12-31;2019;MILES;510479;11241244;15864048;567194;28182965;8968513;0;49291154;78944318;0;137203985;165386950;5414152;8444003;0;0;318754;11749104;25926013;46501918;0;5691948;0;0;52193866;78119879;47582;1073500;36321912;49824077;0;0;87267071;165386950;
45322;860043345;2019-12-31;2018;MILES;432827;11033899;25358886;1911980;38737592;6275131;0;50283538;74476231;0;131034900;169772492;4400300;9426395;0;0;376321;6861323;21064339;55625602;0;3104562;0;0;58730164;79794503;55568;1629003;44561144;43732274;0;0;89977989;169772492;
45323;890912140;2019-12-31;2019;MILES;4735706;2535680;48446848;1148062;56866296;7053182;63153219;43243354;77552527;63153219;254155501;311021797;31742122;48153452;0;592418;245253;0;80733245;2013633;80242040;1815367;0;6641963;90713003;171446248;16094000;2495766;1067573;119918210;0;0;139575549;311021797;
45324;890912140;2019-12-31;2018;MILES;1651230;2463283;36533157;9647570;50295240;9499655;92444578;30082458;17827804;92444578;242299073;292594313;27111819;30522673;0;516672;482753;0;58633917;1799725;93773208;1858131;0;5001139;102432203;161066120;16090000;2495766;1000000;111942427;0;0;131528193;292594313;
45325;900060742;2019-12-31;2019;MILES;1720624;6236752;26559040;7748733;42265149;5962785;0;600000;54325;0;6617110;48882259;22252599;7435871;0;0;104821;0;29793291;6868807;0;0;0;0;6868807;36662098;4200000;0;1100000;6920161;0;0;12220161;48882259;
45326;900060742;2019-12-31;2018;MILES;317824;4991206;16319392;5303167;26931589;4316723;0;600000;66047;0;4982770;31914359;7775919;4022625;0;0;1368743;0;13167287;7373725;0;0;0;0;7373725;20541012;2200000;0;1100000;8073347;0;0;11373347;31914359;
45327;860043044;2019-12-31;2019;MILES;41821;9175783;13011550;6057647;28286801;85564;0;0;1822695;0;1908259;30195060;0;4365725;0;328576;610130;6167768;11472199;0;0;0;0;0;0;11472199;15406;7860413;475592;10371450;0;0;18722861;30195060;
45328;860043044;2019-12-31;2018;MILES;326663;9960230;16301422;5115800;31704115;190819;0;0;2828321;0;3019140;34723255;0;3649752;0;258026;555298;8153675;12616751;0;0;0;0;0;0;12616751;15406;7860413;935937;13294748;0;0;22106504;34723255;
45329;900485553;2019-12-31;2019;MILES;11903;516335;249;0;528487;76737;1853566;2521406;-1286446;1853566;5018829;5547316;0;1952;0;8572;76051;0;86575;0;1446551;154650;0;0;1601201;1687776;51000;0;747545;3060995;0;0;3859540;5547316;
45330;900485553;2019-12-31;2018;MILES;35112;465450;141220;0;641782;69420;2684222;2521406;-2629222;2684222;5330048;5971830;0;419;0;5756;42169;0;48344;0;1954608;137936;0;0;2092544;2140888;51000;0;747545;3032397;0;0;3830942;5971830;
45331;830513238;2019-12-31;2019;MILES;13195478;3740233;18638057;1711138;37284906;1519199;0;0;19286647;0;20805846;58090752;3003596;1345247;0;548596;755822;31955806;37609067;233333;4642930;1336575;0;2299898;8512736;46121803;1854210;4838088;6505105;-1228454;0;0;11968949;58090752;
45332;830513238;2019-12-31;2018;MILES;11589710;2917034;16655282;7518948;38680974;2260309;0;0;18881738;0;21142047;59823021;8301801;2155807;0;426797;1807467;25928128;38620000;1474904;4521002;1533630;0;2507337;10036873;48656873;1854210;4747842;4703734;-139638;0;0;11166148;59823021;
45333;800020251;2019-12-31;2019;MILES;3730;3145;178059;44409;229343;977200;0;0;636775;0;1613975;1843318;0;1927;0;0;8537;0;10464;0;0;72756;0;0;72756;83220;20000;0;0;620140;0;1119958;1760098;1843318;
45334;800020251;2019-12-31;2018;MILES;647;2063;88400;47437;138547;1072200;0;0;635911;0;1708111;1846658;0;1741;0;0;11657;0;13398;0;0;88041;0;0;88041;101439;20000;0;0;605261;0;1119958;1745219;1846658;
45335;900645945;2019-12-31;2019;MILES;520637;0;3829049;0;4349686;724;0;0;6288;0;7012;4356698;0;906533;0;39755;25483;0;971771;0;0;0;0;0;0;971771;40000;0;0;-4235138;0;7580065;3384927;4356698;
45336;900645945;2019-12-31;2018;MILES;749853;0;4704446;0;5454299;1303;0;0;60872;0;62175;5516474;0;1298716;163865;26757;114447;0;1603785;0;0;0;0;0;0;1603785;40000;0;0;-4007507;0;7880196;3912689;5516474;
45337;900256838;2019-12-31;2019;MILES;535657;41020;0;0;576677;12618069;0;33258697;0;0;45876766;46453443;0;4820;0;23176;48303;0;76299;0;0;3233200;0;1339103;4572303;4648602;100000;0;8891259;22096698;0;10716884;41804841;46453443;
45338;900256838;2019-12-31;2018;MILES;755115;45665;3536;0;804316;12149341;0;27109998;61840;0;39321179;40125495;0;6743;0;24131;69067;0;99941;0;0;2573965;0;1394103;3968068;4068009;100000;0;8891259;22350976;0;4715251;36057486;40125495;
45339;900381847;2019-12-31;2019;MILES;226531;9358167;1014666;0;10599364;860585;0;0;0;0;860585;11459949;0;659563;0;0;89765;0;749328;0;0;313512;0;0;313512;1062840;20000;731445;0;9645664;0;0;10397109;11459949;
45340;900381847;2019-12-31;2018;MILES;15955;8629297;650613;0;9295865;866419;0;0;0;0;866419;10162284;0;5602;0;0;11493;628475;645570;0;0;243231;0;0;243231;888801;20000;731445;0;8522038;0;0;9273483;10162284;
45341;900126938;2019-12-31;2019;MILES;87807;3406;6637058;0;6728271;6071791;0;0;6681834;0;12753625;19481896;101688;147161;0;26721;671;982167;1258408;69375;0;35308;0;0;104683;1363091;460760;3267996;6910891;7479158;0;0;18118805;19481896;
45342;900126938;2019-12-31;2018;MILES;23331;24751;5644647;0;5692729;6148742;1859453;0;4593622;1859453;14461270;20153999;5884;141038;0;25139;39416;793510;1004987;0;0;49759;0;0;49759;1054746;460760;3267996;6910891;8459606;0;0;19099253;20153999;
45343;800130137;2019-12-31;2019;MILES;666002;105682;1483760;0;2255444;19970684;1128566;0;9262591;1128566;31490407;33745851;963154;169157;0;0;62375;32098;1226784;7358581;19172672;79666;0;0;26610919;27837703;1860000;0;138983;3400651;0;508514;5908148;33745851;
45344;800130137;2019-12-31;2018;MILES;187674;110390;3512700;0;3810764;18688212;1131775;0;8755380;1131775;29707142;33517906;2592777;315841;0;0;99756;39336;3047710;5551020;20252989;82744;0;0;25886753;28934463;1860000;0;138983;2584460;0;0;4583443;33517906;
45345;804010640;2019-12-31;2019;MILES;1539141;481733;2378652;986487;5386013;1747732;0;0;0;0;1747732;7133745;735259;424380;0;53390;410789;166493;1790311;0;0;5198;0;1873710;1878908;3669219;700000;0;393528;2370998;0;0;3464526;7133745;
45346;804010640;2019-12-31;2018;MILES;2331660;178478;5569615;2576254;10656007;1729304;0;0;106620;0;1835924;12491931;1152219;2347951;0;34342;357652;0;3892164;0;0;5198;0;1830240;1835438;5727602;700000;0;393529;5670800;0;0;6764329;12491931;
45347;890301054;2019-12-31;2019;MILES;55064316;359241;26216946;11229379;92869882;50784574;938262;4942605;30139255;938262;87742958;180612840;0;19607287;0;624709;3728010;75225;24035231;0;5190256;6288033;0;0;11478289;35513520;3083119;0;2529182;88031833;0;51455186;145099320;180612840;
45348;890301054;2019-12-31;2018;MILES;63998172;314613;25051358;12453234;101817377;50089587;906407;4761662;34410793;906407;91074856;192892233;0;30133421;0;601226;2917729;36064;33688440;0;7548140;5433607;0;0;12981747;46670187;3083119;0;2529182;89154559;0;51455186;146222046;192892233;
45349;860450644;2019-12-31;2019;MILES;1583307;338363;1333726;0;3255396;54493;0;0;24843;0;79336;3334732;350000;97780;103855;161664;370837;0;1084136;350000;0;0;0;0;350000;1434136;1000000;0;870115;30481;0;0;1900596;3334732;
45350;860450644;2019-12-31;2018;MILES;1671938;190059;1284198;0;3146195;65982;0;0;0;0;65982;3212177;350000;81861;0;226842;447862;0;1106565;350000;0;0;0;0;350000;1456565;800000;0;905819;49793;0;0;1755612;3212177;
45351;900454236;2019-12-31;2019;MILES;2610433;437237;615601;0;3663271;19233;12310423;134480409;-10094978;12310423;149025510;152688781;9201;1533523;0;42543;232885;0;1818152;34466412;6085734;7284700;0;163920;48000766;49818918;4100000;25074502;1094880;72600481;0;0;102869863;152688781;
45352;900454236;2019-12-31;2018;MILES;1592662;846068;1145928;0;3584658;0;14196420;59445327;-14196420;14196420;73641747;77226405;0;1264576;0;42184;468154;0;1774914;10840000;18371379;0;0;12408925;41620304;43395218;4000000;13051623;1004291;15775273;0;0;33831187;77226405;
45353;900395752;2019-12-31;2019;MILES;8039243;20330729;63380;0;28433352;0;50436825;0;-22950675;50436825;77922975;106356327;0;51165;0;0;396934;0;448099;223085;0;1747692;0;0;1970777;2418876;10000;0;0;103927451;0;0;103937451;106356327;
45354;900395752;2019-12-31;2018;MILES;16008000;0;70364225;0;86372225;0;3000000;0;25481150;3000000;31481150;117853375;0;9589431;0;0;1099158;0;10688589;315000;0;1911777;0;0;2226777;12915366;10000;0;0;104928009;0;0;104938009;117853375;
45355;900477542;2019-12-31;2019;MILES;0;5965;458767;0;464732;63306;900000;5591094;26037874;900000;33492274;33957006;154273;172274;0;0;408;0;326955;497061;906327;230048;0;0;1633436;1960391;52000;3684840;1861677;2246184;0;24151914;31996615;33957006;
45356;900477542;2019-12-31;2018;MILES;2255;396;1146810;0;1149461;91088;900000;2223595;-380000;900000;3734683;4884144;0;1111519;0;0;6203;0;1117722;0;546102;0;0;0;546102;1663824;50000;0;1877165;-15488;0;1308643;3220320;4884144;
45357;830054444;2019-12-31;2019;MILES;788576;1439969;4105215;1247889;7581649;9049305;0;878420;0;0;9927725;17509374;17730;4063736;0;157135;1271930;39407;5549938;1456450;0;607839;0;185848;2250137;7800075;863004;1291072;287430;7267793;0;0;9709299;17509374;
45358;830054444;2019-12-31;2018;MILES;698856;1042414;2676107;566583;4983960;11319827;0;886204;0;0;12206031;17189991;9668;3390627;0;123890;754691;0;4278876;3622142;0;573485;0;55167;4250794;8529670;510000;1291072;219418;6639831;0;0;8660321;17189991;
45359;890924840;2019-12-31;2019;MILES;201881;0;7999434;0;8201315;4429790;0;313021350;28915674;0;346366814;354568129;3348722;14269835;0;0;1224056;3242344;22084957;0;0;25982449;0;0;25982449;48067406;1640000;0;34231611;227088014;0;43541098;306500723;354568129;
45360;890924840;2019-12-31;2018;MILES;202106;62206;5537676;0;5801988;50790883;0;249818700;29967110;0;330576693;336378681;6197814;12447916;0;0;1367294;264006;20277030;0;0;27166597;0;0;27166597;47443627;1640000;0;34231611;209522345;0;43541098;288935054;336378681;
45361;890900836;2019-12-31;2019;MILES;441318;3806453;20919822;3423152;28590745;95322;0;0;3986642;0;4081964;32672709;10696548;1300207;0;122455;0;7183775;19302985;8941090;0;645054;332219;0;9918363;29221348;2200000;0;2074988;-823627;0;0;3451361;32672709;
45362;890900836;2019-12-31;2018;MILES;434902;4263428;23427699;22617885;50743914;110286;0;0;4120969;0;4231255;54975169;19850773;1366055;0;134363;0;19395283;40746474;9457425;0;372947;458403;0;10288775;51035249;2200000;0;2074988;-335068;0;0;3939920;54975169;
45363;860514047;2019-12-31;2019;MILES;391420;1639759;285907;15318;2332404;3850549;36418;0;1161239;36418;5084624;7417028;439798;299112;0;357536;284171;443679;1824296;337562;0;0;0;112645;450207;2274503;250000;180008;42999;943076;0;3726442;5142525;7417028;
45364;860514047;2019-12-31;2018;MILES;289847;1479605;417521;17245;2204218;3558037;47303;0;989889;47303;4642532;6846750;165246;232518;0;245560;104894;277695;1025913;758969;0;0;0;122437;881406;1907319;250000;180008;42999;586789;0;3879635;4939431;6846750;
45365;900143089;2019-12-31;2019;MILES;0;45804;71120;0;116924;152199;0;0;1914092;0;2066291;2183215;980224;432941;0;0;6254;0;1419419;0;0;0;0;0;0;1419419;21000;0;10500;732296;0;0;763796;2183215;
45366;900143089;2019-12-31;2018;MILES;2058;46691;71120;0;119869;152199;0;0;1914092;0;2066291;2186160;978623;435000;0;0;2689;0;1416312;0;0;0;0;0;0;1416312;21000;0;10500;738348;0;0;769848;2186160;
45367;860051936;2019-12-31;2019;MILES;421406;479295;100080;0;1000781;12465943;8657447;48632646;-1053248;8657447;77360235;78361016;714045;23849;0;77140;483795;82120;1380949;8078499;25205901;1779393;0;0;35063793;36444742;102000;0;823828;40990446;0;0;41916274;78361016;
45368;860051936;2019-12-31;2018;MILES;273945;421708;414901;0;1110554;12330262;8454702;42856025;-4155803;8454702;67939888;69050442;0;52466;0;74928;399426;69061;595881;9506589;23293465;1810003;0;0;34610057;35205938;102000;0;823828;32918676;0;0;33844504;69050442;
45369;800051655;2019-12-31;2019;MILES;1943842;53612;1238968;8344;3244766;3354305;0;0;5010531;0;8364836;11609602;0;58590;0;28451;49291;0;136332;0;0;0;199888;0;199888;336220;900000;0;450000;9923382;0;0;11273382;11609602;
45370;800051655;2019-12-31;2018;MILES;3495288;34510;1386971;8344;4925113;3334209;0;0;4797428;0;8131637;13056750;0;81108;0;35109;69983;0;186200;0;0;0;193778;0;193778;379978;900000;0;450000;11326772;0;0;12676772;13056750;
45371;830037946;2019-12-31;2019;MILES;96656174;866559;14314659;153398343;265235735;562740238;0;0;27100403;0;589840641;855076376;5397362;113826146;165623;0;13538042;1482774;134409947;0;0;66794616;0;5489590;72284206;206694153;19340407;143193091;61539719;424309006;0;0;648382223;855076376;
45372;830037946;2019-12-31;2018;MILES;60150929;1017261;13306641;157689383;232164214;548682138;0;0;27550340;0;576232478;808396692;194563;113848938;1200000;0;11029955;1670132;127943588;0;0;67520307;0;0;67520307;195463895;16500195;40333337;8539719;547559546;0;0;612932797;808396692;
45373;800150538;2019-12-31;2019;MILES;5662939;969459;287939;0;6920337;5750746;24645;0;159570088;24645;165370124;172290461;0;4161474;0;13807;3877229;72044;8124554;0;16036730;45514;0;0;16082244;24206798;1121485;338320;20493186;126130672;0;0;148083663;172290461;
45374;800150538;2019-12-31;2018;MILES;6398557;896499;151117;0;7446173;5811834;82272308;0;-38339957;82272308;132016493;139462666;0;280051;0;10511;124031;1122;415715;0;0;45514;0;0;45514;461229;1061805;99600;-1979364;139819396;0;0;139001437;139462666;
45375;900227436;2019-12-31;2019;MILES;477039;0;8144618;44846;8666503;394627;0;10824207;19719134;0;30937968;39604471;0;793396;0;0;52481;0;845877;0;0;1002827;0;0;1002827;1848704;20782;0;4146482;7385913;0;26202590;37755767;39604471;
45376;900227436;2019-12-31;2018;MILES;1521841;0;7645350;69975;9237166;9836528;0;383646;17504509;0;27724683;36961849;0;846014;0;15977;162619;0;1024610;0;0;890425;0;0;890425;1915035;20782;0;4146482;4676960;0;26202590;35046814;36961849;
45377;900494418;2019-12-31;2019;MILES;6679;29447;0;0;36126;0;4416622;70332;2773090;4416622;11676666;11712792;0;233486;0;0;0;0;233486;0;1374718;0;0;0;1374718;1608204;347062;0;41536;9715990;0;0;10104588;11712792;
45378;900494418;2019-12-31;2018;MILES;48989;27085;0;0;76074;0;4656158;70332;2533554;4656158;11916202;11992276;0;434810;0;0;0;0;434810;0;1464189;0;0;0;1464189;1898999;347062;0;41536;9704679;0;0;10093277;11992276;
45379;900071743;2019-12-31;2019;MILES;635;51383;62551;0;114569;13077543;0;468646;300000;0;13846189;13960758;0;0;0;24607;54023;0;78630;0;0;0;0;4381588;4381588;4460218;400000;0;200000;8900540;0;0;9500540;13960758;
45380;900071743;2019-12-31;2018;MILES;10111;267885;14771;0;292767;9297921;0;1743646;3759060;0;14800627;15093394;0;319652;0;19838;151982;0;491472;0;0;0;0;5135849;5135849;5627321;400000;0;200000;8866073;0;0;9466073;15093394;
45381;900529440;2019-12-31;2019;MILES;1061117;26577;1527527;779604;3394825;15693820;851269;6619498;11737586;851269;35753442;39148267;1125456;3509976;0;434124;787050;0;5856606;13727835;4980621;1733650;0;1109538;21551644;27408250;286580;10008337;4665438;-3220338;0;0;11740017;39148267;
45382;900529440;2019-12-31;2018;MILES;22200;615237;3156596;0;3794033;17371064;1678616;0;4899715;1678616;25628011;29422044;4550953;2366400;0;239779;212886;0;7370018;4325834;6743719;5722492;0;1109538;17901583;25271601;286580;10008337;21594;-6166068;0;0;4150443;29422044;
45383;900379785;2019-12-31;2019;MILES;11033;37121;657937;0;706091;0;4664573;0;3612025;4664573;12941171;13647262;0;46925;0;0;44971;1922;93818;0;4985716;0;0;0;4985716;5079534;10034;4799889;0;3757805;0;0;8567728;13647262;
45384;900379785;2019-12-31;2018;MILES;12775;38051;0;0;50826;0;4452955;0;2493663;4452955;11399573;11450399;0;0;0;0;44625;344;44969;0;2614182;0;0;0;2614182;2659151;10034;4799889;0;3981325;0;0;8791248;11450399;
45385;900418344;2019-12-31;2019;MILES;2575;0;152123179;746981;152872735;0;0;0;116143;0;116143;152988878;0;62744828;0;329580;1537167;0;64611575;24436223;0;0;49624364;11537321;85597908;150209483;9200;0;4500;2397717;0;367978;2779395;152988878;
45386;900418344;2019-12-31;2018;MILES;21886;0;151247675;746981;152016542;0;0;0;113398;0;113398;152129940;0;64261375;0;353024;1331760;0;65946159;24259075;0;0;49487415;10390394;84136884;150083043;9200;0;4500;1665219;0;367978;2046897;152129940;
45387;800150536;2019-12-31;2019;MILES;81;0;737896;0;737977;276904;0;20688695;51578188;0;72543787;73281764;484500;1722479;0;0;0;0;2206979;0;1358485;1317373;0;1228404;3904262;6111241;3303996;0;15022825;48843702;0;0;67170523;73281764;
45388;800150536;2019-12-31;2018;MILES;596464;0;661123;0;1257587;297802;0;17405709;49351350;0;67054861;68312448;2800858;355125;0;0;63918;0;3219901;0;1124853;2361710;0;812500;4299063;7518964;3303996;0;10851734;46637754;0;0;60793484;68312448;
45389;900007654;2019-12-31;2019;MILES;186036;709507;2684474;6889796;10469813;4194037;0;3021150;998142;0;8213329;18683142;672040;13985224;0;216982;70747;525076;15470069;0;0;509401;0;0;509401;15979470;540000;0;202073;1175302;0;786297;2703672;18683142;
45390;900007654;2019-12-31;2018;MILES;243830;558717;3250968;7812251;11865766;4272318;0;3021150;741217;0;8034685;19900451;493495;15009659;0;247324;93596;102718;15946792;0;0;515520;0;0;515520;16462312;540000;0;202073;1909769;0;786297;3438139;19900451;
45391;900784939;2019-12-31;2019;MILES;4698;0;10055044;0;10059742;74524;0;2539302;947118;0;3560944;13620686;0;78573;7891;71554;119018;1000;278036;0;0;0;0;0;0;278036;100000;0;16718762;-3476112;0;0;13342650;13620686;
45392;900784939;2019-12-31;2018;MILES;5520;0;9870284;0;9875804;91994;0;3825439;978450;0;4895883;14771687;0;266397;55933;28764;66119;4130;421343;0;0;0;0;0;0;421343;100000;0;16127932;-1877588;0;0;14350344;14771687;
45393;900259337;2019-12-31;2019;MILES;3021833;0;699142;0;3720975;2002025;13915936;0;43124591;13915936;72958488;76679463;0;1499339;0;10244;589129;0;2098712;38273662;21332209;153981;0;14164894;73924746;76023458;171639;1486116;0;-1001750;0;0;656005;76679463;
45394;900259337;2019-12-31;2018;MILES;1201565;0;765559;0;1967124;1497050;15228517;0;42225576;15228517;74179660;76146784;0;1543448;0;7645;532111;0;2083204;38486961;21348514;4805;0;14116270;73956550;76039754;171639;1486116;0;-1550725;0;0;107030;76146784;
45395;900572536;2019-12-31;2019;MILES;52408;5685992;0;0;5738400;1484095;0;0;64708;0;1548803;7287203;0;14029;0;0;94248;0;108277;0;0;0;6659326;0;6659326;6767603;30000;0;15000;474600;0;0;519600;7287203;
45396;900572536;2019-12-31;2018;MILES;103353;5465627;0;0;5568980;1519411;0;0;0;0;1519411;7088391;0;0;0;0;59956;0;59956;0;0;0;6650895;0;6650895;6710851;30000;0;15000;332540;0;0;377540;7088391;
45397;800182442;2019-12-31;2019;MILES;184495;1790167;1966346;1432859;5373867;0;0;7723525;2713096;0;10436621;15810488;0;0;0;0;76690;714731;791421;0;1099952;129549;0;118283;1347784;2139205;6578944;5743798;852731;495810;0;0;13671283;15810488;
45398;800182442;2019-12-31;2018;MILES;141326;2776428;2646462;1439199;7003415;0;0;6964803;2633656;0;9598459;16601874;171180;0;0;0;181941;870334;1223455;0;1449952;0;0;118283;1568235;2791690;6578944;5743798;852731;634711;0;0;13810184;16601874;
45399;900525059;2019-12-31;2019;MILES;309091;62121;838490;817973;2027675;54839;0;0;40800;0;95639;2123314;185395;296770;0;32455;184789;61985;761394;0;0;6216;0;0;6216;767610;100000;0;50000;1205704;0;0;1355704;2123314;
45400;900525059;2019-12-31;2018;MILES;357422;67428;820072;751606;1996528;12031;0;0;25500;0;37531;2034059;29487;466647;0;24973;265453;21583;808143;0;0;7606;0;0;7606;815749;100000;0;61213;1057097;0;0;1218310;2034059;
45401;900165937;2019-12-31;2019;MILES;95567;1583891;645945;0;2325403;3094737;0;0;1877104;0;4971841;7297244;0;13849;0;0;3930;38151;55930;0;1096392;277752;0;2057178;3431322;3487252;658000;0;221775;1808699;0;1121518;3809992;7297244;
45402;900165937;2019-12-31;2018;MILES;233087;1740246;80438;0;2053771;2945407;3344;0;2250611;3344;5202706;7256477;0;62912;0;0;38484;56029;157425;0;440138;277752;0;2659531;3377421;3534846;657122;0;221775;1721216;0;1121518;3721631;7256477;
45403;860353151;2019-12-31;2019;MILES;140192;209024;5642061;0;5991277;1549200;0;1558370;2736010;0;5843580;11834857;0;2092485;0;68696;130760;0;2291941;0;0;48262;0;0;48262;2340203;2500000;969570;518167;5506917;0;0;9494654;11834857;
45404;860353151;2019-12-31;2018;MILES;418573;153481;6022352;0;6594406;1597086;0;1386413;1989960;0;4973459;11567865;0;2087077;0;76940;116716;152660;2433393;0;0;38225;0;0;38225;2471618;2500000;969570;476756;5149921;0;0;9096247;11567865;
45405;900420437;2019-12-31;2019;MILES;1692;58033;0;0;59725;0;2551644;0;9104593;2551644;14207881;14267606;141667;2000;0;0;22229;0;165896;0;0;0;0;792136;792136;958032;25000;0;496260;12788314;0;0;13309574;14267606;
45406;900420437;2019-12-31;2018;MILES;3952;29290;0;0;33242;0;2411644;0;9039116;2411644;13862404;13895646;141667;0;0;0;3191;59;144917;0;0;0;0;865079;865079;1009996;25000;0;290783;12569867;0;0;12885650;13895646;
45407;900653438;2019-12-31;2019;MILES;58035;634280;345982;1423815;2462112;6091;0;0;209000;0;215091;2677203;0;597517;0;0;19971;0;617488;0;0;0;1901652;0;1901652;2519140;50000;0;3152;104911;0;0;158063;2677203;
45408;900653438;2019-12-31;2018;MILES;153186;691336;3111443;6435566;10391531;6091;0;0;209000;0;215091;10606622;3616021;1673725;0;5146;47654;4984705;10327251;0;0;0;0;0;0;10327251;50000;0;3152;226219;0;0;279371;10606622;
45409;860042141;2019-12-31;2019;MILES;5488547;5951154;56878631;42291790;110610122;283954401;0;3369982;48976184;0;336300567;446910689;387421;41999929;0;4205674;4247161;679561;51519746;152853442;71942372;39581562;0;4153943;268531319;320051065;2899331;83264267;6457407;-105046247;0;139284866;126859624;446910689;
45410;860042141;2019-12-31;2018;MILES;4610987;6402794;51278111;47320594;109612486;283715742;0;4132532;48204464;0;336052738;445665224;733456;37337452;0;4110436;7715811;416020;50313175;182087632;41968456;36952350;0;5710612;266719050;317032225;2899331;83264267;6457407;-103234732;0;139246726;128632999;445665224;
45411;830048145;2019-12-31;2019;MILES;23646061;4811606;10276476;91939;38826082;5393564;0;0;19794763;0;25188327;64014409;2011657;1233492;1152392;4771925;4932960;31090975;45193401;7238192;920000;1209138;0;5000000;14367330;59560731;614347;20383616;281955;-16826240;0;0;4453678;64014409;
45412;830048145;2019-12-31;2018;MILES;11710205;2650954;5071470;0;19432629;4455895;0;0;18516121;0;22972016;42404645;89891;458902;347126;2704968;1739264;17587163;22927314;10000000;1800000;1267744;0;5000000;18067744;40995058;614347;20414468;281955;-19901183;0;0;1409587;42404645;
45413;800186444;2019-12-31;2019;MILES;4497;0;522;0;5019;77900;79406;0;42100058;79406;42336770;42341789;0;140;0;0;80;0;220;0;297223;0;0;0;297223;297443;35000;0;903518;26034601;0;15071227;42044346;42341789;
45414;800186444;2019-12-31;2018;MILES;24323;0;4652;0;28975;55374;218584;0;40682920;218584;41175462;41204437;0;963;0;0;62;1346;2371;0;421948;0;0;0;421948;424319;35000;0;894936;21774320;0;18075862;40780118;41204437;
45415;804017745;2019-12-31;2019;MILES;393891;1670385;4206552;4095;6274923;3566678;0;1986591;2291859;0;7845128;14120051;0;5726946;0;0;2469708;0;8196654;0;0;0;0;0;0;8196654;588119;3349623;2036754;-51099;0;0;5923397;14120051;
45416;804017745;2019-12-31;2018;MILES;409912;1348258;3969934;15428;5743532;4600570;0;1914678;1797203;0;8312451;14055983;0;5919915;0;0;2413118;0;8333033;0;0;0;0;0;0;8333033;588119;3349623;2036754;-251546;0;0;5722950;14055983;
45417;804009443;2019-12-31;2019;MILES;9694;9519;613388;0;632601;1943662;929647;2728000;2482666;929647;9013622;9646223;1453;85064;0;1361;85622;0;173500;0;1051903;0;0;0;1051903;1225403;488941;0;244471;7687408;0;0;8420820;9646223;
45418;804009443;2019-12-31;2018;MILES;62889;14769;849858;0;927516;2127987;806500;2728000;2605856;806500;9074843;10002359;29617;57899;0;4281;100949;0;192746;135713;1282160;0;0;0;1417873;1610619;488941;0;239726;7663073;0;0;8391740;10002359;
45419;860511043;2019-12-31;2019;MILES;239507;83456;216694;0;539657;56671;125000;15539259;45454288;125000;61300218;61839875;0;165;0;0;95575;0;95740;0;0;887079;0;117908;1004987;1100727;845437;2013259;247560;31713128;0;25919764;60739148;61839875;
45420;860511043;2019-12-31;2018;MILES;270837;11240;78636;0;360713;66204;312822;15636186;36479106;312822;52807140;53167853;0;1976;0;0;145470;0;147446;0;0;850253;0;1219504;2069757;2217203;845337;2011508;247560;21863264;0;25982981;50950650;53167853;
45421;900196861;2019-12-31;2019;MILES;3809622;351734;564672;0;4726028;728333;0;51788860;37089932;0;89607125;94333153;0;2359529;0;0;149226;0;2508755;27929985;6035000;0;0;0;33964985;36473740;30000;0;8019497;40737271;0;9072645;57859413;94333153;
45422;900196861;2019-12-31;2018;MILES;2867381;173159;26103;0;3066643;774333;0;51788860;28326434;0;80889627;83956270;0;662393;0;0;275728;0;938121;27999987;6035000;0;0;0;34034987;34973108;30000;0;10319871;29560646;0;9072645;48983162;83956270;
45423;860046645;2019-12-31;2019;MILES;425467;30295001;44286431;0;75006899;1778072;0;0;9752027;0;11530099;86536998;14485406;9796010;0;3627011;3109813;20382763;51401003;0;0;0;0;430215;430215;51831218;1649662;0;824831;32231287;0;0;34705780;86536998;
45424;860046645;2019-12-31;2018;MILES;894187;27321080;44965214;0;73180481;2176786;0;0;9264061;0;11440847;84621328;21912822;11708463;7336;3282412;0;16368082;53279115;0;0;0;0;296544;296544;53575659;1649662;0;791585;28604422;0;0;31045669;84621328;
45425;830144243;2019-12-31;2019;MILES;582004;1819670;6238268;4110604;12750546;3461652;0;0;71747;0;3533399;16283945;3048051;3176963;23702;151391;1215920;1232319;8848346;1908793;0;0;0;0;1908793;10757139;1000000;0;524900;3995335;0;6571;5526806;16283945;
45426;830144243;2019-12-31;2018;MILES;432447;2272608;3643385;2146833;8495273;3314620;0;0;72566;0;3387186;11882459;979355;2126010;4235;139174;197322;1933962;5380058;2061401;0;0;0;0;2061401;7441459;1000000;0;524900;2909529;0;6571;4441000;11882459;
45427;900520444;2019-12-31;2019;MILES;144893;190519;16981113;0;17316525;0;0;194537073;5665525;0;200202598;217519123;22968181;94961;237470;0;120323;151939;23572874;0;0;19383510;0;0;19383510;42956384;1000;1040520;100265;173420954;0;0;174562739;217519123;
45428;900520444;2019-12-31;2018;MILES;179236;147727;1318051;0;1645014;0;0;195237928;4538093;0;199776021;201421035;4497802;650551;240554;0;72524;43294;5504725;0;0;19622299;0;0;19622299;25127024;1000;1040520;100265;175152226;0;0;176294011;201421035;
45429;860504357;2019-12-31;2019;MILES;341348;60086;1356993;5456401;7214828;460683;0;601152;982019;0;2043854;9258682;31483;45448;0;0;126459;1490297;1693687;3671201;0;0;0;0;3671201;5364888;100000;0;50000;1713278;0;2030516;3893794;9258682;
45430;860504357;2019-12-31;2018;MILES;555722;23210;1475035;9071148;11125115;462667;0;597985;982015;0;2042667;13167782;240706;97581;0;0;8227;3222207;3568721;5789162;0;0;0;0;5789162;9357883;100000;0;50000;1629383;0;2030516;3809899;13167782;
45431;900369748;2019-12-31;2019;MILES;477655;1204650;10431516;0;12113821;30016375;3731334;32726814;-2469896;3731334;67735961;79849782;2909722;23082314;0;0;1501683;0;27493719;537791;0;3470568;0;0;4008359;31502078;4000000;0;0;25336275;0;19011429;48347704;79849782;
45432;900369748;2019-12-31;2018;MILES;434225;856272;13033344;0;14323841;30016375;3293346;32726814;-2966222;3293346;66363659;80687500;4083333;22164248;0;0;2390314;0;28637895;537791;0;3470568;2909722;0;6918081;35555976;4000000;0;0;22120095;0;19011429;45131524;80687500;
45433;890210959;2019-12-31;2019;MILES;1737240;41797;1928864;0;3707901;0;0;382179;6500889;0;6883068;10590969;0;0;0;0;90932;172779;263711;0;1566793;0;0;0;1566793;1830504;109700;4467011;1233084;2950670;0;0;8760465;10590969;
45434;890210959;2019-12-31;2018;MILES;1654506;43921;1197619;0;2896046;0;0;1022179;6500889;0;7523068;10419114;0;0;0;0;96490;172823;269313;0;1538707;0;0;0;1538707;1808020;109700;4467011;1233084;2801299;0;0;8611094;10419114;
45435;900404775;2019-12-31;2019;MILES;5649;16037;773471;0;795157;0;1169960;0;13581817;1169960;15921737;16716894;0;509402;0;0;8478;0;517880;0;0;0;0;0;0;517880;100000;4370452;1096446;10632116;0;0;16199014;16716894;
45436;900404775;2019-12-31;2018;MILES;6001;19733;483563;0;509297;0;1205350;0;13391996;1205350;15802696;16311993;0;83602;0;0;22436;0;106038;0;0;0;0;0;0;106038;100000;4370452;1096446;10639057;0;0;16205955;16311993;
45437;900291352;2019-12-31;2019;MILES;232649;2021;2939491;0;3174161;123787;0;10701382;955129;0;11780298;14954459;103804;213251;0;0;229288;404846;951189;0;0;726495;0;0;726495;1677684;368402;5050933;1169459;6687981;0;0;13276775;14954459;
45438;900291352;2019-12-31;2018;MILES;71499;2772;1914121;0;1988392;145235;0;10372518;892619;0;11410372;13398764;134197;213216;0;0;200631;355333;903377;0;0;586150;0;0;586150;1489527;368402;5050933;1169459;5320443;0;0;11909237;13398764;
45439;900291873;2019-12-31;2019;MILES;69742;1122;2432382;0;2503246;102394;0;12727273;830241;0;13659908;16163154;104051;753501;0;12579;227625;784655;1882411;0;0;772113;0;0;772113;2654524;369026;5178421;2116966;5844217;0;0;13508630;16163154;
45440;900291873;2019-12-31;2018;MILES;17750;1898;2787642;0;2807290;137821;0;10700829;1928550;0;12767200;15574490;225864;1889217;0;20769;208279;355333;2699462;0;0;662472;0;0;662472;3361934;369026;5178421;1197392;5467717;0;0;12212556;15574490;
45441;900247844;2019-12-31;2019;MILES;134232;0;2372096;460243;2966571;1327719;0;0;64666;0;1392385;4358956;1378963;1190276;0;91233;141248;30749;2832469;0;0;1074;0;0;1074;2833543;450000;14519;670804;390090;0;0;1525413;4358956;
45442;900247844;2019-12-31;2018;MILES;299585;0;2375106;396575;3071266;1089822;0;0;94300;0;1184122;4255388;1236163;1442115;0;89001;193383;21784;2982446;0;0;6344;0;0;6344;2988790;400000;0;670804;195794;0;0;1266598;4255388;
45443;900442639;2019-12-31;2019;MILES;165043;0;3315202;716982;4197227;488832;0;0;789216;0;1278048;5475275;64102;2664327;0;63053;60216;0;2851698;1168425;0;0;0;651647;1820072;4671770;960000;0;0;-156495;0;0;803505;5475275;
45444;900442639;2019-12-31;2018;MILES;468852;0;3491211;1220733;5180796;506165;0;0;710568;0;1216733;6397529;74883;3069753;0;90388;117292;0;3352316;1464008;0;0;0;496799;1960807;5313123;960000;0;0;124406;0;0;1084406;6397529;
45445;900817664;2019-12-31;2019;MILES;3884;31802;0;0;35686;2288114;5832280;1855330;-4612776;5832280;11195228;11230914;0;2561076;0;0;39677;3483;2604236;0;0;510634;0;0;510634;3114870;3500121;3917341;0;698582;0;0;8116044;11230914;
45446;900817664;2019-12-31;2018;MILES;27605;0;0;0;27605;2300397;4873197;1855330;-3784670;4873197;10117451;10145056;0;2345147;0;0;82813;1607;2429567;0;0;178569;0;0;178569;2608136;3500121;3917341;0;119458;0;0;7536920;10145056;
45447;830067747;2019-12-31;2019;MILES;43665;3156075;1829646;102754;5132140;1223005;0;0;0;0;1223005;6355145;499918;1471839;0;77055;313258;0;2362070;0;0;21205;0;22665;43870;2405940;374400;0;218858;3355947;0;0;3949205;6355145;
45448;830067747;2019-12-31;2018;MILES;165125;1712182;2157443;207646;4242396;602653;0;0;0;0;602653;4845049;0;753547;0;65647;450459;0;1269653;0;0;31614;0;25665;57279;1326932;374400;0;218858;2924859;0;0;3518117;4845049;
45449;860003342;2019-12-31;2019;MILES;316503;1193825;2718131;1072838;5301297;1857253;0;0;715216;0;2572469;7873766;571274;2095283;0;82456;145246;0;2894259;376889;0;303097;0;1055207;1735193;4629452;350313;0;955800;1763038;0;175163;3244314;7873766;
45450;860003342;2019-12-31;2018;MILES;570230;841113;2704074;500799;4616216;1701701;0;0;711579;0;2413280;7029496;641754;1847037;0;67389;481388;105000;3142568;0;0;300297;0;468865;769162;3911730;350313;0;476175;2116115;0;175163;3117766;7029496;
45451;830076044;2019-12-31;2019;MILES;170317;2924383;7115708;0;10210408;4621185;0;0;1730200;0;6351385;16561793;3523375;1761446;0;0;239284;359128;5883233;2260534;0;302130;0;386206;2948870;8832103;1048500;0;391662;6289528;0;0;7729690;16561793;
45452;830076044;2019-12-31;2018;MILES;367967;1591479;6320215;0;8279661;6873548;0;0;714273;0;7587821;15867482;1874553;2320152;0;0;195520;108631;4498856;2680624;0;323074;0;0;3003698;7502554;1048500;0;296741;7019687;0;0;8364928;15867482;
45453;890900453;2019-12-31;2019;MILES;1106274;1060076;14137871;7312232;23616453;2223244;48988;0;4688144;48988;7009364;30625817;6822944;6475075;45841;287243;1768642;1162171;16561916;3110443;0;260294;0;0;3370737;19932653;2171274;3360048;2230120;2931722;0;0;10693164;30625817;
45454;890900453;2019-12-31;2018;MILES;965697;0;12327660;6898096;20191453;2231576;123475;0;3578564;123475;6057090;26248543;3718117;6559056;245841;283374;985000;160395;11951783;3914379;0;31754;0;0;3946133;15897916;2171274;782724;2179129;5217500;0;0;10350627;26248543;
45455;900862745;2019-12-31;2019;MILES;1207951;92486;104;0;1300541;0;0;0;52406064;0;52406064;53706605;0;923807;0;0;71019;0;994826;37960000;0;0;0;0;37960000;38954826;334169;33082919;0;-18665309;0;0;14751779;53706605;
45456;900862745;2019-12-31;2018;MILES;917238;54865;99;0;972202;0;0;0;52405977;0;52405977;53378179;0;900132;0;0;168912;0;1069044;37960000;0;0;0;0;37960000;39029044;279169;27637919;0;-13567953;0;0;14349135;53378179;
45457;800003644;2019-12-31;2019;MILES;594712;5425;13003553;5066081;18669771;4598113;0;4956315;52663886;0;62218314;80888085;12275272;2232613;0;367007;0;0;14874892;3046858;0;0;0;13082746;16129604;31004496;2224442;0;9153665;34069267;0;4436215;49883589;80888085;
45458;800003644;2019-12-31;2018;MILES;218910;193317;14034275;5883845;20330347;4942392;0;4956315;52663886;0;62562593;82892940;10781683;2769900;0;329512;0;0;13881095;3660798;0;0;0;16582746;20243544;34124639;2224442;0;9153691;32953953;0;4436215;48768301;82892940;
45459;800118231;2019-12-31;2019;MILES;230702;660824;211045;159476;1262047;2206216;146449;0;487576;146449;2986690;4248737;153401;633049;0;266118;118609;0;1171177;770614;0;229158;0;0;999772;2170949;169100;0;91515;1817173;0;0;2077788;4248737;
45460;800118231;2019-12-31;2018;MILES;217362;553346;256240;136620;1163568;2590382;163951;0;528614;163951;3446898;4610466;146868;659954;0;267026;175403;1019;1250270;1033329;0;295987;0;0;1329316;2579586;169100;0;91515;1770265;0;0;2030880;4610466;
45461;830076035;2019-12-31;2019;MILES;143078;320252;806261;0;1269591;418477;0;759272;0;0;1177749;2447340;0;1198650;0;47844;103347;0;1349841;434340;0;0;0;0;434340;1784181;851500;0;65527;-253868;0;0;663159;2447340;
45462;830076035;2019-12-31;2018;MILES;178825;446582;1083810;0;1709217;180206;0;759272;0;0;939478;2648695;0;1390195;0;51222;122966;0;1564383;427758;0;0;0;0;427758;1992141;594000;0;65527;-2973;0;0;656554;2648695;
45463;860002238;2019-12-31;2019;MILES;2498;243361;24365;0;270224;5351420;0;0;451439;0;5802859;6073083;0;6385;0;33665;0;0;40050;0;1148841;0;0;365698;1514539;1554589;2145390;0;1391776;-4381184;0;5362512;4518494;6073083;
45464;860002238;2019-12-31;2018;MILES;2452;243598;24365;0;270415;5775931;0;0;602094;0;6378025;6648440;0;5819;0;35285;0;0;41104;0;1051864;0;0;365698;1417562;1458666;2145390;0;1391776;-3709904;0;5362512;5189774;6648440;
45465;900072274;2019-12-31;2019;MILES;18329;7906;879888;7440439;8346562;2644;0;0;0;0;2644;8349206;31915;4536830;0;0;0;0;4568745;0;0;0;0;0;0;4568745;20000;0;10000;3750461;0;0;3780461;8349206;
45466;900072274;2019-12-31;2018;MILES;8312;262631;217259;7440439;7928641;2644;0;0;0;0;2644;7931285;1774;3928306;0;0;0;0;3930080;0;0;0;0;0;0;3930080;20000;0;10000;3971205;0;0;4001205;7931285;
45467;900443255;2019-12-31;2019;MILES;1435749;16672764;92106;0;18200619;2296144;177900;1092201;99184535;177900;102928680;121129299;1979017;85714;0;41098;79796;16334;2201959;15614420;32373619;22649;0;0;48010688;50212647;1000000;0;0;69916652;0;0;70916652;121129299;
45468;900443255;2019-12-31;2018;MILES;2388462;12917301;514216;0;15819979;1833127;16225;1092201;96499696;16225;99457474;115277453;2171983;224001;0;21632;327604;15831;2761051;16836403;37796904;0;0;0;54633307;57394358;1000000;0;0;56883095;0;0;57883095;115277453;
45469;900389646;2019-12-31;2019;MILES;703768;3064847;0;977;3769592;103333;562633;0;5536641;562633;6765240;10534832;0;307510;0;0;85319;0;392829;5064506;0;0;0;0;5064506;5457335;5000;0;0;5072497;0;0;5077497;10534832;
45470;900389646;2019-12-31;2018;MILES;136953;3361696;0;0;3498649;111333;412951;0;6088779;412951;7026014;10524663;0;1720;0;0;1685;0;3405;4919273;0;0;0;0;4919273;4922678;5000;0;0;5596985;0;0;5601985;10524663;
45471;860532244;2019-12-31;2019;MILES;2206234;6369064;22762157;11813065;43150520;9479116;4603337;0;-677840;4603337;18007950;61158470;2020607;33465673;0;0;1830160;724708;38041148;9441;46102;0;0;0;55543;38096691;2406930;0;365806;20289043;0;0;23061779;61158470;
45472;860532244;2019-12-31;2018;MILES;2936034;6041483;19345666;12164715;40487898;9861254;5736211;0;-3767230;5736211;17566446;58054344;3317441;32293187;0;0;1174286;1176117;37961031;30012;335942;0;0;0;365954;38326985;1800000;0;365806;17561553;0;0;19727359;58054344;
45473;900241946;2019-12-31;2019;MILES;32950;16436;635258;0;684644;56853;0;0;2930805;0;2987658;3672302;0;145761;11190;12741;59914;0;229606;0;0;0;0;0;0;229606;50000;0;0;2292896;0;1099800;3442696;3672302;
45474;900241946;2019-12-31;2018;MILES;164118;132123;2461742;0;2757983;79455;0;0;1926293;0;2005748;4763731;0;203870;10362;5597;420686;492;641007;0;0;104052;0;0;104052;745059;50000;0;0;2868872;0;1099800;4018672;4763731;
45475;860005658;2019-12-31;2019;MILES;2766789;6273646;1526009;3460294;14026738;16560674;0;450000;4873506;0;21884180;35910918;0;31171;0;32389;136329;7614;207503;3710102;0;2364001;0;0;6074103;6281606;900000;0;2825995;4088686;0;21814631;29629312;35910918;
45476;860005658;2019-12-31;2018;MILES;4102006;5632811;836011;4176133;14746961;16595055;0;450000;4892594;0;21937649;36684610;0;707802;0;38599;649586;1127;1397114;5449138;0;2293938;0;0;7743076;9140190;900000;0;450000;5093715;0;21100705;27544420;36684610;
45477;900141446;2019-12-31;2019;MILES;2976505;114174;668878;139995;3899552;3904495;0;0;1055000;0;4959495;8859047;1699758;1994578;0;0;0;0;3694336;0;0;0;0;0;0;3694336;973600;0;214547;3976564;0;0;5164711;8859047;
45478;900141446;2019-12-31;2018;MILES;0;0;720358;404826;1125184;2810339;0;0;1059156;0;3869495;4994679;907118;1600162;0;0;0;0;2507280;0;0;0;0;0;0;2507280;973600;0;214547;1299252;0;0;2487399;4994679;
45479;800216753;2019-12-31;2019;MILES;1219;244;27517;191;29171;70317;920869;6888277;125027;920869;8925359;8954530;0;5038;0;0;227001;0;232039;0;581938;721407;0;0;1303345;1535384;854630;0;14469;6550047;0;0;7419146;8954530;
45480;800216753;2019-12-31;2018;MILES;8559;0;77180;1856;87595;70317;805565;6826705;151538;805565;8659690;8747285;0;22976;0;0;218502;0;241478;0;565604;716181;0;0;1281785;1523263;854630;0;14469;6354923;0;0;7224022;8747285;
45481;830510846;2019-12-31;2019;MILES;1218950;120246;73922;0;1413118;253901;7500117;611511;39095154;7500117;54960800;56373918;3054820;562887;0;0;68852;0;3686559;0;13974054;123256;0;0;14097310;17783869;150000;0;77868;38362181;0;0;38590049;56373918;
45482;830510846;2019-12-31;2018;MILES;2027201;1459;1030949;0;3059609;325331;7735006;3463086;24735346;7735006;43993775;47053384;0;1377851;0;0;26850;0;1404701;0;10186022;106358;0;0;10292380;11697081;150000;0;77868;35128435;0;0;35356303;47053384;
45483;900401351;2019-12-31;2019;MILES;624113;103064;828101;0;1555278;12124037;0;0;4479053;0;16603090;18158368;0;2564586;0;0;228676;0;2793262;0;6508850;102574;0;0;6611424;9404686;6250000;0;309057;2194625;0;0;8753682;18158368;
45484;900401351;2019-12-31;2018;MILES;577341;215652;742596;0;1535589;12141480;0;0;3226002;0;15367482;16903071;0;2551383;0;0;280880;0;2832263;0;5829673;72791;0;0;5902464;8734727;6250000;0;258168;1660176;0;0;8168344;16903071;
45485;900401353;2019-12-31;2019;MILES;1284494;182604;614890;0;2081988;12227541;15492;0;2814267;15492;15072792;17154780;0;1474093;0;0;396237;0;1870330;0;5904055;100742;0;0;6004797;7875127;6250000;0;379180;2650473;0;0;9279653;17154780;
45486;900401353;2019-12-31;2018;MILES;993867;138251;590281;0;1722399;12242081;676314;0;2019557;676314;15614266;17336665;0;2618294;0;0;241517;0;2859811;0;5903060;72791;0;0;5975851;8835662;6250000;0;292632;1958371;0;0;8501003;17336665;
45487;900253902;2019-12-31;2019;MILES;28048;5840277;394061;0;6262386;63118781;0;0;0;0;63118781;69381167;2483562;1854111;0;0;0;0;4337673;0;11348291;0;0;0;11348291;15685964;1005000;11247958;502500;40939745;0;0;53695203;69381167;
45488;900253902;2019-12-31;2018;MILES;0;5840277;153890;0;5994167;63389423;0;0;0;0;63389423;69383590;2958770;0;0;0;0;1717881;4676651;0;11973297;0;0;0;11973297;16649948;1005000;11247958;502500;39978184;0;0;52733642;69383590;
45489;860062854;2019-12-31;2019;MILES;159350;4061202;28610908;5461788;38293248;1817016;7290402;2847678;31891534;7290402;51137032;89430280;7398733;3596024;3431133;530214;97469;10984803;26038376;12209342;901223;904853;0;8042040;22057458;48095834;6260000;14376090;11048392;8139763;0;1510201;41334446;89430280;
45490;860062854;2019-12-31;2018;MILES;733181;3619760;33141225;1512009;39006175;2114039;5430493;3859070;33088171;5430493;49922266;88928441;18570812;3294570;264912;768341;399229;4917527;28215391;13951564;942378;1554701;0;5637024;22085667;50301058;2000000;14376090;10601062;9946906;0;1703325;38627383;88928441;
45491;830141831;2019-12-31;2019;MILES;62212;0;3522446;0;3584658;420575;1990886;0;1939931;1990886;6342278;9926936;0;2959745;0;32122;155679;0;3147546;105303;94601;21534;0;0;221438;3368984;1200000;0;93023;1877383;0;3387546;6557952;9926936;
45492;830141831;2019-12-31;2018;MILES;109345;0;2549738;0;2659083;421933;1486859;0;2160608;1486859;5556259;8215342;0;2284762;0;15699;151615;0;2452076;75878;0;21532;0;0;97410;2549486;1200000;0;93023;1587763;0;2785070;5665856;8215342;
45493;900192585;2019-12-31;2019;MILES;420545;687149;3149263;0;4256957;21500851;0;0;0;0;21500851;25757808;0;101045;0;0;186002;0;287047;0;2327933;35028;14085681;0;16448642;16735689;4226890;0;5621424;-1187881;0;361686;9022119;25757808;
45494;900192585;2019-12-31;2018;MILES;686964;536134;2997888;0;4220986;21699359;0;0;0;0;21699359;25920345;0;279546;0;0;158209;0;437755;0;1605308;36168;14926585;0;16568061;17005816;4226890;0;5621424;-1295471;0;361686;8914529;25920345;
45495;900663894;2019-12-31;2019;MILES;49248;99026;135000;0;283274;0;0;0;48841351;0;48841351;49124625;0;4;0;0;0;0;4;0;2400232;0;0;0;2400232;2400236;22021092;0;8074376;6696829;0;9932092;46724389;49124625;
45496;900663894;2019-12-31;2018;MILES;357975;108420;1735000;0;2201395;0;0;0;40265323;0;40265323;42466718;0;2;0;0;0;0;2;0;4300228;0;0;0;4300228;4300230;22021092;0;17994478;-3790742;0;1941660;38166488;42466718;
45497;800178743;2019-12-31;2019;MILES;553865;0;897556;0;1451421;3603545;0;14144374;119768;0;17867687;19319108;0;299164;0;0;0;0;299164;11659480;0;0;0;0;11659480;11958644;2910000;0;285910;4164554;0;0;7360464;19319108;
45498;800178743;2019-12-31;2018;MILES;250040;0;1382370;0;1632410;3190430;0;14350966;120261;0;17661657;19294067;0;325783;0;0;0;0;325783;11914489;0;0;0;0;11914489;12240272;2910000;0;254424;3889371;0;0;7053795;19294067;
45499;890304131;2019-12-31;2019;MILES;53290;0;10266226;40865;10360381;35776717;5041308;0;76143513;5041308;122002846;132363227;8089723;2128271;0;177218;291197;250256;10936665;3066418;5949923;46990;0;0;9063331;19999996;9206000;20591309;18444798;9699284;0;54421840;112363231;132363227;
45500;890304131;2019-12-31;2018;MILES;578050;0;2069833;45804;2693687;36085506;3737499;0;77932800;3737499;121493304;124186991;1654696;2376401;0;160245;238517;214386;4644245;7243240;5778706;81310;0;0;13103256;17747501;9206000;20591309;18444798;3882183;0;54315200;106439490;124186991;
45501;900382545;2019-12-31;2019;MILES;1294;6886688;0;4615466;11503448;152890;0;0;55598;0;208488;11711936;0;3675260;129571;167979;2694347;0;6667157;0;0;0;0;7598;7598;6674755;60000;0;30000;4947181;0;0;5037181;11711936;
45502;900382545;2019-12-31;2018;MILES;5577;9590828;501474;475644;10573523;184604;0;0;130057;0;314661;10888184;0;2456021;121527;141279;3049838;0;5768665;0;0;0;0;0;0;5768665;60000;0;30000;5029519;0;0;5119519;10888184;
45503;900212047;2019-12-31;2019;MILES;733941;1108987;9946533;0;11789461;5474153;20420374;0;-16638134;20420374;29676767;41466228;0;987391;0;751594;1233682;0;2972667;0;37103331;495328;0;0;37598659;40571326;10000;0;5000;879902;0;0;894902;41466228;
45504;900212047;2019-12-31;2018;MILES;838825;638234;8317330;0;9794389;5601459;16773680;0;-12923199;16773680;26225620;36020009;0;1039409;0;597102;318568;0;1955079;0;33585613;384569;0;0;33970182;35925261;10000;0;-447924;532672;0;0;94748;36020009;
45505;900495644;2019-12-31;2019;MILES;386451;0;3176651;0;3563102;775738;0;0;3279;0;779017;4342119;4672;2953082;0;0;0;0;2957754;0;0;0;0;0;0;2957754;200000;0;115042;1046693;0;22630;1384365;4342119;
45506;900495644;2019-12-31;2018;MILES;789617;0;3417095;0;4206712;374383;0;0;0;0;374383;4581095;0;3589354;0;0;0;0;3589354;0;0;0;0;0;0;3589354;200000;0;75780;693331;0;22630;991741;4581095;
45507;900799846;2019-12-31;2019;MILES;61661;223982;0;4497015;4782658;5935973;19979483;22392342;-10916296;19979483;57370985;62153643;0;9862;0;0;288845;0;298707;10678755;26078190;330100;0;10005929;47092974;47391681;700000;0;350000;13711962;0;0;14761962;62153643;
45508;900799846;2019-12-31;2018;MILES;351335;139632;0;9430523;9921490;0;10064919;30345299;-1601342;10064919;48873795;58795285;0;2840;0;0;10935;0;13775;10678755;25427652;547585;0;10455930;47109922;47123697;700000;0;350000;10621588;0;0;11671588;58795285;
45509;900255443;2019-12-31;2019;MILES;0;0;16528085;0;16528085;0;0;0;122453586;0;122453586;138981671;0;193639;0;0;802;0;194441;0;0;10932065;0;7697;10939762;11134203;6124030;2449260;0;119274178;0;0;127847468;138981671;
45510;900255443;2019-12-31;2018;MILES;0;878;16551994;0;16552872;0;0;0;122453586;0;122453586;139006458;0;115264;0;0;9402;0;124666;0;0;10974757;0;0;10974757;11099423;6124030;2449260;0;119333745;0;0;127907035;139006458;
45511;830019156;2019-12-31;2019;MILES;5481056;2849455;22197440;6166;30534117;4494184;1467829;0;5016184;1467829;12446026;42980143;4057610;14697782;0;1091784;3703880;1823685;25374741;1647750;0;362781;0;1111047;3121578;28496319;8000000;0;764412;-1448950;0;7168362;14483824;42980143;
45512;830019156;2019-12-31;2018;MILES;2564787;4288792;25092950;69722;32016251;6669010;1455561;0;5816853;1455561;15396985;47413236;5816338;14521281;0;812006;2662125;2418702;26230452;2407868;0;523637;0;2231599;5163104;31393556;8000000;0;764412;86906;0;7168362;16019680;47413236;
45513;900057931;2019-12-31;2019;MILES;581163;1817225;4209088;1332140;7939616;3060923;0;0;8915729;0;11976652;19916268;53865;4156267;0;347424;0;486430;5043986;0;0;1799579;0;0;1799579;6843565;2287600;21185763;18411;-10419071;0;0;13072703;19916268;
45514;900057931;2019-12-31;2018;MILES;1045865;1136096;3127915;1528768;6838644;2400539;0;0;5765060;0;8165599;15004243;20334;2232193;0;292989;0;264492;2810008;0;0;276;0;0;276;2810284;2185400;16896373;18411;-6906225;0;0;12193959;15004243;
45515;800072209;2019-12-31;2019;MILES;25676711;67476;81466559;170793;107381539;0;0;123604202;340592056;0;464196258;571577797;1416415;3040709;0;0;369561;615898;5442583;1300474;7484750;44775375;0;9530660;63091259;68533842;173027;139080;118694;474704112;0;27909042;503043955;571577797;
45516;800072209;2019-12-31;2018;MILES;3692701;67869;68463024;498478;72722072;0;0;151652208;340592056;0;492244264;564966336;3553429;5203645;0;0;3587906;1175516;13520496;0;6835553;36278319;0;9530660;52644532;66165028;173027;139080;118694;469075765;0;29294742;498801308;564966336;
45517;901053343;2019-12-31;2019;MILES;6785904;2110506;533650;23578;9453638;1056624;0;0;24197;0;1080821;10534459;0;4618595;0;0;306982;305727;5231304;0;0;30850;0;0;30850;5262154;380958;0;139178;4752169;0;0;5272305;10534459;
45518;901053343;2019-12-31;2018;MILES;3975861;425864;3514587;0;7916312;214675;0;0;1291;0;215966;8132278;0;5001904;0;0;29039;1365332;6396275;0;0;2673;0;0;2673;6398948;380958;0;0;1352372;0;0;1733330;8132278;
45519;830146047;2019-12-31;2019;MILES;54873;250000;45561;1887639;2238073;158774;0;0;11500;0;170274;2408347;149556;329361;0;59947;25447;0;564311;0;0;0;204289;0;204289;768600;500000;0;86461;1033947;0;19339;1639747;2408347;
45520;830146047;2019-12-31;2018;MILES;182664;250000;158997;2038895;2630556;158774;0;0;11500;0;170274;2800830;510475;503850;0;44252;4630;0;1063207;0;0;0;137480;0;137480;1200687;500000;0;78883;1001921;0;19339;1600143;2800830;
45521;900385745;2019-12-31;2019;MILES;9187;7758102;2015187;0;9782476;18586229;0;0;292714;0;18878943;28661419;0;1473897;0;0;65212;2957;1542066;9914393;0;73212;0;0;9987605;11529671;1521282;13646535;0;1963931;0;0;17131748;28661419;
45522;900385745;2019-12-31;2018;MILES;398102;6947811;1101609;0;8447522;8607509;0;0;33050;0;8640559;17088081;103;138606;0;0;199111;0;337820;0;0;89352;0;0;89352;427172;1521282;13646535;0;1493092;0;0;16660909;17088081;
45523;900590645;2019-12-31;2019;MILES;529452;424779;4321459;541815;5817505;209010;0;0;0;0;209010;6026515;0;3199444;0;0;0;0;3199444;0;1269421;0;0;0;1269421;4468865;500000;0;0;934750;0;122900;1557650;6026515;
45524;900590645;2019-12-31;2018;MILES;171414;903207;462995;868994;2406610;226676;0;0;309;0;226985;2633595;0;740375;0;33930;18361;28816;821482;413503;286143;0;0;356386;1056032;1877514;500000;0;0;133181;0;122900;756081;2633595;
45525;900120671;2019-12-31;2019;MILES;1087688;0;968;0;1088656;2841776;274498;0;871096;274498;4261868;5350524;0;2456;0;7222;84500;0;94178;0;529859;331470;0;0;861329;955507;500000;1790690;400000;1704327;0;0;4395017;5350524;
45526;900120671;2019-12-31;2018;MILES;1066542;0;938;0;1067480;5429;46981;2916225;3146117;46981;6161733;7229213;0;1679;0;6704;50904;0;59287;0;531020;1016174;0;0;1547194;1606481;500000;1790690;400000;2932042;0;0;5622732;7229213;
45527;860536345;2019-12-31;2019;MILES;2388047;712221;1664741;6880991;11646000;1166092;0;0;894049;0;2060141;13706141;6256817;659531;0;0;406019;1406467;8728834;0;0;17;0;0;17;8728851;24500;0;5500;4947290;0;0;4977290;13706141;
45528;860536345;2019-12-31;2018;MILES;2555082;639475;1072108;5760615;10027280;1261135;0;0;823874;0;2085009;12112289;5931940;619807;0;0;1044152;473157;8069056;0;0;12258;0;0;12258;8081314;24500;0;5500;4000975;0;0;4030975;12112289;
45529;901077546;2019-12-31;2019;MILES;688438;424816;957077;0;2070331;644900;0;0;277626;0;922526;2992857;0;661328;0;0;0;0;661328;150000;547585;0;0;0;697585;1358913;500000;0;43379;1090565;0;0;1633944;2992857;
45530;901077546;2019-12-31;2018;MILES;276802;223750;852791;0;1353343;536000;0;0;0;0;536000;1889343;0;177667;15696;0;238186;0;431549;0;0;0;0;524000;524000;955549;500000;0;43379;390415;0;0;933794;1889343;
45531;900737153;2019-12-31;2019;MILES;20000;0;8883;0;28883;0;0;1036964;3425875;0;4462839;4491722;0;291181;0;0;0;0;291181;0;0;4609;0;0;4609;295790;30000;0;0;-259245;0;4425177;4195932;4491722;
45532;900737153;2019-12-31;2018;MILES;20000;0;7500;0;27500;0;0;1036964;3425875;0;4462839;4490339;0;220374;0;0;0;0;220374;0;0;4609;0;0;4609;224983;30000;0;0;-189821;0;4425177;4265356;4490339;
45533;800022558;2019-12-31;2019;MILES;862364;2449111;39617589;43539046;86468110;65382216;0;0;9295651;0;74677867;161145977;43708967;17600615;0;1662154;5557462;51699;68580897;6017212;0;2624230;0;183218;8824660;77405557;3976440;0;44869634;27179006;0;7715340;83740420;161145977;
45534;800022558;2019-12-31;2018;MILES;1540107;4708709;40999298;42428443;89676557;62540618;0;0;9474130;0;72014748;161691305;52798676;18786015;0;1935155;2513811;59514;76093171;11630729;0;2640602;0;183909;14455240;90548411;3976440;0;39055112;20396002;0;7715340;71142894;161691305;
45535;830002356;2019-12-31;2019;MILES;1958894;94576;1954593;239995;4248058;38107700;0;3372325;0;0;41480025;45728083;1619431;83086;0;0;18088;80173;1800778;0;0;0;0;1204714;1204714;3005492;4161800;0;848122;130212;0;37582457;42722591;45728083;
45536;830002356;2019-12-31;2018;MILES;652627;69817;2176345;168237;3067026;38036578;0;3399427;0;0;41436005;44503031;256302;100790;0;0;66826;43031;466949;0;0;0;0;1337333;1337333;1804282;4161800;0;848122;106370;0;37582457;42698749;44503031;
45537;800150547;2019-12-31;2019;MILES;2684;0;1524969;0;1527653;0;0;0;50305052;0;50305052;51832705;0;84431;0;0;2841;0;87272;0;0;0;0;0;0;87272;436114;101910;9980683;41226726;0;0;51745433;51832705;
45538;800150547;2019-12-31;2018;MILES;87691;0;812084;0;899775;0;0;0;47636863;0;47636863;48536638;0;348;0;0;0;0;348;0;0;0;0;0;0;348;436114;101910;5850835;42147431;0;0;48536290;48536638;
45539;900053064;2019-12-31;2019;MILES;1878392;5451120;8276650;11247165;26853327;3744951;0;1042950;511917;0;5299818;32153145;7106291;14297942;0;139206;384842;0;21928281;2930124;0;86113;0;3231064;6247301;28175582;1000000;0;233261;2744302;0;0;3977563;32153145;
45540;900053064;2019-12-31;2018;MILES;1864906;0;9662565;13271387;24798858;4097532;0;1042950;477313;0;5617795;30416653;0;27262500;0;0;0;0;27262500;0;0;0;0;0;0;27262500;1000000;0;196801;1957352;0;0;3154153;30416653;
45541;900106547;2019-12-31;2019;MILES;543482;363106;1336128;0;2242716;848817;0;0;1358000;0;2206817;4449533;5571;289664;0;0;220846;108269;624350;0;0;0;0;0;0;624350;400000;0;278148;3147035;0;0;3825183;4449533;
45542;900106547;2019-12-31;2018;MILES;417191;493433;1269187;0;2179811;894594;0;0;1358000;0;2252594;4432405;4795;576805;0;0;213420;76252;871272;0;0;0;0;0;0;871272;400000;0;253444;2907689;0;0;3561133;4432405;
45543;900109444;2019-12-31;2019;MILES;2013219;1400000;491792;0;3905011;1743248;30312030;34144609;-9106908;30312030;87405009;91310020;2346844;1232730;0;0;601386;2793171;6974131;8898099;14907727;1619979;0;0;25425805;32399936;500000;0;250000;58160084;0;0;58910084;91310020;
45544;900109444;2019-12-31;2018;MILES;1158233;1659654;804647;0;3622534;2082837;24023655;28984920;-2751607;24023655;76363460;79985994;1009410;2019280;0;0;1230835;1418615;5678140;9671415;13369298;967416;0;0;24008129;29686269;500000;0;250000;49549725;0;0;50299725;79985994;
45545;900480142;2019-12-31;2019;MILES;453801;110546;0;0;564347;562786;549798;0;8419134;549798;10081516;10645863;0;567664;0;0;13382;1000;582046;0;1198563;0;0;0;1198563;1780609;101000;7340000;3305766;-1881512;0;0;8865254;10645863;
45546;900480142;2019-12-31;2018;MILES;559544;106976;294045;0;960565;562786;548538;0;11748997;548538;13408859;14369424;0;123951;0;0;69814;1000;194765;0;1997950;0;0;0;1997950;2192715;101000;7340000;3305766;1429943;0;0;12176709;14369424;
45547;900331152;2019-12-31;2019;MILES;2717461;568126;2259652;2632993;8178232;3895532;0;0;11012288;0;14907820;23086052;930228;3891097;0;23197;475786;46349;5366657;534524;0;1069057;0;2887099;4490680;9857337;300000;670000;872018;2740117;0;8646580;13228715;23086052;
45548;900331152;2019-12-31;2018;MILES;159892;605574;2178203;3508102;6451771;4156603;0;0;10001046;0;14157649;20609420;509912;3810613;0;85870;199475;0;4605870;656052;0;972536;0;3129008;4757596;9363466;40000;670000;-9760;1874374;0;8671340;11245954;20609420;
45549;900183942;2019-12-31;2019;MILES;54943;54747;12050;0;121740;194199;0;5405684;1522471;0;7122354;7244094;36354;138404;0;0;1474;0;176232;56429;0;0;0;0;56429;232661;1800000;11516089;218458;-6523114;0;0;7011433;7244094;
45550;900183942;2019-12-31;2018;MILES;166037;23420;14130;0;203587;205252;0;7472942;1816004;0;9494198;9697785;31770;956955;0;33333;496;0;1022554;92748;0;0;0;0;92748;1115302;1800000;11516089;218458;-4952064;0;0;8582483;9697785;
45551;860039843;2019-12-31;2019;MILES;460225;101491;796826;0;1358542;5672883;0;0;9522814;0;15195697;16554239;0;979997;0;0;190894;8683;1179574;0;0;1015192;0;0;1015192;2194766;640;0;4545;14354288;0;0;14359473;16554239;
45552;860039843;2019-12-31;2018;MILES;696798;99668;217101;0;1013567;5736070;0;0;9661258;0;15397328;16410895;0;1821273;0;0;164341;10592;1996206;0;124045;1015368;0;0;1139413;3135619;640;0;4545;13270091;0;0;13275276;16410895;
45553;900489545;2019-12-31;2019;MILES;3333;2376198;1000;0;2380531;162525;2324845;0;-1829154;2324845;2983061;5363592;75624;0;0;0;385;0;76009;0;4736742;0;0;87181;4823923;4899932;300000;0;0;163660;0;0;463660;5363592;
45554;900489545;2019-12-31;2018;MILES;3009;2376198;197000;0;2576207;162525;2230953;0;-1742571;2230953;2881860;5458067;0;0;0;0;28461;0;28461;0;4867459;0;0;87181;4954640;4983101;300000;0;0;174966;0;0;474966;5458067;
45555;900980844;2019-12-31;2019;MILES;49334;110089;0;606271;765694;2637791;0;0;434455;0;3072246;3837940;0;51538;0;4131;15978;0;71647;0;0;0;0;2509913;2509913;2581560;110000;0;0;1146380;0;0;1256380;3837940;
45556;900980844;2019-12-31;2018;MILES;23411;13400;0;599540;636351;3477791;0;0;494883;0;3972674;4609025;0;23742;0;0;0;0;23742;0;0;0;0;2513352;2513352;2537094;110000;0;0;1961931;0;0;2071931;4609025;
45557;900261542;2019-12-31;2019;MILES;5157226;591041;68488;0;5816755;205778;16508711;14003414;-9944714;16508711;37281900;43098655;0;12406156;0;0;18524;105032;12529712;116469;0;2632103;0;0;2748572;15278284;7947933;387150;0;19485288;0;0;27820371;43098655;
45558;900261542;2019-12-31;2018;MILES;48454;4146;21193;0;73793;235029;15369486;17316832;-9479133;15369486;38811700;38885493;0;10125200;0;0;100523;174559;10400282;83969;0;3642773;0;0;3726742;14127024;7947933;387150;0;16423386;0;0;24758469;38885493;
45559;800150544;2019-12-31;2019;MILES;447304;292382;437126;0;1176812;6054827;0;0;54589136;0;60643963;61820775;184745;308120;0;22903;84291;0;600059;0;347409;157014;0;0;504423;1104482;592018;0;3442864;51165104;0;5516307;60716293;61820775;
45560;800150544;2019-12-31;2018;MILES;2351256;425831;470564;0;3247651;5711559;0;0;44620018;0;50331577;53579228;212227;529052;0;22864;108532;0;872675;0;0;140572;0;0;140572;1013247;592018;0;4810976;45773588;0;1389399;52565981;53579228;
45561;830146943;2019-12-31;2019;MILES;4209;52607;317360;0;374176;113880;4092024;4393376;613905;4092024;13305209;13679385;0;930593;0;0;16299;0;946892;0;1534603;296086;0;0;1830689;2777581;50000;0;0;5854777;0;4997027;10901804;13679385;
45562;830146943;2019-12-31;2018;MILES;3861;21312;496392;0;521565;4390869;338969;4393376;3031517;338969;12493700;13015265;0;389376;0;0;118731;0;508107;0;2554908;416984;0;0;2971892;3479999;50000;0;0;4257470;0;5227796;9535266;13015265;
45563;860009807;2019-12-31;2019;MILES;1597324;798232;4774903;304279;7474738;17378130;0;0;11779056;0;29157186;36631924;0;506557;0;1245378;3080306;0;4832241;8597435;4789119;483047;1859219;11501113;27229933;32062174;2810418;480270;3393286;-10233131;0;8118907;4569750;36631924;
45564;860009807;2019-12-31;2018;MILES;223891;2230171;6504742;83864;9042668;9255754;0;0;9691611;0;18947365;27990033;1724171;1682232;0;1403114;4932311;0;9741828;3295266;2210636;0;0;4507171;10013073;19754901;2810418;480270;2175055;1214730;0;1554659;8235132;27990033;
45565;900247545;2019-12-31;2019;MILES;77469;0;2169684;0;2247153;734019;0;0;35612;0;769631;3016784;0;151668;0;0;0;1042574;1194242;0;0;55888;0;0;55888;1250130;500000;0;0;996654;0;270000;1766654;3016784;
45566;900247545;2019-12-31;2018;MILES;423012;0;1093201;0;1516213;458832;0;0;48646;0;507478;2023691;0;129595;0;0;92467;0;222062;316902;0;3441;0;250595;570938;793000;500000;0;0;730691;0;0;1230691;2023691;
45567;900786846;2019-12-31;2019;MILES;1324;0;3354045;0;3355369;1389569;0;4350000;11322;0;5750891;9106260;0;4070;0;30518;1996;0;36584;0;8978329;0;0;0;8978329;9014913;100000;0;0;-8653;0;0;91347;9106260;
45568;900786846;2019-12-31;2018;MILES;271;0;993942;0;994213;1071381;0;4350000;74666;0;5496047;6490260;0;272;0;14860;6066;0;21198;0;6378003;0;0;0;6378003;6399201;100000;0;0;-8941;0;0;91059;6490260;
45569;900311667;2019-12-31;2019;MILES;10767;199695;1258838;0;1469300;206742;14523523;0;6409350;14523523;35663138;37132438;0;109073;0;0;318459;0;427532;0;0;5879;0;0;5879;433411;590000;1862200;250000;33996827;0;0;36699027;37132438;
45570;900311667;2019-12-31;2018;MILES;162615;372877;564916;0;1100408;248262;13990523;0;4072636;13990523;32301944;33402352;0;13807;0;0;257178;2023;273008;0;0;415982;0;0;415982;688990;500000;1760000;250000;30203362;0;0;32713362;33402352;
45571;830134971;2019-12-31;2019;MILES;6009099;5380906;15954594;935350;28279949;9622519;0;359939;568073;0;10550531;38830480;3662059;5051635;0;6188434;5762614;0;20664742;4862588;9304;786425;0;365837;6024154;26688896;1500000;0;450000;10030653;0;160931;12141584;38830480;
45572;830134971;2019-12-31;2018;MILES;9984422;4598078;10080875;708717;25372092;4852356;0;382438;0;0;5234794;30606886;3827289;4414629;0;5553352;4737638;0;18532908;419628;111330;515346;0;3522761;4569065;23101973;1500000;0;450000;5393198;0;161715;7504913;30606886;
45573;900068548;2019-12-31;2019;MILES;46456;38023;925199;703040;1712718;39541;0;0;0;0;39541;1752259;215869;80668;0;0;18802;48685;364024;419396;73790;1115;0;0;494301;858325;500000;0;60536;333398;0;0;893934;1752259;
45574;900068548;2019-12-31;2018;MILES;34580;22762;386822;848773;1292937;42355;0;0;0;0;42355;1335292;47281;47101;0;0;18817;36467;149666;290514;42332;1431;0;0;334277;483943;500000;0;56278;295071;0;0;851349;1335292;
45575;900543063;2019-12-31;2019;MILES;82961;291555;447226;0;821742;2545513;62987;14163080;26013;62987;16860580;17682322;530;911870;0;22333;96330;0;1031063;0;14676590;0;0;0;14676590;15707653;75000;2371557;0;-471888;0;0;1974669;17682322;
45576;900543063;2019-12-31;2018;MILES;182220;1298142;1072141;0;2552503;1383586;632761;13022000;-543761;632761;15127347;17679850;40;939351;0;15887;98912;0;1054190;0;14674385;0;0;0;14674385;15728575;75000;2371557;0;-495282;0;0;1951275;17679850;
45577;804005049;2019-12-31;2019;MILES;1099434;1183480;3550719;1965550;7799183;50274;0;0;44954;0;95228;7894411;1231373;687908;10153;0;1623818;938149;4491401;0;0;1735;0;0;1735;4493136;300000;300000;2322792;478483;0;0;3401275;7894411;
45578;804005049;2019-12-31;2018;MILES;151068;808078;4418350;2017862;7395358;9154;0;0;6330;0;15484;7410842;1075771;1515637;0;0;853621;352782;3797811;0;0;0;0;0;0;3797811;300000;300000;2322792;690239;0;0;3613031;7410842;
45579;816005452;2019-12-31;2019;MILES;14613;0;377811;0;392424;3393851;0;1275000;199630;0;4868481;5260905;8420;4196;0;2625;11528;0;26769;28853;0;416145;0;585796;1030794;1057563;254632;1063936;520325;2364449;0;0;4203342;5260905;
45580;816005452;2019-12-31;2018;MILES;119680;860;345030;0;465570;4401499;0;0;198641;0;4600140;5065710;0;6028;0;2089;60183;0;68300;45693;0;327101;0;677994;1050788;1119088;254632;1063936;304872;2323182;0;0;3946622;5065710;
45581;804017043;2019-12-31;2019;MILES;668414;6854825;30091901;3187317;40802457;23862289;4935342;0;5986999;4935342;39719972;80522429;9716493;9158570;0;368553;3914905;23422;23181943;6365972;0;3239909;0;0;9605881;32787824;8750600;3248408;19413622;17105385;0;-783410;47734605;80522429;
45582;804017043;2019-12-31;2018;MILES;3682820;5685062;20777846;2374071;32519799;19649092;5062887;0;5897225;5062887;35672091;68191890;12661566;7962567;0;328526;2787079;106736;23846474;0;0;3736850;0;0;3736850;27583324;8750600;3248408;11933261;17469077;0;-792780;40608566;68191890;
45583;800194952;2019-12-31;2019;MILES;55433;3824;342272;0;401529;332285;0;0;1286154;0;1618439;2019968;0;33436;0;9339;12337;0;55112;0;0;0;0;0;0;55112;10000;0;6308;1948548;0;0;1964856;2019968;
45584;800194952;2019-12-31;2018;MILES;20283;19555;399439;0;439277;343083;0;0;40750;0;383833;823110;0;30000;0;2587;31705;0;64292;0;0;0;0;0;0;64292;10000;0;6308;742510;0;0;758818;823110;
45585;860062160;2019-12-31;2019;MILES;235526;775950;1355182;0;2366658;0;0;38137676;0;0;38137676;40504334;0;22690;0;0;167692;45419;235801;0;0;9927151;0;0;9927151;10162952;118917;0;1283;26602809;0;3618373;30341382;40504334;
45586;860062160;2019-12-31;2018;MILES;193756;491351;1343536;0;2028643;0;0;38433107;0;0;38433107;40461750;0;157124;0;0;184924;64535;406583;0;0;9990096;0;0;9990096;10396679;118917;0;1283;26635855;0;3309016;30065071;40461750;
45587;890206051;2019-12-31;2019;MILES;2599260;0;27214193;0;29813453;1938497;0;0;5283968;0;7222465;37035918;9712387;4925864;0;6714860;1626546;237895;23217552;0;0;0;0;0;0;23217552;3200000;525000;1205204;8888162;0;0;13818366;37035918;
45588;890206051;2019-12-31;2018;MILES;3420982;0;20903894;0;24324876;1908610;0;0;4583565;0;6492175;30817051;7351403;3317555;0;5945733;1344647;425969;18385307;0;0;0;0;0;0;18385307;3200000;525000;1064261;7642483;0;0;12431744;30817051;
45589;900226655;2019-12-31;2019;MILES;10629;678155;1014341;0;1703125;8149963;0;5168424;1540027;0;14858414;16561539;255423;224776;0;9918;20767;0;510884;808838;1033802;1571233;0;0;3413873;3924757;4000000;0;6038312;2598470;0;0;12636782;16561539;
45590;900226655;2019-12-31;2018;MILES;15143;519280;743336;0;1277759;8214431;1020668;5514604;-860640;1020668;14909731;16187490;321116;414919;0;8156;9398;0;753589;1079635;300466;452286;0;0;1832387;2585976;4000000;0;7067257;2534257;0;0;13601514;16187490;
45591;900137583;2019-12-31;2019;MILES;34918;2222;5582472;1138026;6757638;0;0;0;0;0;0;6757638;2010080;3899761;0;0;58114;532274;6500229;0;0;0;0;0;0;6500229;100000;0;50000;107409;0;0;257409;6757638;
45592;900137583;2019-12-31;2018;MILES;341098;0;10318188;3619281;14278567;0;0;0;0;0;0;14278567;4923210;9139386;0;0;7152;0;14069748;0;0;0;0;0;0;14069748;100000;0;50000;58819;0;0;208819;14278567;
45593;800240980;2019-12-31;2019;MILES;79556;37242;3337738;0;3454536;1035138;0;0;4285120;0;5320258;8774794;0;3142009;0;1934;39557;0;3183500;0;0;154071;0;0;154071;3337571;100000;0;60056;5277167;0;0;5437223;8774794;
45594;800240980;2019-12-31;2018;MILES;157002;48465;3330099;0;3535566;1035138;0;0;3824945;0;4860083;8395649;0;2681662;0;706;41206;0;2723574;0;0;154071;0;0;154071;2877645;100000;0;60056;5357948;0;0;5518004;8395649;
45595;900312249;2019-12-31;2019;MILES;1276880;11617023;7792278;0;20686181;1942422;4978745;3984396;13826101;4978745;29710409;50396590;0;9279745;0;0;0;8337;9288082;0;0;477071;0;0;477071;9765153;211924;22945803;5734171;11739541;0;-2;40631437;50396590;
45596;900312249;2019-12-31;2018;MILES;341340;10801484;5412020;0;16554844;1920096;4829349;3761980;11841922;4829349;27182696;43737540;0;5674092;0;0;147843;13795;5835730;0;0;454654;0;0;454654;6290384;202520;21678106;343025;15223507;0;-2;37447156;43737540;
45597;900854161;2019-12-31;2019;MILES;3438;3039;23749337;0;23755814;0;0;0;0;0;0;23755814;0;675559;0;0;3916;0;679475;0;23274976;0;0;0;23274976;23954451;50000;0;0;-248637;0;0;-198637;23755814;
45598;900854161;2019-12-31;2018;MILES;405386;9238;23954019;0;24368643;0;0;0;0;0;0;24368643;0;6445758;0;0;21934;0;6467692;0;18100800;0;0;0;18100800;24568492;50000;0;0;-249849;0;0;-199849;24368643;
45599;900218054;2019-12-31;2019;MILES;2219595;746273;6693230;0;9659098;50411;0;160000;0;0;210411;9869509;4029;143399;0;24821;162815;0;335064;31811;3160430;0;308578;179194;3680013;4015077;1200000;0;89498;4564934;0;0;5854432;9869509;
45600;900218054;2019-12-31;2018;MILES;2654378;353274;1847322;0;4854974;45541;0;0;0;0;45541;4900515;3011;3822;0;22418;44614;51121;124986;36444;1409372;0;149922;467275;2063013;2187999;1200000;0;89498;1423018;0;0;2712516;4900515;
45601;890901352;2019-12-31;2019;MILES;8944645;7456531;14827189;4086833;35315198;28834359;0;0;8659353;0;37493712;72808910;34038;8695468;0;2707390;1542948;4388248;17368092;0;2577737;5966045;0;12510823;21054605;38422697;160000;0;6562620;-6538509;0;34202102;34386213;72808910;
45602;890901352;2019-12-31;2018;MILES;7275686;10920007;28902672;5331069;52429434;29607662;0;0;7242670;0;36850332;89279766;43040;9556627;0;5748395;842655;4364598;20555315;0;934388;5804979;0;13275608;20014975;40570290;160000;0;20303058;-5914059;0;34160477;48709476;89279766;
45603;804000248;2019-12-31;2019;MILES;1117107;11384;849122;0;1977613;3499806;281173;0;137080;281173;4199232;6176845;0;337675;0;18928;30676;58764;446043;0;884302;713194;0;0;1597496;2043539;510000;0;680008;1422298;0;1521000;4133306;6176845;
45604;804000248;2019-12-31;2018;MILES;1479561;45497;769782;0;2294840;4008380;263314;0;169742;263314;4704750;6999590;0;141782;0;21689;0;894157;1057628;0;903543;735481;0;0;1639024;2696652;510000;0;631438;1640500;0;1521000;4302938;6999590;
45605;890901352;2019-07-31;2019;MILES;7275686;10927885;28894793;5331069;52429433;29607662;0;0;7242670;0;36850332;89279765;43040;9556627;0;5748395;842655;4364598;20555315;0;934387;5804979;0;13275608;20014974;40570289;160000;0;20303047;-5914059;0;34160488;48709476;89279765;
45606;890901352;2019-07-31;2018;MILES;11870727;8681665;16246433;4763535;41562360;83413636;0;0;10359610;0;93773246;135335606;12925;9674181;0;3745592;1802832;4604432;19839962;0;3312850;10489993;0;14900630;28703473;48543435;160000;0;32331085;5126953;0;49174133;86792171;135335606;
45607;900235851;2019-12-31;2019;MILES;7297514;0;1776369;0;9073883;1019710;0;0;608012;0;1627722;10701605;0;68844;302;0;4111;0;73257;0;0;0;0;0;0;73257;7375;505160;0;10115813;0;0;10628348;10701605;
45608;900235851;2019-12-31;2018;MILES;7898761;0;1458044;0;9356805;1028622;0;0;596357;0;1624979;10981784;0;64386;0;0;139084;0;203470;0;0;0;0;0;0;203470;7375;505160;0;10265779;0;0;10778314;10981784;
45609;830079354;2019-12-31;2019;MILES;265865;54450;12597;0;332912;1834000;0;0;5606911;0;7440911;7773823;802682;15699;0;1414;22906;0;842701;0;0;2054041;0;0;2054041;2896742;100000;0;6160;4770921;0;0;4877081;7773823;
45610;830079354;2019-12-31;2018;MILES;260806;49164;99251;0;409221;1879200;0;0;5463313;0;7342513;7751734;917385;16624;0;1796;29993;0;965798;0;0;2018905;0;0;2018905;2984703;100000;0;6160;4660871;0;0;4767031;7751734;
45611;890936265;2019-12-31;2019;MILES;163765;0;1815565;2245928;4225258;55720;0;141633;19627;0;216980;4442238;323783;1721190;0;148032;274967;254954;2722926;0;0;0;0;0;0;2722926;500000;0;334767;884545;0;0;1719312;4442238;
45612;890936265;2019-12-31;2018;MILES;321922;0;1380735;2125344;3828001;89755;0;451251;22363;0;563369;4391370;600959;1397248;0;71110;293249;41987;2404553;86167;0;0;0;0;86167;2490720;500000;0;334767;1065883;0;0;1900650;4391370;
45613;900295156;2019-12-31;2019;MILES;984324;342511;652966;0;1979801;442755;0;0;0;0;442755;2422556;23109;595907;0;0;0;0;619016;0;0;0;0;130952;130952;749968;200000;0;20000;1452588;0;0;1672588;2422556;
45614;900295156;2019-12-31;2018;MILES;668082;504213;647016;0;1819311;152435;0;0;0;0;152435;1971746;30;129708;0;0;0;0;129738;0;0;0;0;0;0;129738;200000;0;20000;1622008;0;0;1842008;1971746;
45615;901126856;2019-12-31;2019;MILES;3299817;6078;0;0;3305895;3087506;0;0;5347644;0;8435150;11741045;0;0;0;0;21834;854443;876277;0;0;0;0;5650871;5650871;6527148;1000;0;0;1796742;0;3416155;5213897;11741045;
45616;901126856;2019-12-31;2018;MILES;488775;6693;0;0;495468;1139392;0;0;5635888;0;6775280;7270748;0;43165;0;0;16532;0;59697;0;0;1341271;0;3123030;4464301;4523998;1000;0;0;-700405;0;3446155;2746750;7270748;
45617;900638352;2019-12-31;2019;MILES;365112;502862;2211166;595240;3674380;1098742;0;1920171;0;0;3018913;6693293;0;408663;0;44873;33566;672184;1159286;0;1857341;456619;0;0;2313960;3473246;950000;0;95000;2175047;0;0;3220047;6693293;
45618;900638352;2019-12-31;2018;MILES;182492;0;2650024;595240;3427756;1063074;0;0;0;0;1063074;4490830;0;500161;0;21574;14363;0;536098;0;1859257;0;0;0;1859257;2395355;950000;0;95000;1050475;0;0;2095475;4490830;
45619;815000065;2019-12-31;2019;MILES;752;2489;8169;4480682;4492092;9635477;239469;3473760;430466;239469;14018641;18510733;300000;77303;0;0;150027;38179;565509;0;0;841083;0;3620602;4461685;5027194;600000;0;302146;12581393;0;0;13483539;18510733;
45620;815000065;2019-12-31;2018;MILES;61431;61970;964988;6926152;8014541;14232865;269476;0;2460139;269476;17231956;25246497;3092186;2447956;0;0;84695;72807;5697644;0;0;2110495;0;6507288;8617783;14315427;600000;0;302146;5569399;0;4459525;10931070;25246497;
45621;830032945;2019-12-31;2019;MILES;3938181;546914;4829384;539954;9854433;642494;0;0;804870;0;1447364;11301797;0;8146918;0;0;0;0;8146918;0;0;35631;0;0;35631;8182549;5790000;1117268;588784;-4434563;0;57759;3119248;11301797;
45622;830032945;2019-12-31;2018;MILES;3560924;675968;4560525;828521;9625938;742948;0;0;734628;0;1477576;11103514;58770;7925604;0;0;0;0;7984374;0;0;26272;0;0;26272;8010646;5790000;1117268;390051;-4262210;0;57759;3092868;11103514;
45623;800192961;2019-12-31;2019;MILES;571166;13324727;0;7063009;20958902;4396595;70238;0;2607729;70238;7144800;28103702;4364995;2038728;0;156888;716204;2150076;9426891;2669542;2893796;0;0;2285130;7848468;17275359;2000000;0;258215;8570128;0;0;10828343;28103702;
45624;800192961;2019-12-31;2018;MILES;1540396;14385852;0;29072942;44999190;4497033;122648;0;2491447;122648;7233776;52232966;10965020;5538932;0;148578;843331;17502846;34998707;1969079;2122039;0;0;3553081;7644199;42642906;1300000;0;258215;8031845;0;0;9590060;52232966;
45625;890404363;2019-12-31;2019;MILES;3399472;375380;18591763;5511731;27878346;4988078;0;4449718;8189167;0;17626963;45505309;2428407;3548056;0;339900;531383;711981;7559727;0;0;2026090;0;0;2026090;9585817;1000000;20373627;74026;14471839;0;0;35919492;45505309;
45626;890404363;2019-12-31;2018;MILES;2732618;570988;17943528;5725809;26972943;5075240;0;4449718;9911610;0;19436568;46409511;2936046;2350958;0;1109187;560366;511209;7467766;0;0;4651856;0;0;4651856;12119622;1000000;20373627;74026;12842236;0;0;34289889;46409511;
45627;900343063;2019-12-31;2019;MILES;438726;0;3464867;1105046;5008639;1674988;0;0;3965400;0;5640388;10649027;0;451320;17053321;0;2495036;3831791;23831468;0;174396;1176031;0;0;1350427;25181895;50000;0;5067359;-19650227;0;0;-14532868;10649027;
45628;900343063;2019-12-31;2018;MILES;439734;0;3510359;3784459;7734552;1883392;614499;0;682021;614499;3794411;11528963;0;448755;0;153889;2172612;4293241;7068497;0;0;1137990;0;0;1137990;8206487;50000;0;5067359;-1794883;0;0;3322476;11528963;
45629;802002451;2019-12-31;2019;MILES;29974;391465;524;0;421963;22333520;0;0;19111877;0;41445397;41867360;0;3655;0;0;0;0;3655;0;5960022;0;0;0;5960022;5963677;30200;0;0;35873483;0;0;35903683;41867360;
45630;802002451;2019-12-31;2018;MILES;518;375676;398;0;376592;22338920;0;0;19080469;0;41419389;41795981;0;287;0;0;0;0;287;0;5936906;0;0;0;5936906;5937193;30200;0;0;35828588;0;0;35858788;41795981;
45631;900546449;2019-12-31;2019;MILES;238496;13442;8239;0;260177;1159909;1113231;202895;-881089;1113231;2708177;2968354;2174558;721505;0;3553;7563;0;2907179;0;0;0;0;0;0;2907179;18475;0;9237;33463;0;0;61175;2968354;
45632;900546449;2019-12-31;2018;MILES;483682;2575;6725;0;492982;1281055;2158018;247600;-1853119;2158018;3991572;4484554;2773011;1456443;0;5579;13104;0;4248137;0;0;0;0;0;0;4248137;18475;0;9237;208705;0;0;236417;4484554;
45633;860004763;2019-12-31;2019;MILES;2143107;247802;6034099;0;8425008;3558308;2805305;76154;-1263099;2805305;7981973;16406981;3308307;3686086;0;600513;467052;0;8061958;1863334;1973575;571369;0;0;4408278;12470236;1248000;0;474537;2214208;0;0;3936745;16406981;
45634;860004763;2019-12-31;2018;MILES;1280382;289903;4315363;0;5885648;3071760;2512211;79200;-1015356;2512211;7160026;13045674;2382682;2727376;0;521559;637865;0;6269482;1915558;661933;593162;0;0;3170653;9440135;1248000;0;422754;1934785;0;0;3605539;13045674;
45635;900546448;2019-12-31;2019;MILES;2392782;4476;1189036;0;3586294;86824;325340;793850;7796213;325340;9327567;12913861;62058;3589953;0;0;10441;0;3662452;0;8111082;0;0;0;8111082;11773534;18475;0;9237;1112615;0;0;1140327;12913861;
45636;900546448;2019-12-31;2018;MILES;2351643;3355;2717403;0;5072401;128503;326140;824786;8549470;326140;10155039;15227440;82932;5447630;0;0;14056;0;5544618;0;8948250;0;0;0;8948250;14492868;18475;0;9237;706860;0;0;734572;15227440;
45637;900153453;2019-12-31;2019;MILES;42163419;0;50858932;0;93022351;3441193;0;3020204;4594499;0;11055896;104078247;1766148;12450457;88830;1007604;25437337;12136465;52886841;1312504;0;306494;0;0;1618998;54505839;505000;0;583618;47800236;0;683554;49572408;104078247;
45638;900153453;2019-12-31;2018;MILES;28221366;18771;12616197;0;40856334;7340681;0;0;9087561;0;16428242;57284576;866388;14751589;88830;754720;9227083;532887;26221497;6644229;0;1850351;0;0;8494580;34716077;505000;0;583618;20462047;0;1017834;22568499;57284576;
45639;800021248;2019-12-31;2019;MILES;20233606;0;1420345;0;21653951;4948937;3783205;47371089;-1825697;3783205;58060739;79714690;0;28920;0;121690;1372723;0;1523333;0;2982473;3251642;0;0;6234115;7757448;1267820;10573991;8617463;51497968;0;0;71957242;79714690;
45640;800021248;2019-12-31;2018;MILES;6093910;0;2082849;0;8176759;5025851;2069147;54581596;-1926273;2069147;61819468;69996227;0;17303;8211;71622;252133;0;349269;0;6482612;4118565;0;0;10601177;10950446;1267850;6978988;8617463;42181480;0;0;59045781;69996227;
45641;802003949;2019-12-31;2019;MILES;0;0;15;0;15;0;0;19111877;0;0;19111877;19111892;0;0;0;0;0;0;0;0;2346;1907134;0;0;1909480;1909480;20000;0;10000;26240;0;17146172;17202412;19111892;
45642;802003949;2019-12-31;2018;MILES;0;0;0;0;0;0;0;19080469;0;0;19080469;19080469;0;0;0;0;20;0;20;0;284;1903993;0;0;1904277;1904297;20000;0;5995;189541;0;16960636;17176172;19080469;
45643;860524961;2019-12-31;2019;MILES;20563;71397;3756283;0;3848243;6507225;0;1196495;80395905;0;88099625;91947868;0;21671;0;0;157614;0;179285;0;699495;0;0;3410300;4109795;4289080;3500;1638610;11565;86005113;0;0;87658788;91947868;
45644;860524961;2019-12-31;2018;MILES;218561;4114;1627377;0;1850052;6632458;0;716495;51851301;0;59200254;61050306;0;736;0;0;67005;0;67741;0;699495;0;0;1197790;1897285;1965026;3000;0;11565;59070715;0;0;59085280;61050306;
45645;830512451;2019-12-31;2019;MILES;920024;6716;489138;0;1415878;439434;418008;0;-283342;418008;992108;2407986;9042;548482;0;70639;184637;63970;876770;309614;86629;0;0;0;396243;1273013;150000;0;75000;774170;0;135803;1134973;2407986;
45646;830512451;2019-12-31;2018;MILES;291399;12442;458072;0;761913;301542;427325;0;-245144;427325;911048;1672961;13742;294255;0;60235;75495;54726;498453;290463;92026;0;0;0;382489;880942;150000;0;59303;582716;0;0;792019;1672961;
45647;860077153;2019-12-31;2019;MILES;14676;687292;331153;5098411;6131532;3361081;0;0;254638;0;3615719;9747251;177386;3839696;0;132874;196845;0;4346801;482479;0;300146;0;0;782625;5129426;120000;0;1344293;3153532;0;0;4617825;9747251;
45648;860077153;2019-12-31;2018;MILES;81011;492749;513795;4346370;5433925;3452038;0;0;254638;0;3706676;9140601;82833;3088380;0;111202;198047;0;3480462;643208;0;306182;0;0;949390;4429852;120000;0;1289742;3301007;0;0;4710749;9140601;
45649;816005557;2019-12-31;2019;MILES;415962;719280;2883710;771010;4789962;1881362;0;4346850;13438421;0;19666633;24456595;860533;168019;0;33376;18574;39852;1120354;4684344;0;827116;0;11697773;17209233;18329587;700000;0;1403635;3523373;0;500000;6127008;24456595;
45650;816005557;2019-12-31;2018;MILES;88226;707694;2168412;219522;3183854;4936653;0;0;12664656;0;17601309;20785163;1073784;325787;0;30287;80570;59778;1570206;1554598;0;725383;0;11415770;13695751;15265957;700000;0;996025;3323181;0;500000;5519206;20785163;
45651;901116250;2019-12-31;2019;MILES;877929;5526;1992;13952280;14837727;0;0;0;94467;0;94467;14932194;1601963;5111;0;11988;4138;0;1623200;0;873016;0;0;12645000;13518016;15141216;10000;0;0;-219022;0;0;-209022;14932194;
45652;901116250;2019-12-31;2018;MILES;7580;7345;0;14005075;14020000;0;0;0;16475;0;16475;14036475;1409481;4557;0;648;1820;0;1416506;0;0;0;0;12645000;12645000;14061506;10000;0;0;-35031;0;0;-25031;14036475;
45653;890937655;2019-12-31;2019;MILES;800599;227961;703571;0;1732131;176628;0;286720;339021;0;802369;2534500;26186;40315;0;119770;338911;23401;548583;25615;0;0;0;0;25615;574198;400000;59004;200000;1301298;0;0;1960302;2534500;
45654;890937655;2019-12-31;2018;MILES;638623;180561;453989;0;1273173;139165;0;286720;466162;0;892047;2165220;38152;140747;0;99685;324630;3799;607013;0;0;0;0;16256;16256;623269;400000;59004;200000;882947;0;0;1541951;2165220;
45655;860521822;2019-12-31;2019;MILES;2360992;15640806;4498478;1847217;24347493;10046663;0;0;8205439;0;18252102;42599595;21474;1575135;3812;143735;424660;1764613;3933429;134720;0;0;0;0;134720;4068149;5002500;0;928997;25290591;0;7309358;38531446;42599595;
45656;860521822;2019-12-31;2018;MILES;13005185;3914300;4384955;8089926;29394366;10149807;0;0;5411997;0;15561804;44956170;0;7471675;3812;157094;726763;2831943;11191287;0;0;0;0;0;0;11191287;5002500;0;711851;20741174;0;7309358;33764883;44956170;
45657;900436154;2019-12-31;2019;MILES;382700;21366;17527;0;421593;272392;0;6648776;2215808;0;9136976;9558569;0;57490;0;33028;119767;0;210285;1781276;0;476074;0;106965;2364315;2574600;1000;0;128096;6854873;0;0;6983969;9558569;
45658;900436154;2019-12-31;2018;MILES;44412;22983;91976;0;159371;139896;0;4848776;2110802;0;7099474;7258845;0;104682;0;29694;45832;0;180208;0;0;462716;0;106965;569681;749889;1000;0;29720;6478236;0;0;6508956;7258845;
45659;900447264;2019-12-31;2019;MILES;1471;10407;56616;0;68494;5105377;0;935365;3240561;0;9281303;9349797;0;1026855;0;0;2;0;1026857;0;0;934449;0;0;934449;1961306;18000;0;4351527;2175845;0;843119;7388491;9349797;
45660;900447264;2019-12-31;2018;MILES;31807;11132;56828;0;99767;5033546;0;2933683;743617;0;8710846;8810613;0;1096005;0;0;0;0;1096005;0;0;887921;0;0;887921;1983926;18000;0;4351527;1791186;0;665974;6826687;8810613;
45661;900970763;2019-12-31;2019;MILES;0;2539;4993976;0;4996515;0;0;0;56334351;0;56334351;61330866;0;0;0;0;4620;0;4620;0;2794607;4529855;0;0;7324462;7329082;1100;0;633440;48573576;0;4793668;54001784;61330866;
45662;900970763;2019-12-31;2018;MILES;0;4732;4834282;0;4839014;0;0;0;48811891;0;48811891;53650905;0;0;0;0;0;0;0;0;2312735;3809531;0;0;6122266;6122266;1100;0;633440;42100431;0;4793668;47528639;53650905;
45663;900637571;2019-12-31;2019;MILES;32471999;14677400;12880076;3825685;63855160;38273709;0;0;21021381;0;59295090;123150250;0;21946150;1538441;2016335;6529944;1613459;33644329;0;0;0;0;72545586;72545586;106189915;4829402;6231758;0;5899175;0;0;16960335;123150250;
45664;900637571;2019-12-31;2018;MILES;15240621;9985376;24156404;1362160;50744561;28799096;0;0;4422748;0;33221844;83966405;0;13240238;4157713;1249421;1620389;2665891;22933652;0;0;0;0;48433676;48433676;71367328;4829402;6231758;0;1537917;0;0;12599077;83966405;
45665;901056656;2019-12-31;2019;MILES;736843;4106;4745650;40938808;46425407;0;9568834;0;-9568834;9568834;9568834;55994241;0;866673;0;0;16849;28261511;29145033;0;0;0;0;26698080;26698080;55843113;100000;0;0;51128;0;0;151128;55994241;
45666;901056656;2019-12-31;2018;MILES;11848;316;664364;31918875;32595403;0;0;0;0;0;0;32595403;0;296511;0;0;1380;2567;300458;0;0;0;0;32177366;32177366;32477824;100000;0;0;17579;0;0;117579;32595403;
45667;900062553;2019-12-31;2019;MILES;2014192;212487;14324165;58308530;74859374;341369;0;0;591990;0;933359;75792733;13930243;4507226;258545;202287;0;109199;19007500;62233;7473734;7000;0;18183290;25726257;44733757;14006900;0;938507;16113569;0;0;31058976;75792733;
45668;900062553;2019-12-31;2018;MILES;2930690;56571;11309526;39176874;53473661;346601;0;0;776949;0;1123550;54597211;220952;4776059;367809;122822;0;205393;5693035;144871;6581325;8961;0;13597705;20332862;26025897;14006900;0;938507;13625907;0;0;28571314;54597211;
45669;830503751;2019-12-31;2019;MILES;3373;2246687;1072892;0;3322952;1388018;21549;0;483477;21549;1914593;5237545;0;1050867;0;0;0;0;1050867;695567;1728516;0;0;0;2424083;3474950;1000000;0;122596;639999;0;0;1762595;5237545;
45670;830503751;2019-12-31;2018;MILES;159042;1885712;575440;0;2620194;1502597;0;0;333682;0;1836279;4456473;0;402524;0;222020;427228;0;1051772;804522;0;0;0;873701;1678223;2729995;1000000;0;122596;603882;0;0;1726478;4456473;
45671;890107261;2019-12-31;2019;MILES;1061056;153560;10002798;0;11217414;8361378;0;0;47302644;0;55664022;66881436;0;439549;0;332621;87312;0;859482;0;0;264799;0;4862660;5127459;5986941;820537;65306863;27644742;-37499693;0;4622046;60894495;66881436;
45672;890107261;2019-12-31;2018;MILES;175083;88210;9898489;0;10161782;8856049;0;0;39329871;0;48185920;58347702;0;622258;0;370830;194057;0;1187145;0;0;286725;0;4862910;5149635;6336780;813654;58430746;27644742;-39500266;0;4622046;52010922;58347702;
45673;900306849;2019-12-31;2019;MILES;2265764;1841279;8249205;0;12356248;0;0;0;356973450;0;356973450;369329698;0;588141;0;0;516663;0;1104804;163280484;0;49851309;0;0;213131793;214236597;461405;45669706;594914;108367076;0;0;155093101;369329698;
45674;900306849;2019-12-31;2018;MILES;4569905;1087566;2931926;0;8589397;0;0;0;329901631;0;329901631;338491028;0;2451699;0;0;1261167;0;3712866;161987758;0;65330962;0;0;227318720;231031586;461405;45669706;594914;60733417;0;0;107459442;338491028;
45675;900403334;2019-12-31;2019;MILES;45565;3979918;7803955;2550789;14380227;42040;0;0;1057033;0;1099073;15479300;0;5292931;0;64789;102947;0;5460667;28390;575602;140487;0;2363191;3107670;8568337;1188680;16823840;173182;-11274739;0;0;6910963;15479300;
45676;900403334;2019-12-31;2018;MILES;9406;3473242;7216188;3796183;14495019;46823;0;0;1611816;0;1658639;16153658;0;6083551;0;0;20121;0;6103672;31255;341200;0;0;2363191;2735646;8839318;1188680;16823840;173182;-10871362;0;0;7314340;16153658;
45677;800053969;2019-12-31;2019;MILES;2978481;95021;2547427;8868210;14489139;2484916;9462487;0;-2300561;9462487;19109329;33598468;3700000;1977833;0;1278325;1192366;303784;8452308;86696;0;161131;0;5560402;5808229;14260537;320000;0;9204134;9813797;0;0;19337931;33598468;
45678;800053969;2019-12-31;2018;MILES;3846304;86394;2620823;6746055;13299576;2816628;6901332;0;-80668;6901332;16538624;29838200;2818434;1658665;0;1241687;1327247;296489;7342522;96616;0;165925;0;5561653;5824194;13166716;320000;0;8965317;7386167;0;0;16671484;29838200;
45679;900517449;2019-12-31;2019;MILES;133827;16007;563947;0;713781;9099885;0;0;2180000;0;11279885;11993666;0;7295742;0;0;71761;0;7367503;0;0;410334;0;0;410334;7777837;15000;0;7500;4193329;0;0;4215829;11993666;
45680;900517449;2019-12-31;2018;MILES;42657;1031;428945;0;472633;9298189;0;0;2180000;0;11478189;11950822;0;8113812;0;0;36403;0;8150215;0;0;35225;0;0;35225;8185440;15000;0;7500;3742882;0;0;3765382;11950822;
45681;900962785;2019-12-31;2019;MILES;2063064;219740;2413346;2392204;7088354;51153977;5941391;4651191;19713976;5941391;87401926;94490280;5381426;7615271;0;221731;100392;17836;13336656;8445486;14920552;0;0;0;23366038;36702694;1300000;26145657;0;5851957;0;24489972;57787586;94490280;
45682;900962785;2019-12-31;2018;MILES;2075451;956851;2770590;1808019;7610911;37735163;1731235;0;22713719;1731235;63911352;71522263;4464116;5538037;182568;203390;220261;12955;10621327;7406733;5907307;0;0;0;13314040;23935367;1300000;26145657;0;1315406;0;18825833;47586896;71522263;
45683;805030454;2019-12-31;2019;MILES;292767;1127532;10940696;4876913;17237908;8117274;0;0;0;0;8117274;25355182;4057775;1643480;0;225217;286104;1567010;7779586;3505507;0;107371;0;1788804;5401682;13181268;600000;0;1038792;10330750;0;204372;12173914;25355182;
45684;805030454;2019-12-31;2018;MILES;241806;905779;9424428;2514310;13086323;8312146;0;0;0;0;8312146;21398469;4997635;410437;0;101646;222732;477020;6209470;4235055;0;111925;0;0;4346980;10556450;600000;0;1038792;8998855;0;204372;10842019;21398469;
45685;800031865;2019-12-31;2019;MILES;219457;15308;20941629;4276433;25452827;4891396;0;7057183;17822713;0;29771292;55224119;2214482;3122319;0;128164;233816;0;5698781;1558187;2963000;642160;0;0;5163347;10862128;5826290;8093180;28465507;7509270;0;-5532256;44361991;55224119;
45686;800031865;2019-12-31;2018;MILES;382331;0;18743131;4343372;23468834;6888931;0;5228314;17108859;0;29226104;52694938;2516487;488551;0;96685;362771;41000;3505494;719912;2963000;655293;0;0;4338205;7843699;5826290;8093180;22209483;9049939;0;-327653;44851239;52694938;
45687;817000970;2019-12-31;2019;MILES;820949;47021;4707836;1636698;7212504;5648188;36502;0;3914436;36502;9635628;16848132;665892;2498523;0;663378;628160;59677;4515630;575591;0;404363;0;0;979954;5495584;1200000;0;1458175;8694373;0;0;11352548;16848132;
45688;817000970;2019-12-31;2018;MILES;121041;445524;4929130;2114483;7610178;5411511;13484;0;4060848;13484;9499327;17109505;1014145;3376843;0;663812;613605;24269;5692674;1579353;0;219859;0;0;1799212;7491886;1200000;0;1458175;6959444;0;0;9617619;17109505;
45689;900236747;2019-12-31;2019;MILES;209464;17311628;92290831;22222298;132034221;1898050;0;0;2060789;0;3958839;135993060;382363;15944237;1232;1609033;14750381;0;32687246;0;82677920;155040;3260778;37700642;123794380;156481626;8269585;2955107;0;-31713258;0;0;-20488566;135993060;
45690;900236747;2019-12-31;2018;MILES;509258;17226365;94736487;9108458;121580568;2089630;0;0;2086177;0;4175807;125756375;669233;3711543;1232;695165;14276102;0;19353275;0;82455711;155040;3260778;37700642;123572171;142925446;8269585;2955107;0;-28393763;0;0;-17169071;125756375;
45691;806013052;2019-12-31;2019;MILES;682255;723368;6649990;8762145;16817758;2312051;0;1143375;1138104;0;4593530;21411288;1999935;12361298;0;0;0;0;14361233;2415529;0;0;0;0;2415529;16776762;430000;1070000;215000;2821865;0;97661;4634526;21411288;
45692;806013052;2019-12-31;2018;MILES;262289;608010;2658002;9722678;13250979;2383695;0;1143374;1153188;0;4680257;17931236;1310619;10727328;0;0;0;0;12037947;2647842;0;0;0;0;2647842;14685789;400000;0;200000;2547786;0;97661;3245447;17931236;
45693;891101262;2019-12-31;2019;MILES;807194;125344;4304362;12436745;17673645;2842736;1225913;7942316;5089240;1225913;18326118;35999763;8193964;1721508;0;128971;94217;4408125;14546785;1480000;4500864;0;0;6827359;12808223;27355008;400000;0;115671;8129084;0;0;8644755;35999763;
45694;891101262;2019-12-31;2018;MILES;471578;91349;5134331;12872474;18569732;2118482;1583945;7592077;6469202;1583945;19347651;37917383;10605747;1583342;0;143954;53801;3903141;16289985;1217950;4819314;0;0;7345876;13383140;29673125;400000;0;115671;7728587;0;0;8244258;37917383;
45695;890926050;2019-12-31;2019;MILES;105381;0;5304167;284161;5693709;2336;0;13246674;20437033;0;33686043;39379752;50000;890988;0;5965;87029;736400;1770382;0;0;507375;0;0;507375;2277757;579160;0;16003458;1327150;0;19192227;37101995;39379752;
45696;890926050;2019-12-31;2018;MILES;237903;0;4494924;284161;5016988;3495;0;13136359;16037283;0;29177137;34194125;0;871491;0;4800;91384;689528;1657203;0;0;499405;0;0;499405;2156608;579160;0;11300211;1076235;0;19081911;32037517;34194125;
45697;800059485;2019-12-31;2019;MILES;4108432;685263;18129417;1543648;24466760;2333303;0;0;14157553;0;16490856;40957616;0;3286884;0;397223;738908;215568;4638583;0;0;0;0;18573561;18573561;23212144;800000;0;400000;10335690;0;6209782;17745472;40957616;
45698;800059485;2019-12-31;2018;MILES;3499448;938888;14035951;2457365;20931652;2399127;0;0;17881672;0;20280799;41212451;0;5075177;0;152524;889058;0;6116759;0;0;0;0;17929128;17929128;24045887;800000;0;400000;11730859;0;4235705;17166564;41212451;
45699;802024929;2019-12-31;2019;MILES;2757499;1065965;13490029;31157963;48471456;184923;425198;0;262352486;425198;263387805;311859261;4472464;1246428;0;101964;331457;5050237;11202550;40252177;4239424;25044833;0;0;69536434;80738984;1650000;0;4083286;213709481;0;11677510;231120277;311859261;
45700;802024929;2019-12-31;2018;MILES;3319874;415921;4428888;31725919;39890602;161425;0;0;268299116;0;268460541;308351143;218337;1338924;0;92528;339494;7955922;9945205;41836243;4285337;24120533;0;0;70242113;80187318;1650000;0;4083286;210753029;0;11677510;228163825;308351143;
45701;900072852;2019-12-31;2019;MILES;14195171;8960559;19254572;0;42410302;11494343;0;0;68811177;0;80305520;122715822;2859235;2717488;0;16416;105381;0;5698520;3563636;21000973;0;0;0;24564609;30263129;2103409;23909667;-5331993;71771610;0;0;92452693;122715822;
45702;900072852;2019-12-31;2018;MILES;12146925;32283659;9803128;0;54233712;7997561;0;0;40623280;0;48620841;102854553;8268356;3998121;0;64381;655360;695;12986913;416668;0;0;0;0;416668;13403581;2103409;23909667;-2948442;66386338;0;0;89450972;102854553;
45703;800252248;2019-12-31;2019;MILES;2735;4572;92000;0;99307;0;1149102;0;13005866;1149102;15304070;15403377;0;0;0;0;769;0;769;0;87717;0;0;0;87717;88486;260400;1041600;223813;13789078;0;0;15314891;15403377;
45704;800252248;2019-12-31;2018;MILES;2735;9899;92000;0;104634;0;1149102;0;13005866;1149102;15304070;15408704;0;0;0;0;14944;0;14944;0;70752;0;0;0;70752;85696;260400;1041600;223813;13797195;0;0;15323008;15408704;
45705;800121151;2019-12-31;2019;MILES;130995;0;6666425;4502618;11300038;1754418;787383;2347835;-3024;787383;5673995;16974033;1068138;3659829;0;360842;632181;0;5720990;1256871;0;0;111846;0;1368717;7089707;1300000;0;650000;7934326;0;0;9884326;16974033;
45706;800121151;2019-12-31;2018;MILES;409582;0;5545944;3193299;9148825;1691771;0;2347835;729682;0;4769288;13918113;1445720;4102515;0;341710;84108;0;5974053;1492309;0;0;35563;0;1527872;7501925;1300000;0;628468;4487720;0;0;6416188;13918113;
45707;900072367;2019-12-31;2019;MILES;9975;0;11176346;0;11186321;0;0;0;0;0;0;11186321;0;926083;0;0;42263;0;968346;0;0;0;0;0;0;968346;1120000;0;8828;9089147;0;0;10217975;11186321;
45708;900072367;2019-12-31;2018;MILES;109075;0;11516990;0;11626065;739;0;0;54508;0;55247;11681312;0;1183206;0;0;50271;0;1233477;0;0;0;0;1601;1601;1235078;1120000;0;8828;9317406;0;0;10446234;11681312;
45709;860036649;2019-12-31;2019;MILES;1166968;3585624;25436538;5853810;36042940;28594728;5502062;0;20157678;5502062;59756530;95799470;5322098;18503125;292213;1778184;3316841;2491717;31704178;1811688;7700654;3417078;0;0;12929420;44633598;8500000;0;4547727;33703781;0;4414364;51165872;95799470;
45710;860036649;2019-12-31;2018;MILES;426817;3751864;19717240;5711289;29607210;28812561;2598021;0;22234889;2598021;56243492;85850702;3025749;15330434;124299;1479243;4290054;149347;24399126;2917546;6271938;3468803;0;0;12658287;37057413;8500000;0;4547727;31377317;0;4368245;48793289;85850702;
45711;830513366;2019-12-31;2019;MILES;2236938;2160705;1891826;5403880;11693349;2793714;0;0;54510;0;2848224;14541573;5673201;1768252;12232;0;82096;315346;7851127;1167963;360000;0;0;0;1527963;9379090;3000000;0;471977;1690506;0;0;5162483;14541573;
45712;830513366;2019-12-31;2018;MILES;3834695;1895327;3180033;1212345;10122400;2941840;0;0;54742;0;2996582;13118982;2600928;2214930;1754;0;192593;313782;5323987;1982725;603365;0;0;0;2586090;7910077;3000000;0;437883;1434257;0;336765;5208905;13118982;
45713;860056966;2019-12-31;2019;MILES;265965;0;29217;0;295182;0;0;1828813;19220850;0;21049663;21344845;0;908720;0;0;33336;0;942056;706518;0;2017682;0;0;2724200;3666256;12463;0;15967;17318278;0;331881;17678589;21344845;
45714;860056966;2019-12-31;2018;MILES;275367;0;21648;0;297015;0;0;1828813;18352000;0;20180813;20477828;0;1296347;0;0;22641;0;1318988;804219;0;1876123;0;0;2680342;3999330;12463;0;15967;16118187;0;331881;16478498;20477828;
45715;800051061;2019-12-31;2019;MILES;749636;277528;5080585;0;6107749;6795683;0;0;23500;0;6819183;12926932;0;2056304;0;0;59380;0;2115684;0;2889000;0;0;0;2889000;5004684;4000;0;2000;2388292;0;5527956;7922248;12926932;
45716;800051061;2019-12-31;2018;MILES;1667743;554827;4260252;0;6482822;6866412;0;0;23500;0;6889912;13372734;0;2566447;0;0;84378;0;2650825;0;2889000;0;0;0;2889000;5539825;4000;0;2000;2298953;0;5527956;7832909;13372734;
45717;811036453;2019-12-31;2019;MILES;406393;0;544838;0;951231;1674085;26;0;1742505;26;3416642;4367873;6966;1739066;20;2320;5220;687;1754279;45197;0;181160;0;0;226357;1980636;5000;0;907364;1474873;0;0;2387237;4367873;
45718;811036453;2019-12-31;2018;MILES;380617;0;0;0;380617;1679871;651816;0;1071007;651816;4054510;4435127;41;0;0;2237;3640;8;5926;0;1689186;209002;0;0;1898188;1904114;5000;0;1287364;1238649;0;0;2531013;4435127;
45719;890913555;2019-12-31;2019;MILES;1311589;1614332;2925634;4716262;10567817;1043831;0;0;703285;0;1747116;12314933;130030;1327901;0;209976;391135;0;2059042;0;0;18305;0;0;18305;2077347;120000;4409571;2697893;3010122;0;0;10237586;12314933;
45720;890913555;2019-12-31;2018;MILES;2012186;1251380;2610931;4194396;10068893;1419515;0;0;851505;0;2271020;12339913;1143614;1467939;0;176973;320663;0;3109189;0;0;58013;0;0;58013;3167202;120000;4409571;2042522;2600618;0;0;9172711;12339913;
45721;800071652;2019-12-31;2019;MILES;4876;176833;303657;5019271;5504637;166189;0;14314341;119199;0;14599729;20104366;946360;1346502;0;0;565939;205423;3064224;4826402;1953603;558630;0;890000;8228635;11292859;1000000;0;369862;7441645;0;0;8811507;20104366;
45722;800071652;2019-12-31;2018;MILES;2158;291320;322696;5169271;5785445;193469;0;13349938;81378;0;13624785;19410230;2560577;1106303;0;0;367611;1170000;5204491;3603476;1821338;424378;0;0;5849192;11053683;1000000;0;369862;6986685;0;0;8356547;19410230;
45723;830110650;2019-12-31;2019;MILES;80788;26010672;2996252;145464;29233176;249787;0;0;1111484;0;1361271;30594447;0;25824197;0;298421;640294;0;26762912;0;0;0;0;0;0;26762912;25000;0;0;3775774;0;30761;3831535;30594447;
45724;830110650;2019-12-31;2018;MILES;258735;24355345;2442040;90825;27146945;71597;0;0;981443;0;1053040;28199985;0;24079056;0;34936;720317;0;24834309;0;0;0;0;0;0;24834309;25000;0;0;3309915;0;30761;3365676;28199985;
45725;900825753;2019-12-31;2019;MILES;3884397;663351;9830611;2212479;16590838;0;0;0;47939677;0;47939677;64530515;0;285844;0;0;234184;3719321;4239349;0;0;2744711;0;0;2744711;6984060;834000;24171500;0;32540955;0;0;57546455;64530515;
45726;900825753;2019-12-31;2018;MILES;10335506;3969743;55333407;6316747;75955403;0;0;0;48421856;0;48421856;124377259;42625428;2894657;0;0;4826914;15311002;65658001;0;0;2566050;0;0;2566050;68224051;834000;24171500;0;31147708;0;0;56153208;124377259;
45727;830081643;2019-12-31;2019;MILES;1201;12610;4091005;0;4104816;0;24788565;5973558;-11143144;24788565;44407544;48512360;559633;1278037;0;0;0;0;1837670;0;24640955;2392708;0;0;27033663;28871333;1330000;0;329235;114811;0;17866981;19641027;48512360;
45728;830081643;2019-12-31;2018;MILES;120652;10257;636111;0;767020;0;27669729;5973558;-18310047;27669729;43002969;43769989;142317;6843854;0;0;15383;0;7001554;0;20061584;3466184;0;0;23527768;30529322;1330000;0;329235;-1830908;0;13412340;13240667;43769989;
45729;830085558;2019-12-31;2019;MILES;52140;162475;679120;0;893735;30132;117770;0;62487;117770;328159;1221894;0;41801;0;224784;212939;0;479524;199602;0;0;0;4860000;5059602;5539126;600000;0;1361830;-6301644;0;22582;-4317232;1221894;
45730;830085558;2019-12-31;2018;MILES;461013;37043;2615606;0;3113662;52582;58057;0;243998;58057;412694;3526356;0;34815;0;290809;133438;0;459062;0;77854;134665;0;936740;1149259;1608321;600000;0;1361830;-66377;0;22582;1918035;3526356;
45731;860036982;2019-12-31;2019;MILES;43663;86360;432744;0;562767;14892;0;536759;6061108;0;6612759;7175526;0;2620;0;0;10822;0;13442;0;0;1107;0;0;1107;14549;207940;5468779;101470;1382788;0;0;7160977;7175526;
45732;860036982;2019-12-31;2018;MILES;246808;72298;3247;0;322353;16970;0;551037;6825275;0;7393282;7715635;0;602305;0;0;42182;0;644487;0;0;4169;0;0;4169;648656;207940;5468779;101470;1288790;0;0;7066979;7715635;
45733;830065149;2019-12-31;2019;MILES;154599;60842;1982994;0;2198435;155963;3687850;10405460;11733192;3687850;29670315;31868750;0;20777;0;0;198885;0;219662;0;0;0;0;49500;49500;269162;20600000;0;2037963;8961625;0;0;31599588;31868750;
45734;830065149;2019-12-31;2018;MILES;19678;62857;1930005;0;2012540;159180;3687850;10405460;11707766;3687850;29648106;31660646;0;298813;0;0;169902;0;468715;0;0;2156;0;53320;55476;524191;20600000;0;1954952;8581503;0;0;31136455;31660646;
45735;830083351;2019-12-31;2019;MILES;474150;281674;4580041;0;5335865;2208769;0;6226575;35850696;0;44286040;49621905;0;4950039;0;41743;204096;0;5195878;0;0;2053434;0;0;2053434;7249312;344329;0;89531;41938733;0;0;42372593;49621905;
45736;830083351;2019-12-31;2018;MILES;776470;169217;3420418;0;4366105;2583994;0;6226575;32011322;0;40821891;45187996;0;4207306;0;20847;333673;0;4561826;0;0;1382315;0;0;1382315;5944141;344329;0;89531;38809995;0;0;39243855;45187996;
45737;890927054;2019-12-31;2019;MILES;274768;881921;354935;717056;2228680;5018911;278238;0;1873264;278238;7448651;9677331;695169;1074208;0;143755;331136;0;2244268;1059648;5914;257977;0;0;1323539;3567807;300000;0;150000;3594555;0;2064969;6109524;9677331;
45738;890927054;2019-12-31;2018;MILES;143239;485987;367529;671691;1668446;4450746;408601;0;1410495;408601;6678443;8346889;85376;1352401;0;116626;207272;0;1761675;1131966;14748;64626;0;0;1211340;2973015;300000;0;150000;3132155;0;1791719;5373874;8346889;
45739;900809352;2019-12-31;2019;MILES;0;0;0;0;0;15000;0;0;8601987;0;8616987;8616987;0;0;0;0;0;0;0;0;0;0;0;0;0;0;3535;15000;0;465025;0;8133427;8616987;8616987;
45740;900809352;2019-12-31;2018;MILES;0;0;0;0;0;15000;0;0;8497158;0;8512158;8512158;0;0;0;0;0;0;0;0;0;0;0;0;0;0;3535;15000;0;360196;0;8133427;8512158;8512158;
45741;860062958;2019-12-31;2019;MILES;209039;10509477;30645740;21082408;62446664;9615744;0;1767658;308995;0;11692397;74139061;0;47227468;0;0;0;0;47227468;0;0;0;0;0;0;47227468;1291300;0;0;1104279;0;24516014;26911593;74139061;
45742;860062958;2019-12-31;2018;MILES;694231;10903213;25808031;22630516;60035991;9753366;0;1767658;80995;0;11602019;71638010;0;53565419;0;0;0;0;53565419;0;0;0;0;0;0;53565419;1290300;0;762794;-4325774;0;20345271;18072591;71638010;
45743;844003151;2019-12-31;2019;MILES;1111433;0;8710089;12866112;22687634;6234158;0;0;345198;0;6579356;29266990;2155316;8636461;0;0;830183;2310331;13932291;798996;0;0;0;0;798996;14731287;1700000;0;272750;12562953;0;0;14535703;29266990;
45744;844003151;2019-12-31;2018;MILES;801523;13785;7917549;10430407;19163264;5931700;0;0;345198;0;6276898;25440162;3217498;8276054;0;0;176287;1315778;12985617;639089;0;0;0;0;639089;13624706;1700000;0;272750;9842706;0;0;11815456;25440162;
45745;900849269;2019-12-31;2019;MILES;34476941;1691622;10868;506009;36685440;21541822;0;0;15547933;0;37089755;73775195;55621;162095;0;161414;0;0;379130;67671;0;0;0;0;67671;446801;2109564;76179060;0;-4960230;0;0;73328394;73775195;
45746;900849269;2019-12-31;2018;MILES;692269;25822;45140;0;763231;19636071;0;0;9712777;0;29348848;30112079;5171;109678;0;115854;0;0;230703;91670;0;0;0;0;91670;322373;978000;32332300;0;-3520594;0;0;29789706;30112079;
45747;860351853;2019-12-31;2019;MILES;3879;13257;382213;76955;476304;0;0;0;26650495;0;26650495;27126799;433680;11309;0;0;6;858147;1303142;0;0;1976292;0;677824;2654116;3957258;367000;1617771;263223;20921547;0;0;23169541;27126799;
45748;860351853;2019-12-31;2018;MILES;11260;31500;627000;76955;746715;359;0;0;26437500;0;26437859;27184574;405080;178535;0;0;123;1603818;2187556;0;0;2014771;0;0;2014771;4202327;367000;1617771;263223;20734253;0;0;22982247;27184574;
45749;805021148;2019-12-31;2019;MILES;309636;855407;8179639;3229836;12574518;1440856;949688;3068489;-202242;949688;6206479;18780997;30541;14921759;0;178655;111523;38605;15281083;1826048;0;279593;0;0;2105641;17386724;500000;0;51214;455046;0;388013;1394273;18780997;
45750;805021148;2019-12-31;2018;MILES;487338;869594;7623216;3957163;12937311;1284270;793107;2985863;89283;793107;5945630;18882941;4767;15375952;0;163426;124329;16491;15684965;1983537;0;373397;0;0;2356934;18041899;500000;0;0;149098;0;191944;841042;18882941;
45751;800116050;2019-12-31;2019;MILES;48556;118738;658588;0;825882;643787;13223796;0;-10700754;13223796;16390625;17216507;0;321121;0;0;105697;0;426818;2285000;9763376;0;0;0;12048376;12475194;201050;0;149641;3554755;0;835867;4741313;17216507;
45752;800116050;2019-12-31;2018;MILES;1231760;68316;13393546;0;14693622;692166;0;0;2543088;0;3235254;17928876;2444607;1573773;0;0;249256;0;4267636;0;9276305;0;0;0;9276305;13543941;201050;0;149641;3198377;0;835867;4384935;17928876;
45753;800087570;2019-12-31;2019;MILES;58771;10071358;867909;0;10998038;84380268;0;1057842;6528760;0;91966870;102964908;132824;757573;0;280245;72139;889231;2132012;3300318;0;9598554;0;0;12898872;15030884;1000000;803037;141908;85930582;0;58497;87934024;102964908;
45754;800087570;2019-12-31;2018;MILES;79689;8844643;407374;0;9331706;84565825;0;1151343;4255588;0;89972756;99304462;225171;466492;0;287255;282815;335;1262068;2800000;0;9479575;0;0;12279575;13541643;1000000;803037;128600;83772685;0;58497;85762819;99304462;
45755;900160355;2019-12-31;2019;MILES;102756;118040;0;0;220796;2906;186239;27946591;2436996;186239;30758971;30979767;1301434;18829625;0;18227;164103;0;20313389;3579707;0;160180;0;0;3739887;24053276;10099;2059168;0;4857224;0;0;6926491;30979767;
45756;900160355;2019-12-31;2018;MILES;28885;78154;33752;0;140791;3788;154125;25603846;641333;154125;26557217;26698008;621986;19160645;0;11599;20071;0;19814301;1746350;0;56540;0;0;1802890;21617191;10099;2059168;0;3011550;0;0;5080817;26698008;
45757;900400257;2019-12-31;2019;MILES;1591;102796;12788671;0;12893058;0;0;0;11214514;0;11214514;24107572;0;22021365;0;0;0;0;22021365;0;1593875;0;0;0;1593875;23615240;300000;1400000;0;-1207668;0;0;492332;24107572;
45758;900400257;2019-12-31;2018;MILES;70640;81677;13702013;0;13854330;0;0;0;11258304;0;11258304;25112634;996000;21876006;0;0;96524;0;22968530;0;1602094;4101;0;0;1606195;24574725;300000;1400000;0;-1162091;0;0;537909;25112634;
45759;900521550;2019-12-31;2019;MILES;96086;945546;9050207;4736670;14828509;0;0;10708291;0;0;10708291;25536800;102971;98711;0;0;215893;0;417575;8380334;13802393;320521;0;0;22503248;22920823;700000;0;20051;1895926;0;0;2615977;25536800;
45760;900521550;2019-12-31;2018;MILES;6550;831560;2425937;6142679;9406726;0;0;4389356;339946;0;4729302;14136028;204541;297971;0;0;174397;0;676909;3244208;8683204;253436;0;0;12180848;12857757;700000;0;20051;558220;0;0;1278271;14136028;
45761;890320759;2019-12-31;2019;MILES;88065;1958347;3498991;0;5545403;2279863;0;15126879;759205;0;18165947;23711350;945878;1423497;0;0;34147;1944;2405466;4464051;0;1704890;0;0;6168941;8574407;2178392;0;326709;12631842;0;0;15136943;23711350;
45762;890320759;2019-12-31;2018;MILES;523241;1588980;2195036;0;4307257;2309928;0;15443790;1933283;0;19687001;23994258;672317;1861549;0;71388;65746;4773;2675773;4857831;0;913035;0;0;5770866;8446639;2178392;0;288944;13008918;0;71365;15547619;23994258;
45763;900269853;2019-12-31;2019;MILES;4925;2208113;10972814;0;13185852;843876;0;19292173;13188;0;20149237;33335089;15612815;284855;0;0;203583;0;16101253;0;0;874699;0;11594468;12469167;28570420;500000;0;0;-3799823;0;8064492;4764669;33335089;
45764;900269853;2019-12-31;2018;MILES;31577;2187883;11141055;103569;13464084;192482;0;13897079;19491;0;14109052;27573136;14660357;1024681;0;0;90240;0;15775278;0;0;268240;0;11196584;11464824;27240102;500000;0;0;-2773339;0;2606373;333034;27573136;
45765;890939651;2019-12-31;2019;MILES;525864;16410;21109;0;563383;7920723;482604;2594939;3480347;482604;14961217;15524600;0;3697;0;3216;56668;0;63581;0;693667;823484;0;0;1517151;1580732;89400;740707;44200;13069561;0;0;13943868;15524600;
45766;890939651;2019-12-31;2018;MILES;1239455;12118;117301;0;1368874;2510156;0;7583994;1978274;0;12072424;13441298;0;59793;0;2532;24096;0;86421;0;363204;854190;0;0;1217394;1303815;89400;740707;44200;11263176;0;0;12137483;13441298;
45767;805000242;2019-12-31;2019;MILES;148941;0;5921;0;154862;0;0;0;15866183;0;15866183;16021045;0;461169;0;0;22;0;461191;0;0;0;0;0;0;461191;365000;0;182500;14446779;0;565575;15559854;16021045;
45768;805000242;2019-12-31;2018;MILES;1837;0;7745;0;9582;0;0;0;16111397;0;16111397;16120979;0;190494;0;0;16557;0;207051;0;0;0;0;0;0;207051;365000;0;182500;14711838;0;654590;15913928;16120979;
45769;805017444;2019-12-31;2019;MILES;254912;1396302;1280230;747875;3679319;3035941;0;0;7962439;0;10998380;14677699;917386;1744330;150760;237280;0;0;3049756;2082101;0;0;0;3496;2085597;5135353;450000;0;234751;8857595;0;0;9542346;14677699;
45770;805017444;2019-12-31;2018;MILES;124323;1074890;1692469;808072;3699754;2403373;0;0;8774258;0;11177631;14877385;1042819;1861823;168373;174326;38;0;3247379;2063172;0;0;0;72070;2135242;5382621;450000;0;218180;8826584;0;0;9494764;14877385;
45771;860451052;2019-12-31;2019;MILES;611553;7195915;7281405;0;15088873;8196012;0;128408;46435970;0;54760390;69849263;0;380014;0;137791;26704;194;544703;0;19311384;1359885;0;0;20671269;21215972;3600;0;433586;48196105;0;0;48633291;69849263;
45772;860451052;2019-12-31;2018;MILES;294209;7222453;7206202;0;14722864;8333743;0;128408;42996522;0;51458673;66181537;0;365536;0;139998;19179;0;524713;0;19441578;1317400;0;0;20758978;21283691;3600;0;80651;44813595;0;0;44897846;66181537;
45773;900478048;2019-12-31;2019;MILES;32365;3027715;1329483;0;4389563;9089;0;0;0;0;9089;4398652;0;2992336;0;4323;0;822765;3819424;0;0;0;0;0;0;3819424;950000;0;25000;-395772;0;0;579228;4398652;
45774;900478048;2019-12-31;2018;MILES;70582;2941749;1378440;0;4390771;9089;0;0;0;0;9089;4399860;0;2966316;0;3806;0;817762;3787884;0;0;0;0;0;0;3787884;950000;0;25000;-363024;0;0;611976;4399860;
45775;800215065;2019-12-31;2019;MILES;5510704;1633098;8171075;0;15314877;13060861;1094874;11295441;7912101;1094874;34458151;49773028;3362184;5523358;1159015;1521665;939104;1410326;13915652;622222;16734059;0;0;0;17356281;31271933;1030000;0;6401899;11069196;0;0;18501095;49773028;
45776;800215065;2019-12-31;2018;MILES;5530703;893554;6217467;0;12641724;15520029;36000;11295441;4908421;36000;31795891;44437615;1834666;5202920;1563000;942057;733245;863566;11139454;1468718;15645194;148829;0;0;17262741;28402195;1030000;0;3917327;11088093;0;0;16035420;44437615;
45777;800158149;2019-12-31;2019;MILES;13027;2133190;3494889;208149;5849255;1013188;0;0;1085898;0;2099086;7948341;339;496800;0;162158;0;0;659297;0;0;143259;897727;0;1040986;1700283;300000;0;169357;5778701;0;0;6248058;7948341;
45778;800158149;2019-12-31;2018;MILES;306918;2672176;2287013;244288;5510395;715525;0;0;653152;0;1368677;6879072;0;641156;0;190530;0;0;831686;0;0;181887;795049;0;976936;1808622;300000;0;169357;4601093;0;0;5070450;6879072;
45779;860022348;2019-12-31;2019;MILES;137451;0;1155182;0;1292633;936163;0;0;8235000;0;9171163;10463796;0;60909;0;0;0;0;60909;0;0;0;0;0;0;60909;22000;0;11000;10369887;0;0;10402887;10463796;
45780;860022348;2019-12-31;2018;MILES;82014;0;1241253;0;1323267;936163;0;0;8235000;0;9171163;10494430;0;72720;0;0;0;0;72720;0;0;0;0;0;0;72720;22000;0;11000;10388710;0;0;10421710;10494430;
45781;900653666;2019-12-31;2019;MILES;319251;106485;4652541;4085544;9163821;10906319;0;0;0;0;10906319;20070140;1919550;1714438;0;66257;61312;0;3761557;6170099;0;0;0;9344760;15514859;19276416;300000;0;0;493724;0;0;793724;20070140;
45782;900653666;2019-12-31;2018;MILES;119144;82612;9276069;5496374;14974199;5732197;0;0;0;0;5732197;20706396;612946;7448264;0;65072;130763;0;8257045;2762708;0;0;0;8968711;11731419;19988464;300000;0;0;417932;0;0;717932;20706396;
45783;830506361;2019-12-31;2019;MILES;895;137947;1590987;41062109;42791938;3064879;29915044;199078322;67056245;29915044;329029534;371821472;78426199;5498616;0;0;8425486;0;92350301;0;80702041;8399609;0;16522846;105624496;197974797;10000000;87434533;1752533;-77192001;0;151851610;173846675;371821472;
45784;830506361;2019-12-31;2018;MILES;62230;324160;2152224;41062109;43600723;3250770;127797406;199045739;-23556588;127797406;434334733;477935456;42922387;5675173;0;0;13552737;0;62150297;29188540;145635881;12396560;0;20942332;208163313;270313610;10000000;87434533;1752533;-43416830;0;151851610;207621846;477935456;
45785;901087750;2019-12-31;2019;MILES;67534;1499963;2988030;0;4555527;0;0;0;97872;0;97872;4653399;0;469370666;0;24504;1856167;5696723;476948060;0;0;0;0;0;0;476948060;1060000;0;0;-473354661;0;0;-472294661;4653399;
45786;901087750;2019-12-31;2018;MILES;54982;2274908;3060392;0;5390282;0;0;0;9198454;0;9198454;14588736;0;484041984;0;5435;11560338;1845054;497452811;0;0;0;0;0;0;497452811;1060000;0;0;-483924075;0;0;-482864075;14588736;
45787;890930847;2019-12-31;2019;MILES;67240;2566155;1996714;759109;5389218;22186705;0;20138076;98635626;0;140960407;146349625;95283;327418;0;217916;791860;43198;1475675;11373157;0;0;0;26693261;38066418;39542093;200000;0;100000;106507532;0;0;106807532;146349625;
45788;890930847;2019-12-31;2018;MILES;61800;2449557;5373004;442581;8326942;22212153;0;40046050;63402476;0;125660679;133987621;93226;337895;0;214809;1021031;84;1667045;21583143;0;0;0;24488814;46071957;47739002;200000;0;100000;85948619;0;0;86248619;133987621;
45789;901087751;2019-12-31;2019;MILES;11528;614574;21522649;0;22148751;0;0;0;74657991;0;74657991;96806742;0;132424145;0;0;1067;0;132425212;0;142500000;0;0;0;142500000;274925212;1060000;0;0;-179178470;0;0;-178118470;96806742;
45790;901087751;2019-12-31;2018;MILES;330756;605207;18554632;0;19490595;0;0;0;100849406;0;100849406;120340001;0;209450312;0;0;4632;0;209454944;0;62500000;0;0;0;62500000;271954944;1060000;0;0;-152674943;0;0;-151614943;120340001;
45791;900536159;2019-12-31;2019;MILES;49015;0;27982;13484;90481;6105510;0;0;1134667;0;7240177;7330658;0;57469;0;45012;17700;243;120424;0;910776;9711;0;0;920487;1040911;3000000;0;0;3289747;0;0;6289747;7330658;
45792;900536159;2019-12-31;2018;MILES;59875;0;30884;15826;106585;6250452;0;0;1124776;0;7375228;7481813;0;66409;0;47608;15887;0;129904;0;834541;11379;0;0;845920;975824;3000000;0;0;3505989;0;0;6505989;7481813;
45793;900476348;2019-12-31;2019;MILES;21401;0;154577;10808094;10984072;1355;0;0;0;0;1355;10985427;0;10942599;0;0;0;0;10942599;0;0;0;0;0;0;10942599;30000;0;0;12828;0;0;42828;10985427;
45794;900476348;2019-12-31;2018;MILES;274878;0;1302866;6253595;7831339;2489;0;0;0;0;2489;7833828;0;7544911;0;0;0;0;7544911;0;0;0;0;268192;268192;7813103;30000;0;0;-9275;0;0;20725;7833828;
45795;811008049;2019-12-31;2019;MILES;32214;0;2884075;2870137;5786426;61454;0;0;3706063;0;3767517;9553943;862590;4382706;0;141911;0;0;5387207;0;0;387481;17925;0;405406;5792613;1400000;932163;367081;1062086;0;0;3761330;9553943;
45796;811008049;2019-12-31;2018;MILES;59923;0;2783497;2136097;4979517;123809;0;0;3382715;0;3506524;8486041;935091;4513975;0;97183;0;0;5546249;0;0;23325;41719;0;65044;5611293;900000;1664500;367081;-56833;0;0;2874748;8486041;
45797;900247153;2019-12-31;2019;MILES;32774;0;7220456;0;7253230;6775495;0;3902195;1079802;0;11757492;19010722;0;316103;681710;4648;59431;0;1061892;0;0;340185;0;0;340185;1402077;12110;13236666;1605685;2754184;0;0;17608645;19010722;
45798;900247153;2019-12-31;2018;MILES;452167;0;6449185;0;6901352;6652680;0;2352195;1003668;0;10008543;16909895;0;7656;550415;5983;205834;0;769888;0;0;337223;0;0;337223;1107111;11420;10920836;1605685;3264843;0;0;15802784;16909895;
45799;900711448;2019-12-31;2019;MILES;1707466;23752754;20916494;0;46376714;475903607;3817167;0;342564687;3817167;826102628;872479342;27138757;183768392;789813;355311;530041;15006618;227588932;74631583;513216667;19048414;0;13426820;620323484;847912416;27578152;56311739;0;-59322965;0;0;24566926;872479342;
45800;900711448;2019-12-31;2018;MILES;1069772;1247164;90282025;0;92598961;62924435;43280740;0;-25186709;43280740;124299206;216898167;0;131615457;81579;169778;657955;4583;132529352;0;97046018;479016;0;1468422;98993456;231522808;13726620;0;0;-28351261;0;0;-14624641;216898167;
45801;800150549;2019-12-31;2019;MILES;7483;0;1633542;0;1641025;338564;0;10710900;77620551;0;88670015;90311040;169921;2074430;0;0;4;0;2244355;929699;0;780084;0;0;1709783;3954138;1979384;433500;25620094;58323924;0;0;86356902;90311040;
45802;800150549;2019-12-31;2018;MILES;31001;0;966557;0;997558;369462;0;8244920;73778867;0;82393249;83390807;784481;1233985;0;0;59923;0;2078389;56059;0;538027;0;0;594086;2672475;1979384;433500;19383352;58922096;0;0;80718332;83390807;
45803;800017252;2019-12-31;2019;MILES;145576;16831;108;0;162515;0;2110646;0;431129;2110646;4652421;4814936;0;0;0;0;672;0;672;0;2762276;254;0;0;2762530;2763202;21890;0;556122;1473722;0;0;2051734;4814936;
45804;800017252;2019-12-31;2018;MILES;1554;6;148544;0;150104;0;1916535;0;393273;1916535;4226343;4376447;0;0;0;0;14483;0;14483;0;2620340;0;0;0;2620340;2634823;100;0;556122;1185402;0;0;1741624;4376447;
45805;811032354;2019-12-31;2019;MILES;54380;2480990;59566;0;2594936;1046000;1995316;1882765;4879559;1995316;11798956;14393892;89760;94796;21003;43776;13172;367360;629867;0;0;0;0;0;0;629867;3174238;0;671006;2503418;0;7415363;13764025;14393892;
45806;811032354;2019-12-31;2018;MILES;49561;1498332;3836870;0;5384763;1041892;2028400;2185957;4863886;2028400;12148535;17533298;98215;244335;21003;46485;318659;406775;1135472;0;947682;0;0;0;947682;2083154;3174238;0;671006;4189537;0;7415363;15450144;17533298;
45807;800191070;2019-12-31;2019;MILES;3464384;11137202;1882470;0;16484056;0;0;689000;53176225;0;53865225;70349281;0;3893377;0;0;392268;0;4285645;0;0;491600;0;53684;545284;4830929;206325;0;219233;65092794;0;0;65518352;70349281;
45808;800191070;2019-12-31;2018;MILES;2799591;5339497;2211893;0;10350981;0;0;689000;42389834;0;43078834;53429815;0;2775681;0;0;536619;0;3312300;0;0;1032554;0;0;1032554;4344854;206325;0;219233;48659403;0;0;49084961;53429815;
45809;812003155;2019-12-31;2019;MILES;140299;463608;4291112;32870798;37765817;221371;0;0;1783784;0;2005155;39770972;10526687;2030006;0;148912;208940;25341620;38256165;770442;0;213496;0;0;983938;39240103;1000000;0;83538;-552669;0;0;530869;39770972;
45810;812003155;2019-12-31;2018;MILES;38713;423803;9441335;41087334;50991185;291297;0;0;688423;0;979720;51970905;11839314;3929760;0;123972;530914;34133665;50557625;75711;0;0;0;0;75711;50633336;1000000;0;83538;254031;0;0;1337569;51970905;
45811;900300965;2019-12-31;2019;MILES;85208;35594713;12458690;0;48138611;3106603;34151;3820988;299717;34151;7295610;55434221;12623993;6828889;0;134360;67429;32353;19687024;0;3565466;4427337;16468442;0;24461245;44148269;4800000;8;331205;6154739;0;0;11285952;55434221;
45812;900300965;2019-12-31;2018;MILES;594775;29570957;12335396;0;42501128;3140376;25518;1030865;436048;25518;4658325;47159453;11152617;4761025;0;93658;76814;25625;16109739;0;2704537;3969971;12093167;0;18767675;34877414;4700000;8;285325;7296706;0;0;12282039;47159453;
45813;811044597;2019-12-31;2019;MILES;5388016;1018152;6331497;0;12737665;1994615;0;109216363;59829214;0;171040192;183777857;3000000;13331244;0;0;1809108;59023;18199375;13750000;0;5086838;0;2675138;21511976;39711351;4193633;1784525;5440629;132647719;0;0;144066506;183777857;
45814;811044597;2019-12-31;2018;MILES;1966600;1659953;2482360;0;6108913;2150972;0;104015587;32769339;0;138935898;145044811;3000000;8092128;0;0;3675248;66040;14833416;16750000;0;4564159;0;3605690;24919849;39753265;4193633;1784525;5440629;93872759;0;0;105291546;145044811;
45815;900685058;2019-12-31;2019;MILES;882;15013;0;0;15895;0;3249748;0;18912040;3249748;25411536;25427431;0;3653;0;0;0;0;3653;0;0;0;0;0;0;3653;10000;0;5133519;20280259;0;0;25423778;25427431;
45816;900685058;2019-12-31;2018;MILES;882;18115;1013272;0;1032269;0;2309974;0;17295011;2309974;21914959;22947228;0;56834;0;0;54115;0;110949;0;0;0;0;0;0;110949;10000;0;3614953;19211326;0;0;22836279;22947228;
45817;860028662;2019-12-31;2019;MILES;1970156;756377;5514917;4147516;12388966;753633;0;0;688200;0;1441833;13830799;1146699;1345785;62484;173448;1042261;447184;4217861;0;0;7376;0;0;7376;4225237;1233177;0;1717127;6655258;0;0;9605562;13830799;
45818;860028662;2019-12-31;2018;MILES;1671399;966169;7634628;4877987;15150183;586683;0;0;974925;0;1561608;16711791;489986;1598150;0;169153;1034937;887189;4179415;2621035;0;3204;0;0;2624239;6803654;1233177;0;2817665;5857295;0;0;9908137;16711791;
45819;900901456;2019-12-31;2019;MILES;663368;1318;661799;0;1326485;0;10;323922;34343360;10;34667302;35993787;0;33881483;0;31361;377422;0;34290266;0;0;0;0;0;0;34290266;50000;0;25000;1628521;0;0;1703521;35993787;
45820;900901456;2019-12-31;2018;MILES;3014901;1399;3642834;0;6659134;0;0;0;21344291;0;21344291;28003425;0;771627;0;14859;18144;0;804630;0;24480053;0;0;0;24480053;25284683;50000;0;23345;2645397;0;0;2718742;28003425;
45821;900268571;2019-12-31;2019;MILES;751099;1545401;1962022;145312;4403834;1788418;0;0;14531;0;1802949;6206783;278202;497158;0;51317;0;0;826677;0;868683;407629;0;0;1276312;2102989;600000;0;243961;3259833;0;0;4103794;6206783;
45822;900268571;2019-12-31;2018;MILES;574513;980203;1888494;380792;3824002;1948818;0;0;9707;0;1958525;5782527;682943;275342;0;46623;0;0;1004908;0;885184;404646;0;0;1289830;2294738;600000;0;230902;2656887;0;0;3487789;5782527;
45823;890108661;2019-12-31;2019;MILES;2041982;1325395;67728194;2974162;74069733;40450994;2996269;0;1170818;2996269;47614350;121684083;2280556;13337519;0;272602;1365351;18800353;36056381;0;0;487353;0;30157194;30644547;66700928;1644970;0;863190;22398370;0;30076625;54983155;121684083;
45824;890108661;2019-12-31;2018;MILES;158345;2711496;80673251;2968366;86511458;41428011;2425091;0;1149872;2425091;47428065;133939523;2943191;20743441;0;236708;2334579;17885961;44143880;0;0;103612;0;36771204;36874816;81018696;1644970;0;863190;20104657;0;30308010;52920827;133939523;
45825;900768657;2019-12-31;2019;MILES;1815118;0;0;0;1815118;2164001;1042000;0;-826000;1042000;3422001;5237119;0;0;0;0;1689;0;1689;4610002;0;0;0;0;4610002;4611691;100000;0;0;525428;0;0;625428;5237119;
45826;900768657;2019-12-31;2018;MILES;1614957;0;0;0;1614957;2069011;849949;0;-633949;849949;3134960;4749917;0;0;0;0;15610;0;15610;4196988;0;0;0;0;4196988;4212598;100000;0;0;437319;0;0;537319;4749917;
45827;900378964;2019-12-31;2019;MILES;111584;1639108;5349762;0;7100454;5835765;0;11458659;13492591;0;30787015;37887469;127152;1975231;0;5889;42004;0;2150276;1881218;50000;754718;0;0;2685936;4836212;155780;7018644;77890;25798943;0;0;33051257;37887469;
45828;900378964;2019-12-31;2018;MILES;349279;1234157;5908742;0;7492178;3403383;0;11258052;6553479;0;21214914;28707092;116192;1019967;0;6181;101381;0;1243721;2008601;50102;432545;0;0;2491248;3734969;155780;7018644;77890;17719809;0;0;24972123;28707092;
45829;830100761;2019-12-31;2019;MILES;465729;8894;1156761;0;1631384;4175;1552834;1968241;10314842;1552834;15392926;17024310;0;11412;0;7979;24828;0;44219;0;243157;270074;0;175;513406;557625;430000;1536239;4962;5646118;0;8849366;16466685;17024310;
45830;830100761;2019-12-31;2018;MILES;435482;22863;1092271;0;1550616;7653;1440799;1968241;9894981;1440799;14752473;16303089;0;3168;0;8468;0;0;11636;0;243158;217156;0;5505;465819;477455;430000;1536239;4962;5005067;0;8849366;15825634;16303089;
45831;860077758;2019-12-31;2019;MILES;101293;0;7811344;0;7912637;1435059;0;3969717;27925814;0;33330590;41243227;564384;506206;0;25568;164859;0;1261017;1529238;0;1925342;0;0;3454580;4715597;184511;5710103;18100242;12532774;0;0;36527630;41243227;
45832;860077758;2019-12-31;2018;MILES;143548;0;7026561;0;7170109;1479787;0;3000365;25023780;0;29503932;36674041;455833;0;0;25001;18585;0;499419;1187084;0;1645334;0;0;2832418;3331837;184511;5710103;14284702;13162888;0;0;33342204;36674041;
45833;800226264;2019-12-31;2019;MILES;4171;286959;31066;11773;333969;7538745;0;0;0;0;7538745;7872714;0;90546;0;0;742;102395;193683;0;0;1122891;0;0;1122891;1316574;34432;0;12282;13992971;0;-7483545;6556140;7872714;
45834;800226264;2019-12-31;2018;MILES;17663;276841;206598;3144;504246;7865436;0;0;300536;0;8165972;8670218;0;28245;0;0;6086;0;34331;0;0;1230442;0;0;1230442;1264773;34432;0;12282;14324080;0;-6965349;7405445;8670218;
45835;900501556;2019-12-31;2019;MILES;238;0;7041826;0;7042064;0;0;0;10293930;0;10293930;17335994;0;0;0;0;552416;0;552416;0;7775071;0;0;0;7775071;8327487;14000;0;249798;8744709;0;0;9008507;17335994;
45836;900501556;2019-12-31;2018;MILES;800;0;8351995;0;8352795;43083;0;0;8059367;0;8102450;16455245;0;0;0;0;36738;0;36738;0;7032974;0;0;0;7032974;7069712;1000;0;243298;9141235;0;0;9385533;16455245;
45837;890907681;2019-12-31;2019;MILES;1452539;8765;6043715;3679725;11184744;2440835;0;0;3531808;0;5972643;17157387;0;3740750;0;0;0;0;3740750;0;1090846;0;0;0;1090846;4831596;2398518;0;500000;6887051;0;2540222;12325791;17157387;
45838;890907681;2019-12-31;2018;MILES;724959;34820;5674262;3626132;10060173;2564240;0;0;3562079;0;6126319;16186492;0;4174905;0;0;0;0;4174905;0;1029781;0;0;0;1029781;5204686;2398518;0;500000;5511693;0;2571595;10981806;16186492;
45839;900481748;2019-12-31;2019;MILES;3156368;1388738;3907586;0;8452692;352898;1240554;0;-1240554;1240554;1593452;10046144;0;1320368;0;0;1381136;45758;2747262;0;0;0;0;3504704;3504704;6251966;500000;0;85721;3208457;0;0;3794178;10046144;
45840;900481748;2019-12-31;2018;MILES;1167263;646682;3797054;0;5610999;286662;1236;0;15144;1236;304278;5915277;0;871478;0;0;507561;96948;1475987;0;0;0;0;2912194;2912194;4388181;500000;0;85721;941375;0;0;1527096;5915277;
45841;800175457;2019-12-31;2019;MILES;51138479;339349;36612356;33338063;121428247;158903718;0;550288;6009821;0;165463827;286892074;9187;27616293;0;2024765;1151700;1614958;32416903;0;0;23129396;0;0;23129396;55546299;10813503;44875665;54181563;121475044;0;0;231345775;286892074;
45842;800175457;2019-12-31;2018;MILES;50718883;325567;35025153;41469180;127538783;157737515;0;550288;6068622;0;164356425;291895208;7027;33316200;0;2125126;820210;844695;37113258;0;0;24150975;0;0;24150975;61264233;9164295;5020483;16739677;199706520;0;0;230630975;291895208;
45843;890918866;2019-12-31;2019;MILES;2226927;1495530;1935337;2591971;8249765;7378498;0;0;2151984;0;9530482;17780247;8877;197117;0;480879;143006;980064;1809943;542897;225052;614198;0;0;1382147;3192090;2000000;950000;1775483;9862674;0;0;14588157;17780247;
45844;890918866;2019-12-31;2018;MILES;5349810;1579254;4084422;677900;11691386;5191304;0;499693;2049110;0;7740107;19431493;261479;454696;0;433829;191990;1403076;2745070;1570000;931853;697895;0;0;3199748;5944818;2000000;950000;1655435;8881240;0;0;13486675;19431493;
45845;900108058;2019-12-31;2019;MILES;2713;391921;252064;0;646698;11123710;0;0;2473939;0;13597649;14244347;3274389;8474700;0;0;32040;2250;11783379;0;0;0;0;0;0;11783379;1228000;0;122153;1110815;0;0;2460968;14244347;
45846;900108058;2019-12-31;2018;MILES;269730;208383;1416121;0;1894234;4776155;0;0;2364439;0;7140594;9034828;1343549;5247693;0;0;16576;12250;6620068;0;0;0;0;0;0;6620068;1228000;0;122153;1064607;0;0;2414760;9034828;
45847;900827056;2019-12-31;2019;MILES;274657;0;10707160;42558287;53540104;380976;0;0;0;0;380976;53921080;7025277;45929972;0;0;160954;0;53116203;0;0;0;0;0;0;53116203;50000;0;25000;729877;0;0;804877;53921080;
45848;900827056;2019-12-31;2018;MILES;330549;0;15951057;21644894;37926500;426100;0;0;0;0;426100;38352600;2332823;35583206;0;0;35425;0;37951454;0;0;0;0;0;0;37951454;50000;0;25000;326146;0;0;401146;38352600;
45849;830073770;2019-12-31;2019;MILES;958968;1441034;10269710;2405168;15074880;0;0;0;204372;0;204372;15279252;4149093;2016552;0;44587;0;1476996;7687228;0;0;0;0;0;0;7687228;600000;0;50000;6942024;0;0;7592024;15279252;
45850;830073770;2019-12-31;2018;MILES;2824590;950675;8722829;2155865;14653959;0;0;0;204372;0;204372;14858331;185000;5485783;0;34233;0;1852842;7557858;0;0;0;0;0;0;7557858;100000;0;50000;7150473;0;0;7300473;14858331;
45851;830121654;2019-12-31;2019;MILES;4077841;2065342;11145256;2722133;20010572;3593097;0;610438;4007755;0;8211290;28221862;0;7021889;0;0;2662275;0;9684164;9142571;0;426902;0;239728;9809201;19493365;2000000;0;605337;6123160;0;0;8728497;28221862;
45852;830121654;2019-12-31;2018;MILES;4682840;162516;4573926;882440;10301722;3456277;0;563950;414061;0;4434288;14736010;3832120;3098547;0;0;335527;119689;7385883;1168614;0;657485;0;0;1826099;9211982;1000000;0;605337;3918691;0;0;5524028;14736010;
45853;892300962;2019-12-31;2019;MILES;1335696;4875;1468330;171467;2980368;24400701;3979838;0;11224737;3979838;43585114;46565482;811506;279878;0;195136;736731;0;2023251;5076432;141042;2546715;0;2566020;10330209;12353460;517974;2337879;2907223;26396333;0;2052613;34212022;46565482;
45854;892300962;2019-12-31;2018;MILES;15560;7118132;486954;107372;7728018;24436878;162258;0;15360571;162258;40121965;47849983;2513678;484066;0;210682;176235;0;3384661;5022599;57924;3081172;0;2593209;10754904;14139565;517974;2337879;2907223;25894729;0;2052613;33710418;47849983;
45855;830031757;2019-12-31;2019;MILES;2842287;10096652;59036289;1203973;73179201;13289409;0;0;15087509;0;28376918;101556119;15064839;12469886;912247;0;1426758;3348625;33222355;22492603;0;590334;0;0;23082937;56305292;6385666;0;3602518;35262643;0;0;45250827;101556119;
45856;830031757;2019-12-31;2018;MILES;2872198;7440401;47471139;1007954;58791692;10590626;0;8118455;12818515;0;31527596;90319288;13431843;9564720;4305955;0;1624636;3693090;32620244;10141445;0;1536094;0;0;11677539;44297783;6385666;0;3612992;36022847;0;0;46021505;90319288;
45857;890404359;2019-12-31;2019;MILES;59597;213534;17554365;13086650;30914146;51474582;0;0;618690;0;52093272;83007418;0;6051389;0;0;91549;291954;6434892;20795513;0;341067;0;4361746;25498326;31933218;1000000;356400;1507845;48209955;0;0;51074200;83007418;
45858;890404359;2019-12-31;2018;MILES;94829;38805;16111362;1885800;18130796;46946338;0;0;548523;0;47494861;65625657;0;1367271;0;0;713593;146025;2226889;5600836;0;355563;0;2489395;8445794;10672683;1000000;356400;1507845;52088729;0;0;54952974;65625657;
45859;860002455;2019-12-31;2019;MILES;1841039;3902448;26819947;22532406;55095840;20306063;0;5713780;23722303;0;49742146;104837986;16855988;7546185;0;745225;2932159;4805847;32885404;12742596;0;3290720;0;0;16033316;48918720;1692027;1136962;38711607;14378670;0;0;55919266;104837986;
45860;860002455;2019-12-31;2018;MILES;1920229;3471994;23085794;20555310;49033327;19729453;0;5451644;21949726;0;47130823;96164150;15703673;6339616;0;553636;2349066;4521121;29467112;13863894;0;3643996;0;0;17507890;46975002;1692027;1136962;34422728;11937431;0;0;49189148;96164150;
45861;811036659;2019-12-31;2019;MILES;6073199;9504096;2837253;0;18414548;63548;128469;6791525;24126739;128469;31238750;49653298;0;1128468;0;63423;366665;84282;1642838;0;0;659280;0;0;659280;2302118;1028000;956528;1995642;43371010;0;0;47351180;49653298;
45862;811036659;2019-12-31;2018;MILES;11535662;82831;4591230;0;16209723;0;490093;6680423;28252405;490093;35913014;52122737;0;2834199;87272;0;0;0;2921471;0;545721;0;0;0;545721;3467192;1028000;956528;3417413;43253604;0;0;48655545;52122737;
45863;860530855;2019-12-31;2019;MILES;30163;71181;291720;4999344;5392408;329544;771090;0;-551912;771090;1319812;6712220;0;278196;0;26542;35789;0;340527;0;993825;0;0;0;993825;1334352;700000;0;368814;4309054;0;0;5377868;6712220;
45864;860530855;2019-12-31;2018;MILES;49244;329332;1979601;4642392;7000569;425683;1304334;0;-1085155;1304334;1949196;8949765;44588;798760;0;45504;71580;0;960432;129862;2177349;0;0;0;2307211;3267643;700000;0;368814;4613308;0;0;5682122;8949765;
45865;900397858;2019-12-31;2019;MILES;11344;0;103891;80977;196212;13473100;1649110;0;-1128638;1649110;15642682;15838894;0;81260;0;66656;98826;0;246742;8591667;4262380;666207;0;18642;13538896;13785638;32000;0;0;2021256;0;0;2053256;15838894;
45866;900397858;2019-12-31;2018;MILES;11469;0;125169;84493;221131;13486646;1896740;0;-1289092;1896740;15991034;16212165;0;52164;0;6221;98240;0;156625;8326391;3891078;645924;0;18780;12882173;13038798;32000;0;0;3141367;0;0;3173367;16212165;
45867;900809355;2019-12-31;2019;MILES;0;0;0;0;0;0;0;0;8598762;0;8598762;8598762;0;0;0;0;0;0;0;0;0;0;0;0;0;0;2225;1000;0;465025;0;8130512;8598762;8598762;
45868;900809355;2019-12-31;2018;MILES;0;0;0;0;0;0;0;0;8493933;0;8493933;8493933;0;0;0;0;0;0;0;0;0;0;0;0;0;0;2225;1000;0;360196;0;8130512;8493933;8493933;
45869;900551057;2019-12-31;2019;MILES;632260;1815168;3061288;35344426;40853142;0;0;0;4066;0;4066;40857208;3205638;33138487;0;17439;2850;0;36364414;0;2118178;0;0;0;2118178;38482592;101000;2899000;50500;-675884;0;0;2374616;40857208;
45870;900551057;2019-12-31;2018;MILES;1805128;1523692;13584302;40042016;56955138;0;0;0;0;0;0;56955138;25951222;15767062;0;27240;332725;0;42078249;0;0;0;0;11851973;11851973;53930222;101000;2899000;0;24916;0;0;3024916;56955138;
45871;830040455;2019-12-31;2019;MILES;263677;20486716;28773873;0;49524266;887554;0;0;8286652;0;9174206;58698472;9427082;4426161;0;2361903;1379118;16592130;34186394;0;0;0;0;0;0;34186394;10000;0;9263;24492815;0;0;24512078;58698472;
45872;830040455;2019-12-31;2018;MILES;698168;17215286;17752412;0;35665866;976936;0;0;7818582;0;8795518;44461384;3126869;4867937;7624;1953503;1455519;12632309;24043761;0;0;0;0;0;0;24043761;10000;0;9263;20398360;0;0;20417623;44461384;
45873;900527157;2019-12-31;2019;MILES;1017842;2295125;959438;0;4272405;1380882;0;0;13231444;0;14612326;18884731;0;910615;0;0;219307;0;1129922;0;0;0;0;630177;630177;1760099;400000;0;136634;16587998;0;0;17124632;18884731;
45874;900527157;2019-12-31;2018;MILES;2173351;2007113;930242;0;5110706;1530291;0;0;10467132;0;11997423;17108129;0;1729706;0;0;274046;0;2003752;0;0;0;0;930177;930177;2933929;400000;0;100594;13673606;0;0;14174200;17108129;
45875;830113956;2019-12-31;2019;MILES;1404461;2017791;4937131;0;8359383;4815125;0;0;5612238;0;10427363;18786746;0;3831961;0;0;355997;29592;4217550;0;12202838;431177;0;0;12634015;16851565;5246906;0;85197;-3396922;0;0;1935181;18786746;
45876;830113956;2019-12-31;2018;MILES;604591;2248072;6722404;0;9575067;2534013;0;0;6670971;0;9204984;18780051;0;4476491;0;0;631629;29592;5137712;0;10491855;496283;0;0;10988138;16125850;5246906;0;85197;-2677902;0;0;2654201;18780051;
45877;900568957;2019-12-31;2019;MILES;16609679;1090286;167952;0;17867917;7279702;2013053;0;21537055;2013053;32842863;50710780;0;334973;0;0;24138;0;359111;0;9231350;4595690;0;0;13827040;14186151;200000;0;0;36324629;0;0;36524629;50710780;
45878;900568957;2019-12-31;2018;MILES;232892;0;971;0;233863;0;0;0;10850791;0;10850791;11084654;0;421;0;0;155;0;576;0;2745453;2695289;0;0;5440742;5441318;200000;0;0;5443336;0;0;5643336;11084654;
45879;900340958;2019-12-31;2019;MILES;100;0;3218021;0;3218121;0;0;0;10000;0;10000;3228121;0;3208602;0;0;0;0;3208602;0;0;0;0;0;0;3208602;100;0;21713;-2294;0;0;19519;3228121;
45880;900340958;2019-12-31;2018;MILES;100;0;4578703;0;4578803;0;0;0;10000;0;10000;4588803;0;4566990;0;0;0;0;4566990;0;0;0;0;0;0;4566990;100;0;24727;-3014;0;0;21813;4588803;
45881;900336958;2019-12-31;2019;MILES;1509986;1679330;10022257;2449151;15660724;114460;1891;0;67704;1891;185946;15846670;11533;14039839;0;0;336680;98398;14486450;380073;0;3619;0;0;383692;14870142;444450;180000;596304;352078;0;-596304;976528;15846670;
45882;900336958;2019-12-31;2018;MILES;500844;1199071;6500862;2783401;10984178;136581;711;0;37589;711;175592;11159770;715950;8726552;0;0;423180;79548;9945230;409923;0;998;0;0;410921;10356151;444450;180000;375254;179169;0;-375254;803619;11159770;
45883;800236060;2019-12-31;2019;MILES;53378;3441625;1819882;0;5314885;10000;0;4163215;7723805;0;11897020;17211905;0;2793;0;0;27394;0;30187;0;2924323;61873;0;577;2986773;3016960;10867000;0;581499;1314991;0;1431455;14194945;17211905;
45884;800236060;2019-12-31;2018;MILES;77547;4487364;1113934;0;5678845;14180;0;4163215;7727623;0;11905018;17583863;0;554396;0;0;21122;0;575518;0;2770023;90053;0;231;2860307;3435825;10867000;0;571946;1277637;0;1431455;14148038;17583863;
45885;890109279;2019-12-31;2019;MILES;1171258;3769063;16449418;472678;21862417;3552177;0;25649770;86489902;0;115691849;137554266;5482958;12134732;0;112012;3171442;0;20901144;1000000;66906368;2257912;0;2984065;73148345;94049489;400000;0;200000;42904777;0;0;43504777;137554266;
45886;890109279;2019-12-31;2018;MILES;2012781;1248824;47326936;472678;51061219;3554552;0;25649770;63562765;0;92767087;143828306;4871376;2574866;0;79925;1954213;0;9480380;1000000;72611170;2257912;0;1012270;76881352;86361732;400000;0;200000;56866574;0;0;57466574;143828306;
45887;900250454;2019-12-31;2019;MILES;170679;902714;6372642;0;7446035;192927;0;0;326913;0;519840;7965875;171935;3779039;0;480843;250490;0;4682307;0;0;0;0;0;0;4682307;1043310;2414097;0;-173839;0;0;3283568;7965875;
45888;900250454;2019-12-31;2018;MILES;194977;1575825;1116354;0;2887156;156229;0;0;146486;0;302715;3189871;100686;2530120;0;367389;223698;0;3221893;0;0;0;0;0;0;3221893;1008500;841500;0;-1882022;0;0;-32022;3189871;
45889;860077672;2019-12-31;2019;MILES;247480;500151;704386;0;1452017;9522;827500;7585985;702060;827500;9952567;11404584;11667;101486;0;25847;152445;5771;297216;0;1024206;0;0;0;1024206;1321422;50000;0;405669;833708;0;8793785;10083162;11404584;
45890;860077672;2019-12-31;2018;MILES;165517;483450;37125;0;686092;10087;615000;8436868;834020;615000;10510975;11197067;0;131927;0;15816;225498;5771;379012;0;714439;0;0;0;714439;1093451;50000;0;405669;496969;0;9150978;10103616;11197067;
45891;830106557;2019-12-31;2019;MILES;7340;0;3080843;1910371;4998554;2367000;0;0;7087503;0;9454503;14453057;0;546970;224000;497707;1334612;34402424;37005713;0;0;2713056;0;4744981;7458037;44463750;2050000;0;10585620;-42646313;0;0;-30010693;14453057;
45892;830106557;2019-12-31;2018;MILES;9343;0;4825515;2893168;7728026;2738333;0;0;1706813;0;4445146;12173172;0;407781;224000;149213;779385;2953940;4514319;0;0;1926693;0;4970057;6896750;11411069;2050000;0;10585620;-11873517;0;0;762103;12173172;
45893;800206973;2019-12-31;2019;MILES;840514;19231;0;0;859745;30009902;971000;0;154361969;971000;186313871;187173616;0;45449;0;17952;281536;0;344937;0;0;18669641;0;228368;18898009;19242946;3899392;15021662;18539614;79429238;0;51040764;167930670;187173616;
45894;800206973;2019-12-31;2018;MILES;7652287;436622;0;0;8088909;30304900;971267;0;142438411;971267;174685845;182774754;0;793001;0;11849;24272;0;829122;0;0;18669641;0;237558;18907199;19736321;3899392;15021662;22901466;85105126;0;36110787;163038433;182774754;
45895;900278814;2019-12-31;2019;MILES;185150;0;209916;0;395066;3371221;588973;0;6575321;588973;11124488;11519554;0;302247;0;11836;3769;0;317852;1656929;0;0;0;0;1656929;1974781;5000000;0;537689;4007084;0;0;9544773;11519554;
45896;900278814;2019-12-31;2018;MILES;264604;0;20220;0;284824;2963841;604374;0;6574491;604374;10747080;11031904;0;304513;0;17518;8237;0;330268;1833067;0;0;0;0;1833067;2163335;5000000;0;414461;3454108;0;0;8868569;11031904;
45897;830112250;2019-12-31;2019;MILES;120482;10667;3150270;834881;4116300;1730541;0;0;498232;0;2228773;6345073;0;1282446;57170;91196;18774;389546;1839132;0;2331527;0;0;0;2331527;4170659;2240000;120000;7293;-414610;0;221731;2174414;6345073;
45898;830112250;2019-12-31;2018;MILES;106142;16000;3518397;1044715;4685254;1235454;0;0;610380;0;1845834;6531088;0;1626613;44730;71160;48065;118202;1908770;0;2094524;0;0;0;2094524;4003294;2240000;120000;7293;-61230;0;221731;2527794;6531088;
45899;830080658;2019-12-31;2019;MILES;4651;356913;9577764;15981;9955309;335114;18972516;21068876;-18070214;18972516;41278808;51234117;4550000;1654205;0;0;19139;96106;6319450;11008072;2159056;3939718;0;6412734;23519580;29839030;4500000;5116000;515119;11263968;0;0;21395087;51234117;
45900;830080658;2019-12-31;2018;MILES;8692;685105;5184312;0;5878109;233286;45153988;21068876;-43003589;45153988;68606549;74484658;2861666;2149944;0;0;31969;129105;5172684;32381681;1452602;5591413;0;6183194;45608890;50781574;4500000;5116000;515119;13571965;0;0;23703084;74484658;
45901;901142671;2019-12-31;2019;MILES;463288;141716;1529997;0;2135001;23731870;0;0;11906427;0;35638297;37773298;0;191890;0;0;0;0;191890;0;7136000;0;0;0;7136000;7327890;30577568;0;0;-132160;0;0;30445408;37773298;
45902;901142671;2019-12-31;2018;MILES;252739;1256263;46378;0;1555380;17290313;0;0;11906427;0;29196740;30752120;0;0;0;0;232717;0;232717;0;58230;0;0;0;58230;290947;30577568;0;0;-116395;0;0;30461173;30752120;
45903;900723258;2019-12-31;2019;MILES;1112579;134905;1744037;0;2991521;2926289;0;55933221;57323752;0;116183262;119174783;443016;461213;100003;120421;89153;0;1213806;12852014;0;9774159;0;0;22626173;23839979;4613395;2474661;2932342;85314406;0;0;95334804;119174783;
45904;900723258;2019-12-31;2018;MILES;204932;31952;2362025;0;2598909;4701704;0;61920113;57071433;0;123693250;126292159;0;126315;0;81280;91527;3352;302474;11908894;0;5257503;0;0;17166397;17468871;4613395;2474661;52855945;48879287;0;0;108823288;126292159;
45905;800185685;2019-12-31;2019;MILES;688518;31186;734628;2019638;3473970;652058;2758504;0;99561;2758504;6268627;9742597;60402;2262321;0;84820;0;0;2407543;1039692;2242976;330983;0;0;3613651;6021194;30000;0;30000;3661403;0;0;3721403;9742597;
45906;800185685;2019-12-31;2018;MILES;2596634;35333;967083;2488967;6088017;418371;15767318;0;-4415164;15767318;27537843;33625860;80040;1240143;0;98304;286314;0;1704801;7143783;20890398;571504;0;0;28605685;30310486;30000;0;20774;3264600;0;0;3315374;33625860;
45907;811025356;2019-12-31;2019;MILES;225;0;2710826;0;2711051;9260175;0;0;17990411;0;27250586;29961637;0;679336;1389;10218;10084;0;701027;1361439;6602556;0;0;313828;8277823;8978850;2801799;15568608;14855;2597525;0;0;20982787;29961637;
45908;811025356;2019-12-31;2018;MILES;41202;0;2561021;0;2602223;9262366;0;0;17982597;0;27244963;29847186;0;58;1305;8924;6347;0;16634;1398738;6453838;0;0;46348;7898924;7915558;2801799;15568608;14855;3546366;0;0;21931628;29847186;
45909;800233968;2019-12-31;2019;MILES;3017098;0;69684;0;3086782;516439;1823431;6507317;2448097;1823431;13118715;16205497;0;131981;0;117037;538165;0;787183;0;396822;0;0;1624289;2021111;2808294;2770000;0;2855985;7450061;0;321157;13397203;16205497;
45910;800233968;2019-12-31;2018;MILES;2322188;0;45824;0;2368012;1237049;1877108;5609317;1748899;1877108;12349481;14717493;0;13870;0;98609;551924;0;664403;110479;396822;1132552;0;516602;2156455;2820858;2770000;0;2169784;6619995;0;336856;11896635;14717493;
45911;830088756;2019-12-31;2019;MILES;225052;9103999;282358;268333;9879742;32519919;4568485;0;-1396619;4568485;40260270;50140012;0;386997;0;0;338996;0;725993;0;35011871;1196694;0;0;36208565;36934558;500000;0;280728;12424726;0;0;13205454;50140012;
45912;830088756;2019-12-31;2018;MILES;153335;9472099;387088;414941;10427463;32245748;3329099;0;-171385;3329099;38732561;49160024;0;322484;0;0;504782;0;827266;0;35657562;817429;0;0;36474991;37302257;500000;0;266576;11091191;0;0;11857767;49160024;
45913;901162055;2019-12-31;2019;MILES;48195;3679002;46171;951663;4725031;216267;0;0;10849031;0;11065298;15790329;0;3377775;0;0;32141;3987233;7397149;0;10512793;0;0;0;10512793;17909942;8800;0;0;-2128413;0;0;-2119613;15790329;
45914;901162055;2019-12-31;2018;MILES;928818;2912590;1882245;1896094;7619747;139268;0;0;14144106;0;14283374;21903121;0;9994018;0;0;37975;23079474;33111467;0;874424;0;0;0;874424;33985891;8800;0;0;-12091570;0;0;-12082770;21903121;
45915;800027765;2019-12-31;2019;MILES;784728;87976;7972885;6100402;14945991;11115487;0;0;3385563;0;14501050;29447041;3642314;3271700;0;0;798850;923443;8636307;7243640;220399;67803;0;152636;7684478;16320785;5000000;0;1812842;6313414;0;0;13126256;29447041;
45916;800027765;2019-12-31;2018;MILES;704802;131227;7063695;4303568;12203292;10905526;0;0;3056837;0;13962363;26165655;4149339;3348590;0;0;1258458;895748;9652135;5881055;231861;54491;0;26972;6194379;15846514;2500000;0;2329983;5489158;0;0;10319141;26165655;
45917;890921157;2019-12-31;2019;MILES;53179331;31781;13981346;16203041;83395499;1010920;0;0;4689324;0;5700244;89095743;0;24486825;0;1475303;4317353;0;30279481;0;0;790866;0;0;790866;31070347;600000;0;10994882;44606951;0;1823563;58025396;89095743;
45918;890921157;2019-12-31;2018;MILES;47414019;32852;10928306;13799622;72174799;845492;0;0;2434912;0;3280404;75455203;0;21727107;0;1308181;3523691;0;26558979;0;0;91985;0;0;91985;26650964;600000;0;10994882;36952241;0;257116;48804239;75455203;
45919;830139058;2019-12-31;2019;MILES;13241;0;179590;0;192831;1001245;0;0;24932695;0;25933940;26126771;0;208;0;0;7235;0;7443;0;275271;0;0;0;275271;282714;360000;0;25102606;381451;0;0;25844057;26126771;
45920;830139058;2019-12-31;2018;MILES;1592;0;141255;0;142847;1085839;13597;0;21631579;13597;22744612;22887459;0;247821;0;0;17615;0;265436;0;315129;0;0;0;315129;580565;360000;0;23990030;-2043136;0;0;22306894;22887459;
45921;830017656;2019-12-31;2019;MILES;187377;2747;540585;73652;804361;0;1574405;10875500;-171022;1574405;13853288;14657649;592381;388743;0;79088;74578;44180;1178970;5444625;0;0;0;0;5444625;6623595;1500000;0;276900;6257154;0;0;8034054;14657649;
45922;830017656;2019-12-31;2018;MILES;101965;0;384377;117510;603852;0;609231;10521632;-321206;609231;11418888;12022740;522965;202020;0;104318;101496;54658;985457;3723532;0;0;0;0;3723532;4708989;1500000;0;276900;5536851;0;0;7313751;12022740;
45923;900546454;2019-12-31;2019;MILES;328694;2044;2498209;0;2828947;0;223194;0;8264846;223194;8711234;11540181;0;924731;0;0;7842;0;932573;0;9715349;0;0;0;9715349;10647922;18475;0;9237;864547;0;0;892259;11540181;
45924;900546454;2019-12-31;2018;MILES;522536;308;2356722;0;2879566;0;325694;0;8890285;325694;9541673;12421239;0;1467716;0;0;8129;0;1475845;0;10075433;0;0;0;10075433;11551278;18475;0;9237;842249;0;0;869961;12421239;
45925;900330260;2019-12-31;2019;MILES;2519620;807850;0;0;3327470;0;0;0;14704333;0;14704333;18031803;0;19738;0;0;0;0;19738;0;0;0;0;0;0;19738;2950000;0;7476164;7585901;0;0;18012065;18031803;
45926;900330260;2019-12-31;2018;MILES;27217;1364129;0;0;1391346;0;0;0;14312607;0;14312607;15703953;0;8824;0;0;0;0;8824;0;0;0;0;0;0;8824;2950000;0;7792900;4952229;0;0;15695129;15703953;
45927;890301951;2019-12-31;2019;MILES;21038665;116706;29688948;74335;50918654;538348;0;10916925;4812350;0;16267623;67186277;0;25195621;54970;0;736742;0;25987333;0;249150;287753;0;436706;973609;26960942;270000;0;1457593;38397742;0;100000;40225335;67186277;
45928;890301951;2019-12-31;2018;MILES;14972397;92758;29581981;95129;44742265;596165;0;10916925;5056075;0;16569165;61311430;0;21349456;54970;0;352833;0;21757259;0;242505;189071;0;430400;861976;22619235;270000;0;1457593;36864602;0;100000;38692195;61311430;
45929;900802562;2019-12-31;2019;MILES;513862;4369223;2286550;70648;7240283;62975642;14734038;0;55744966;14734038;148188684;155428967;38457;7055906;0;140301;18662;5140564;12393890;0;0;41818;0;145561653;145603471;157997361;1631000;8379000;0;-12578394;0;0;-2568394;155428967;
45930;900802562;2019-12-31;2018;MILES;568922;7510563;12690153;25278;20794916;55413055;10214967;0;59119284;10214967;134962273;155757189;2380150;2362523;0;66616;4149;0;4813438;879251;0;759290;0;132947516;134586057;139399495;1631000;8379000;0;6347694;0;0;16357694;155757189;
45931;860032057;2019-12-31;2019;MILES;2394145;3785501;15608412;0;21788058;3790652;0;0;5553772;0;9344424;31132482;1335881;1120125;2603528;0;2135743;0;7195277;0;0;976171;0;1944747;2920918;10116195;10900;18000;5450;20981937;0;0;21016287;31132482;
45932;860032057;2019-12-31;2018;MILES;9487292;1713082;6617264;0;17817638;1546826;0;0;3705982;0;5252808;23070446;1458284;394381;1106239;0;782335;0;3741239;0;0;378363;0;0;378363;4119602;10900;35215;5450;18899279;0;0;18950844;23070446;
45933;900482757;2019-12-31;2019;MILES;750129;10680779;100423416;11520131;123374455;3544981;0;0;89297536;0;92842517;216216972;0;30524185;0;1730169;3660929;11485987;47401270;31829207;0;155240;0;0;31984447;79385717;2000000;0;2852662;131042567;0;936026;136831255;216216972;
45934;900482757;2019-12-31;2018;MILES;5144985;8912488;83560459;12214391;109832323;3985005;0;0;86509673;0;90494678;200327001;0;27884108;0;2358012;3890522;15339977;49472619;14563006;0;200063;0;0;14763069;64235688;2000000;0;2852662;130344930;0;893721;136091313;200327001;
45935;800007955;2019-12-31;2019;MILES;14821242;3454408;88821606;43253520;150350776;20504121;0;10003986;3751986;0;34260093;184610869;35266840;36463604;0;340761;7722620;1247;79795072;8388885;0;227087;0;0;8615972;88411044;6142831;0;3147400;86909594;0;0;96199825;184610869;
45936;800007955;2019-12-31;2018;MILES;9546667;3708195;68012647;27424994;108692503;20737404;0;5478017;3691491;0;29906912;138599415;37791795;30627681;0;272714;4929441;64894;73686525;10947971;0;174526;0;0;11122497;84809022;6142831;0;3147400;44500162;0;0;53790393;138599415;
45937;860508856;2019-12-31;2019;MILES;3334442;411894;473597;0;4219933;2967154;0;0;106720334;0;109687488;113907421;0;107068;0;33134;41764;0;181966;0;0;638832;0;0;638832;820798;120000;0;60000;112906623;0;0;113086623;113907421;
45938;860508856;2019-12-31;2018;MILES;4033446;336400;4260739;0;8630585;2139478;0;0;102714970;0;104854448;113485033;14298;21229;0;23269;20102;0;78898;0;0;607729;0;0;607729;686627;120000;0;60000;112618406;0;0;112798406;113485033;
45939;900609553;2019-12-31;2019;MILES;9353333;463810;0;0;9817143;9981;0;0;0;0;9981;9827124;0;0;0;1122;9834;219942;230898;0;0;0;0;0;0;230898;10000;0;279963;4005114;0;5301149;9596226;9827124;
45940;900609553;2019-12-31;2018;MILES;9553301;810819;30541;0;10394661;7096;0;0;18000;0;25096;10419757;0;387332;0;1719;186580;0;575631;0;0;0;0;0;0;575631;10000;0;279963;4253014;0;5301149;9844126;10419757;
45941;800020256;2019-12-31;2019;MILES;10810;562236;3006234;46278;3625558;347857;1239107;0;4691610;1239107;7517681;11143239;3603953;1995735;123317;242759;0;0;5965764;0;0;0;0;2418237;2418237;8384001;832100;0;509923;1417215;0;0;2759238;11143239;
45942;800020256;2019-12-31;2018;MILES;5815;575440;3245371;61119;3887745;326148;1153035;0;3289150;1153035;5921368;9809113;2584750;1385625;25250;220027;137977;0;4353629;0;0;0;0;2288697;2288697;6642326;832100;0;467345;1867342;0;0;3166787;9809113;
45943;802019254;2019-12-31;2019;MILES;889979;0;1960871;3069758;5920608;786093;0;0;54954;0;841047;6761655;11018;1616960;0;48193;132315;720790;2529276;0;0;0;0;353042;353042;2882318;400000;0;133523;3345814;0;0;3879337;6761655;
45944;802019254;2019-12-31;2018;MILES;523995;0;2122079;1794330;4440404;501226;0;0;374129;0;875355;5315759;11380;1254475;0;48752;130364;433377;1878348;0;0;42917;0;237427;280344;2158692;400000;0;133523;2623544;0;0;3157067;5315759;
45945;892301356;2019-12-31;2019;MILES;18947;4053765;443651;0;4516363;5751944;0;367207;1049200;0;7168351;11684714;0;99137;0;127962;153054;0;380153;98536;961380;0;0;0;1059916;1440069;51000;0;133418;6347703;0;3712524;10244645;11684714;
45946;892301356;2019-12-31;2018;MILES;2019;3787973;488680;0;4278672;5379975;0;395491;1049200;0;6824666;11103338;39325;267105;0;104403;79992;0;490825;160961;961380;356423;0;0;1478764;1969589;51000;0;133418;5236807;0;3712524;9133749;11103338;
45947;830110169;2019-12-31;2019;MILES;793908;719908;3886868;2755541;8156225;72661;0;0;21113386;0;21186047;29342272;26596;1840258;0;103604;75936;672780;2719174;14584257;1298632;0;0;8170721;24053610;26772784;500000;850000;84878;1134610;0;0;2569488;29342272;
45948;830110169;2019-12-31;2018;MILES;13076;859626;771889;0;1644591;84621;0;0;13814605;0;13899226;15543817;1120491;2105986;0;2568;194989;1230721;4654755;45996;491685;0;0;8447201;8984882;13639637;500000;850000;62827;491353;0;0;1904180;15543817;
45949;860032657;2019-12-31;2019;MILES;645539;405991;9923088;7135349;18109967;6228560;0;3219517;1093851;0;10541928;28651895;3948294;7315361;24951;250389;455133;386703;12380831;3060000;0;882669;0;0;3942669;16323500;3249350;1203358;1085580;6790107;0;0;12328395;28651895;
45950;860032657;2019-12-31;2018;MILES;377413;1288333;9538068;7967730;19171544;6043717;0;0;627986;0;6671703;25843247;6600322;4327997;14087;279615;339388;1166660;12728069;1734500;0;814436;0;0;2548936;15277005;3249350;1203358;1009003;5104531;0;0;10566242;25843247;
45951;830046254;2019-12-31;2019;MILES;41664;14061;713777;0;769502;825130;6617514;0;-4806563;6617514;9253595;10023097;3094850;855689;0;4755;174279;0;4129573;0;1562245;603509;0;131977;2297731;6427304;4050000;2536800;-244316;-2746691;0;0;3595793;10023097;
45952;830046254;2019-12-31;2018;MILES;85368;16392;4924786;62204;5088750;779981;7651161;0;-4762632;7651161;11319671;16408421;1746047;1114653;0;165628;220071;0;3246399;4357131;2114976;1122096;0;270000;7864203;11110602;4050000;2536800;-486529;-802452;0;0;5297819;16408421;
45953;802023456;2019-12-31;2019;MILES;1182;107484;3260279;0;3368945;6444361;39669267;0;-39669157;39669267;46113738;49482683;483;1606752;0;0;0;148945;1756180;2980284;53681283;556941;0;0;57218508;58974688;118000;2265400;50000;-11925405;0;0;-9492005;49482683;
45954;802023456;2019-12-31;2018;MILES;1001801;115653;3930304;0;5047758;6461546;38045167;0;-38045057;38045167;44506823;49554581;0;2236929;0;211888;15740;140058;2604615;2980284;52658015;556942;0;0;56195241;58799856;118000;2265400;50000;-11678675;0;0;-9245275;49554581;
45955;800192056;2019-12-31;2019;MILES;692947;4434644;4290633;1412336;10830560;11370412;1174160;228599;9406397;1174160;23353728;34184288;8103741;9701835;0;370943;56230;3514703;21747452;3426420;0;1963111;0;0;5389531;27136983;500000;0;250000;6297305;0;0;7047305;34184288;
45956;800192056;2019-12-31;2018;MILES;2766458;5406867;1007475;1424356;10605156;11720229;802216;228599;11625006;802216;25178266;35783422;4652632;10841905;0;339175;9374;3915959;19759045;4275082;0;3449273;0;0;7724355;27483400;500000;0;250000;7550022;0;0;8300022;35783422;
45957;900048556;2019-12-31;2019;MILES;859482;283065;24054;0;1166601;3423451;0;0;3089771;0;6513222;7679823;0;5684941;0;17331;31949;3520;5737741;0;0;0;0;0;0;5737741;200000;0;0;1742082;0;0;1942082;7679823;
45958;900048556;2019-12-31;2018;MILES;1655865;133064;96186;0;1885115;3570516;0;0;40550;0;3611066;5496181;0;3533905;0;16460;51746;35;3602146;0;0;0;0;0;0;3602146;200000;0;0;1694035;0;0;1894035;5496181;
45959;900673670;2019-12-31;2019;MILES;91890;17127;937055;1939846;2985918;5949;0;0;2901603;0;2907552;5893470;46311;941440;0;0;19849;1692;1009292;299950;0;0;0;4379447;4679397;5688689;30000;0;0;134427;0;40354;204781;5893470;
45960;900673670;2019-12-31;2018;MILES;137264;28408;1622559;0;1788231;8102;0;0;3080681;0;3088783;4877014;71656;196173;0;0;46321;1692;315842;300000;0;0;0;4102974;4402974;4718816;30000;0;0;127344;0;854;158198;4877014;
45961;900033271;2019-12-31;2019;MILES;172978;871078;133887;0;1177943;2657622;7115284;89653708;74928315;7115284;181470213;182648156;0;2058313;0;81092;272973;0;2412378;21240651;51814787;10375544;0;8311414;91742396;94154774;9293900;0;6544626;7523905;0;65130951;88493382;182648156;
45962;900033271;2019-12-31;2018;MILES;114391;825483;90654;0;1030528;2690036;5913936;36086507;66987683;5913936;117592098;118622626;0;413986;0;100571;272145;0;786702;10795467;43041267;5321338;0;24690023;83848095;84634797;9293900;0;6425847;4864024;0;13404058;33987829;118622626;
45963;901214664;2019-12-31;2019;MILES;0;434;0;0;434;0;0;0;4498077;0;4498077;4498511;0;4808;0;0;0;0;4808;0;0;0;0;0;0;4808;1100;4496977;0;-4374;0;0;4493703;4498511;
45964;901214664;2019-12-31;2018;MILES;0;0;0;0;0;0;0;0;4498077;0;4498077;4498077;0;0;0;0;0;0;0;0;0;0;0;0;0;0;1100;4496977;0;0;0;0;4498077;4498077;
45965;900672793;2019-12-31;2019;MILES;2155552;232907;5761079;0;8149538;5834;0;0;158222343;0;158228177;166377715;0;467701;0;35982;1410943;15827396;17742022;1965881;107884;0;0;116125833;118199598;135941620;1108163;5674180;7855961;2517315;0;13280476;30436095;166377715;
45966;900672793;2019-12-31;2018;MILES;1654339;40726;4379253;0;6074318;3600;0;0;110080319;0;110083919;116158237;0;311014;0;28352;855984;26607690;27803040;0;117025;0;0;72282026;72399051;100202091;1108163;5674180;7855961;-64506;0;1382348;15956146;116158237;
45967;900480055;2019-12-31;2019;MILES;118068;646132;0;0;764200;760627;14933147;0;-12628843;14933147;17998078;18762278;348337;9145;0;7209;557392;0;922083;0;13887432;0;0;0;13887432;14809515;1100000;0;0;2852763;0;0;3952763;18762278;
45968;900480055;2019-12-31;2018;MILES;6247;700089;1667;0;708003;925778;13154478;0;-10925086;13154478;16309648;17017651;848287;86973;0;77555;491748;1129099;2633662;0;10734810;0;0;0;10734810;13368472;1100000;0;0;2549179;0;0;3649179;17017651;
45969;800184968;2019-12-31;2019;MILES;4721;30515;299960;0;335196;2106;1566378;384072;2079073;1566378;5598007;5933203;0;8658;0;0;34605;0;43263;0;102449;232964;0;15000;350413;393676;400000;0;192251;4947276;0;0;5539527;5933203;
45970;800184968;2019-12-31;2018;MILES;972;43699;262580;0;307251;2361;1380416;384072;2450466;1380416;5597731;5904982;0;2446;0;0;60222;0;62668;0;87701;234258;0;15000;336959;399627;400000;0;176194;4929161;0;0;5505355;5904982;
45971;900295363;2019-12-31;2019;MILES;3044;0;3263059;0;3266103;0;0;1326000;39647431;0;40973431;44239534;789430;4485671;0;0;124663;235270;5635034;16328393;3831469;1042195;0;250000;21452057;27087091;10385056;0;0;-6817032;0;13584419;17152443;44239534;
45972;900295363;2019-12-31;2018;MILES;27310;0;4294952;0;4322262;0;0;0;40309107;0;40309107;44631369;16673002;6734513;0;6072;0;1534666;24948253;0;0;1103952;0;250000;1353952;26302205;10385056;0;0;-6802532;0;14746640;18329164;44631369;
45973;900563763;2019-12-31;2019;MILES;3323;442597;6885048;0;7330968;0;0;0;34335120;0;34335120;41666088;0;22837;0;0;641828;0;664665;0;34390440;0;0;0;34390440;35055105;51000;2898000;0;3661983;0;0;6610983;41666088;
45974;900563763;2019-12-31;2018;MILES;24463;469457;6665322;0;7159242;0;92;0;31362960;92;31363144;38522386;0;72852;0;0;0;0;72852;0;33863948;0;0;0;33863948;33936800;51000;2898000;0;1636586;0;0;4585586;38522386;
45975;800078361;2019-12-31;2019;MILES;541626;374594;1883334;1032367;3831921;1482423;0;0;2910738;0;4393161;8225082;812643;926153;0;188091;369870;0;2296757;66667;0;128538;0;0;195205;2491962;3813000;0;271749;898252;0;750119;5733120;8225082;
45976;800078361;2019-12-31;2018;MILES;178257;240493;1717572;916707;3053029;1505695;0;0;2602603;0;4108298;7161327;768707;817894;0;187815;166460;0;1940876;354861;0;128538;0;0;483399;2424275;3813000;0;271749;386492;0;265811;4737052;7161327;
45977;890900081;2019-12-31;2019;MILES;4956108;2675872;31993675;28872444;68498099;47429470;93704;0;2015403;93704;49632281;118130380;43540412;6124698;0;1405182;4804037;34584;55908913;6567994;0;3088086;0;226971;9883051;65791964;540000;53000;22256753;8070442;0;21418221;52338416;118130380;
45978;890900081;2019-12-31;2018;MILES;2813196;3347715;30226510;32069588;68457009;46073511;83000;0;1755023;83000;47994534;116451543;45812572;3368463;0;1370982;5317621;33317;55902955;7615574;0;3080775;0;229066;10925415;66828370;540000;53000;21736908;5875044;0;21418221;49623173;116451543;
45979;900111462;2019-12-31;2019;MILES;2810659;2358401;8114434;0;13283494;0;0;1928810;91489975;0;93418785;106702279;0;4777397;0;38508;113432;102498;5031835;0;0;187288;0;0;187288;5219123;5490207;27364861;8240883;61065103;0;-677898;101483156;106702279;
45980;900111462;2019-12-31;2018;MILES;1299316;2306558;9955893;0;13561767;0;0;1928810;82603723;0;84532533;98094300;0;3523151;0;31541;0;437689;3992381;0;0;170865;0;0;170865;4163246;5490207;27364861;8240883;53513001;0;-677898;93931054;98094300;
45981;900453188;2019-12-31;2019;MILES;519877;7776865;1226953;0;9523695;75528;0;0;24263;0;99791;9623486;5300;317459;120342;129907;218995;8247738;9039741;0;0;0;0;0;0;9039741;140930;0;45438;397377;0;0;583745;9623486;
45982;900453188;2019-12-31;2018;MILES;4959217;174402;728752;0;5862371;16591;6781;0;2334530;6781;2364683;8227054;3247478;511580;0;62617;388524;175899;4386098;0;3247478;0;0;0;3247478;7633576;140930;0;45438;407110;0;0;593478;8227054;
45983;860000862;2019-12-31;2019;MILES;969568;640518;4673330;1506778;7790194;4557275;126703;0;625297;126703;5435978;13226172;263001;3820824;1034;204887;681786;153880;5125412;0;363820;211458;0;0;575278;5700690;600000;0;1105972;5819510;0;0;7525482;13226172;
45984;860000862;2019-12-31;2018;MILES;1761782;3010044;2092605;3536558;10400989;5370448;94233;0;1047981;94233;6606895;17007884;814610;2091967;1159665;228148;856439;2600557;7751386;0;346095;242717;0;534548;1123360;8874746;600000;0;724964;6808174;0;0;8133138;17007884;
45985;900663064;2019-12-31;2019;MILES;183129;24229;3538086;0;3745444;0;1172734;0;32146938;1172734;34492406;38237850;0;956744;0;0;17406;0;974150;0;0;0;0;0;0;974150;404100;0;224500;36635100;0;0;37263700;38237850;
45986;900663064;2019-12-31;2018;MILES;507335;31542;3113892;0;3652769;0;654019;0;24226754;654019;25534792;29187561;0;437549;0;0;0;0;437549;0;0;0;0;0;0;437549;404100;0;224500;28121412;0;0;28750012;29187561;
45987;900779668;2019-12-31;2019;MILES;1867;47066;259059;0;307992;0;0;3928374;7138591;0;11066965;11374957;0;584650;0;0;29903;0;614553;0;0;0;0;0;0;614553;56000;10016510;465026;222868;0;0;10760404;11374957;
45988;900779668;2019-12-31;2018;MILES;49867;34941;57123;0;141931;0;0;3928374;7444522;0;11372896;11514827;0;593936;0;0;46880;0;640816;0;0;0;0;0;0;640816;56000;10016510;465026;336475;0;0;10874011;11514827;
45989;830087666;2019-12-31;2019;MILES;5672906;1632816;644634;1260928;9211284;5587018;0;0;513221;0;6100239;15311523;0;2361899;0;631968;1728773;1767132;6489772;0;0;250854;0;0;250854;6740626;2269140;0;1134569;5167188;0;0;8570897;15311523;
45990;830087666;2019-12-31;2018;MILES;3005690;1846183;1893864;1536599;8282336;4578766;0;1207059;723937;0;6509762;14792098;0;2161330;0;492209;1757111;1925342;6335992;0;0;0;0;0;0;6335992;2269140;0;1108478;5078488;0;0;8456106;14792098;
45991;860005560;2019-12-31;2019;MILES;133370;17010;449317;0;599697;0;0;11335033;0;0;11335033;11934730;1000000;231603;0;39775;41451;0;1312829;0;0;742362;0;0;742362;2055191;400000;0;247023;7058851;0;2173665;9879539;11934730;
45992;860005560;2019-12-31;2018;MILES;46772;149580;399811;0;596163;8841;0;10209590;0;0;10218431;10814594;1204720;21619;0;43718;38545;0;1308602;0;0;629817;0;0;629817;1938419;400000;0;247023;7068386;0;1160766;8876175;10814594;
45993;860502262;2019-12-31;2019;MILES;1305153;685;4656986;9792387;15755211;4545513;0;0;367472;0;4912985;20668196;5845276;6060777;0;363000;927053;0;13196106;247616;0;492818;0;0;740434;13936540;3309870;0;0;617911;0;2803875;6731656;20668196;
45994;860502262;2019-12-31;2018;MILES;1552958;0;4175450;9595954;15324362;1353802;0;0;576331;0;1930133;17254495;7503285;6209992;0;405639;557424;0;14676340;0;0;89233;0;0;89233;14765573;1670056;0;619927;198939;0;0;2488922;17254495;
45995;901047661;2019-12-31;2019;MILES;169844;1007935;5382896;0;6560675;816418;0;0;0;0;816418;7377093;0;746782;0;83053;80152;453170;1363157;0;0;0;0;5310945;5310945;6674102;500000;0;6021;196970;0;0;702991;7377093;
45996;901047661;2019-12-31;2018;MILES;40550;854917;3375613;0;4271080;853420;0;0;0;0;853420;5124500;0;662824;0;223967;25830;240623;1153244;0;0;0;0;3435038;3435038;4588282;500000;0;0;36218;0;0;536218;5124500;
45997;800240862;2019-12-31;2019;MILES;46757;311531;741077;16064;1115429;132035;2255490;583059;-1421887;2255490;3804187;4919616;0;332613;0;322399;0;54227;709239;0;5164725;108965;0;0;5273690;5982929;10000;0;5000;-1078313;0;0;-1063313;4919616;
45998;800240862;2019-12-31;2018;MILES;19192;260259;838016;66869;1184336;169791;3450027;583059;-2634605;3450027;5018299;6202635;0;1117864;0;352019;0;49897;1519780;0;5582920;82124;0;0;5665044;7184824;10000;0;5000;-997189;0;0;-982189;6202635;
45999;900103568;2019-12-31;2019;MILES;1072997;280584;2097305;8379660;11830546;0;15858579;7239317;-15648732;15858579;23307743;35138289;0;4561478;0;0;6570;0;4568048;5277417;9353000;355;0;3180887;17811659;22379707;201000;4448978;7163864;944740;0;0;12758582;35138289;
46000;900103568;2019-12-31;2018;MILES;435080;3903634;5808579;4145337;14292630;0;3332838;7388282;2399251;3332838;16453209;30745839;8528128;324471;0;0;26465;0;8879064;3534400;9353000;14470;0;0;12901870;21780934;200000;700000;7163864;901041;0;0;8964905;30745839;
46001;900889761;2019-12-31;2019;MILES;905;0;1283608;0;1284513;0;0;0;12881599;0;12881599;14166112;0;4014512;0;0;91;0;4014603;0;0;0;0;144949;144949;4159552;1550000;0;0;8456560;0;0;10006560;14166112;
46002;900889761;2019-12-31;2018;MILES;4161;0;1983;0;6144;0;0;0;29080604;0;29080604;29086748;0;2387647;0;0;2188;0;2389835;0;0;0;0;1767948;1767948;4157783;1550000;0;0;23378965;0;0;24928965;29086748;
46003;800072172;2019-12-31;2019;MILES;2596755;2604496;12056495;8702130;25959876;274383;0;0;10874;0;285257;26245133;2822278;2431662;0;44128;76248;9477745;14852061;0;0;0;0;0;0;14852061;150000;0;75000;11168072;0;0;11393072;26245133;
46004;800072172;2019-12-31;2018;MILES;4683442;2146772;6075335;9258380;22163929;112835;0;0;11291;0;124126;22288055;530944;5018627;0;31718;562225;5690224;11833738;0;0;0;0;0;0;11833738;150000;0;75000;10229317;0;0;10454317;22288055;
46005;860510863;2019-12-31;2019;MILES;1817866;26576;10685583;7702271;20232296;23597547;0;0;367005;0;23964552;44196848;27619;8803175;0;0;739057;132584;9702435;8539666;0;1122013;0;0;9661679;19364114;894468;1062000;410000;22466266;0;0;24832734;44196848;
46006;860510863;2019-12-31;2018;MILES;1023166;28576;8249826;5832564;15134132;23626678;0;0;387757;0;24014435;39148567;314750;7821794;0;0;672264;245378;9054186;8221033;0;1253340;0;0;9474373;18528559;894468;1062000;410000;18253540;0;0;20620008;39148567;
46007;900491363;2019-12-31;2019;MILES;307417;191399;1950987;0;2449803;2146356;0;0;0;0;2146356;4596159;0;1300985;0;2463;12006;0;1315454;0;0;43660;0;0;43660;1359114;10000;0;5000;3222045;0;0;3237045;4596159;
46008;900491363;2019-12-31;2018;MILES;1062893;234000;1096709;0;2393602;2162388;0;0;0;0;2162388;4555990;0;1303815;0;114;25304;0;1329233;0;0;37858;0;0;37858;1367091;10000;0;5000;3173899;0;0;3188899;4555990;
46009;890906677;2019-12-31;2019;MILES;117376;652400;744467;0;1514243;4612537;0;1702955;37136;0;6352628;7866871;554777;173748;0;12478;113443;0;854446;0;0;0;0;985600;985600;1840046;10000;0;10381;159098;0;5847346;6026825;7866871;
46010;890906677;2019-12-31;2018;MILES;13507;650321;552303;0;1216131;4768643;0;1702955;7535;0;6479133;7695264;838582;693790;97461;11079;152091;0;1793003;0;0;0;0;34534;34534;1827537;10000;0;10381;-294739;0;6142085;5867727;7695264;
46011;830068866;2019-12-31;2019;MILES;5267;154393;177040;554;337254;264300;592600;0;40868836;592600;42318336;42655590;493572;57730;0;0;54408;0;605710;0;24249480;84575;0;0;24334055;24939765;400000;0;200000;17115825;0;0;17715825;42655590;
46012;830068866;2019-12-31;2018;MILES;2508;14873385;598166;554;15474613;400157;0;0;26114955;0;26515112;41989725;154478;25022701;0;0;4729;0;25181908;0;0;225856;0;0;225856;25407764;400000;0;200000;15981961;0;0;16581961;41989725;
46013;890917761;2019-12-31;2019;MILES;4953076;28534;3615813;0;8597423;0;0;0;3254267;0;3254267;11851690;0;3941469;0;0;103553;0;4045022;0;0;0;0;0;0;4045022;1100;223768;250;7581550;0;0;7806668;11851690;
46014;890917761;2019-12-31;2018;MILES;2449695;20778;3384774;0;5855247;0;0;0;3072488;0;3072488;8927735;92420;577885;0;0;38849;0;709154;0;0;0;0;0;0;709154;1100;223768;250;7993463;0;0;8218581;8927735;
46015;860353765;2019-12-31;2019;MILES;4816833;3566180;7275034;0;15658047;346876;0;0;41079395;0;41426271;57084318;0;292983;0;1816399;4158760;0;6268142;0;6154751;1898164;0;0;8052915;14321057;5427996;64;6032150;31303051;0;0;42763261;57084318;
46016;860353765;2019-12-31;2018;MILES;1444588;1755024;1955585;0;5155197;364282;0;0;33874946;0;34239228;39394425;0;579299;0;774889;779984;0;2134172;0;3618898;1624557;0;0;5243455;7377627;5427996;64;7011970;19576768;0;0;32016798;39394425;
46017;860058260;2019-12-31;2019;MILES;40056;7779;19005;0;66840;4104336;0;51563;1006701;0;5162600;5229440;0;15917;0;2882;16329;0;35128;0;0;688161;0;0;688161;723289;200000;0;166653;4139498;0;0;4506151;5229440;
46018;860058260;2019-12-31;2018;MILES;57238;17741;15101;0;90080;4114964;0;53546;983159;0;5151669;5241749;0;18364;0;3968;5853;0;28185;0;0;677047;0;0;677047;705232;200000;0;165235;4171282;0;0;4536517;5241749;
46019;802022760;2019-12-31;2019;MILES;585147;248596;2643776;0;3477519;1616803;0;3807669;21577223;0;27001695;30479214;159884;4384134;0;92940;109927;0;4746885;0;0;1686306;0;450447;2136753;6883638;150001;0;75000;6389725;0;16980850;23595576;30479214;
46020;802022760;2019-12-31;2018;MILES;1071427;189190;1342849;0;2603466;1375135;0;4312932;20427480;0;26115547;28719013;171417;4573290;0;77800;127375;0;4949882;0;0;841024;0;301468;1142492;6092374;150001;0;75000;4936573;0;17465065;22626639;28719013;
46021;802009465;2019-12-31;2019;MILES;2575;28350;814466;0;845391;9921;0;0;722801;0;732722;1578113;0;7215;0;7586;0;0;14801;0;28326;0;0;0;28326;43127;150000;0;0;1384986;0;0;1534986;1578113;
46022;802009465;2019-12-31;2018;MILES;2575;28716;617422;0;648713;26274;0;0;722801;0;749075;1397788;0;6257;0;9557;0;0;15814;0;30951;0;0;0;30951;46765;150000;0;0;1201023;0;0;1351023;1397788;
46023;900013664;2019-12-31;2019;MILES;277158;0;3019002;3347;3299507;2942269;0;125415;1197369;0;4265053;7564560;1618560;1887168;14701;8373;366549;0;3895351;0;0;0;0;0;0;3895351;350600;0;163675;2754557;0;400377;3669209;7564560;
46024;900013664;2019-12-31;2018;MILES;6190;0;2013864;46048;2066102;2811779;983017;125415;-38560;983017;4864668;6930770;1225719;2066320;15664;8320;43762;0;3359785;0;0;0;0;0;0;3359785;350600;0;126953;2693055;0;400377;3570985;6930770;
46025;900809360;2019-12-31;2019;MILES;0;0;0;0;0;0;0;0;8601987;0;8601987;8601987;0;0;0;0;0;0;0;0;0;0;0;0;0;0;2150;10353;0;465025;0;8124459;8601987;8601987;
46026;900809360;2019-12-31;2018;MILES;0;0;0;0;0;0;0;0;8497158;0;8497158;8497158;0;0;0;0;0;0;0;0;0;0;0;0;0;0;2150;10353;0;360196;0;8124459;8497158;8497158;
46027;900371568;2019-12-31;2019;MILES;194940;25094;1006433;0;1226467;38341;6602242;0;-4002152;6602242;9240673;10467140;858048;0;270367;271573;179072;0;1579060;0;0;0;0;0;0;1579060;20000;0;0;1403831;0;7464249;8888080;10467140;
46028;900371568;2019-12-31;2018;MILES;94725;0;3385966;0;3480691;35853;2965556;0;833480;2965556;6800445;10281136;675974;0;589984;134743;116569;0;1517270;0;0;0;0;0;0;1517270;20000;0;0;1279617;0;7464249;8763866;10281136;
46029;900621660;2019-12-31;2019;MILES;34153;1346402;8776957;0;10157512;99807;0;0;43344;0;143151;10300663;132335;4539181;0;0;4564487;0;9236003;72910;0;0;0;0;72910;9308913;1538000;0;105384;-651634;0;0;991750;10300663;
46030;900621660;2019-12-31;2018;MILES;66858;23556464;16870320;0;40493642;107962;3718931;0;9979824;3718931;17525648;58019290;7795470;38278600;0;583540;5961234;0;52618844;3818432;0;0;0;0;3818432;56437276;1538000;0;105384;-61370;0;0;1582014;58019290;
46031;860504258;2019-12-31;2019;MILES;4431974;0;1591686;0;6023660;8371;0;0;12479777;0;12488148;18511808;0;1296815;0;0;0;0;1296815;0;0;0;0;0;0;1296815;396799;0;433427;11150610;0;5234157;17214993;18511808;
46032;860504258;2019-12-31;2018;MILES;4357058;41595;1583459;0;5982112;8371;0;0;13458518;0;13466889;19449001;0;0;0;0;5028178;0;5028178;0;0;0;0;0;0;5028178;396799;0;433427;8480971;0;5109626;14420823;19449001;
46033;830073458;2019-12-31;2019;MILES;26125;0;422556;129301;577982;254760;0;0;3370646;0;3625406;4203388;0;182173;0;26945;3059;120980;333157;0;0;0;0;400000;400000;733157;60000;0;60000;2148017;0;1202214;3470231;4203388;
46034;830073458;2019-12-31;2018;MILES;15147;0;531968;138958;686073;309863;0;0;3317916;0;3627779;4313852;0;190320;0;31711;54031;98542;374604;0;0;0;0;400000;400000;774604;60000;0;60000;2271371;0;1147877;3539248;4313852;
46035;900152061;2019-12-31;2019;MILES;15372;152064;1270650;5591455;7029541;381783;2544651;0;-1645124;2544651;3825961;10855502;295234;3607002;0;72567;185713;73848;4234364;0;0;0;0;0;0;4234364;131200;7267800;25232;-803094;0;0;6621138;10855502;
46036;900152061;2019-12-31;2018;MILES;56832;120019;1371291;4751171;6299313;83090;1333924;0;271549;1333924;3022487;9321800;535391;1686568;0;82462;97251;71419;2473091;0;0;0;0;0;0;2473091;131200;7267800;25232;-575523;0;0;6848709;9321800;
46037;815000863;2019-12-31;2019;MILES;4714561;53930380;43584743;85738458;187968142;97326848;0;0;17814006;0;115140854;303108996;60615914;73283850;0;5632555;294844;41073;139868236;3780972;0;890031;0;113091;4784094;144652330;31213596;26291637;57684019;43267414;0;0;158456666;303108996;
46038;815000863;2019-12-31;2018;MILES;4522589;53983100;34407533;72098505;165011727;90226067;0;0;15409985;0;105636052;270647779;65929285;60595213;0;4924396;174558;53808;131677260;0;0;1655509;0;217270;1872779;133550039;31213596;26291637;56034492;23558015;0;0;137097740;270647779;
46039;900292264;2019-12-31;2019;MILES;422284;635013;1838043;0;2895340;204510;0;162041;0;0;366551;3261891;0;114703;0;48346;0;6236;169285;0;0;15126;0;0;15126;184411;1141961;6150647;0;-4215128;0;0;3077480;3261891;
46040;900292264;2019-12-31;2018;MILES;687766;407727;3312451;0;4407944;436067;0;156429;0;0;592496;5000440;0;908365;0;240814;0;129197;1278376;0;0;16490;0;0;16490;1294866;1140905;6140744;0;-3582096;0;6021;3705574;5000440;
46041;890405461;2019-12-31;2019;MILES;320707;0;722889;0;1043596;0;0;0;196708112;0;196708112;197751708;0;0;0;0;6997;0;6997;0;0;0;0;0;0;6997;200000;400000;140000;197004711;0;0;197744711;197751708;
46042;890405461;2019-12-31;2018;MILES;320707;0;1194978;0;1515685;0;0;0;196708112;0;196708112;198223797;0;0;0;0;18556;0;18556;0;453471;0;0;0;453471;472027;200000;400000;140000;197011770;0;0;197751770;198223797;
46043;890805168;2019-12-31;2019;MILES;105029;729651;3114674;1934812;5884166;3529320;14504;0;852460;14504;4410788;10294954;2611225;2720883;168385;105230;217749;259034;6082506;0;0;0;0;0;0;6082506;655945;0;336542;3201658;0;18303;4212448;10294954;
46044;890805168;2019-12-31;2018;MILES;53382;438129;2928689;1472182;4892382;3434230;15827;0;807327;15827;4273211;9165593;2393701;1868282;109010;92822;217749;324045;5005609;0;0;0;0;0;0;5005609;655945;0;336542;3129617;0;37880;4159984;9165593;
46045;900306163;2019-12-31;2019;MILES;1166211;252855;4006465;0;5425531;9947928;0;0;336653;0;10284581;15710112;0;306048;0;0;454893;137008;897949;6863509;41212;40668;0;0;6945389;7843338;1949376;0;375505;3818462;0;1723431;7866774;15710112;
46046;900306163;2019-12-31;2018;MILES;1645952;87280;4997794;0;6731026;9402342;0;0;32180;0;9434522;16165548;0;148138;0;0;560249;1024;709411;6751905;1236558;40102;0;0;8028565;8737976;1949376;0;315386;3439379;0;1723431;7427572;16165548;
46047;802012864;2019-12-31;2019;MILES;0;1691716;0;0;1691716;0;0;0;17687689;0;17687689;19379405;0;4053158;0;0;1241;0;4054399;0;0;0;0;1451182;1451182;5505581;15000;0;7500;13851324;0;0;13873824;19379405;
46048;802012864;2019-12-31;2018;MILES;0;1556511;0;0;1556511;0;0;0;17687689;0;17687689;19244200;0;3917110;0;0;2084;0;3919194;0;0;0;0;1451182;1451182;5370376;15000;0;7500;13851324;0;0;13873824;19244200;
46049;900283461;2019-12-31;2019;MILES;2299139;261583;624113;0;3184835;3936481;0;0;2507608;0;6444089;9628924;0;790;0;0;29860;0;30650;0;0;401197;0;0;401197;431847;1440697;4724958;484120;2547302;0;0;9197077;9628924;
46050;900283461;2019-12-31;2018;MILES;2283008;229536;478169;0;2990713;3987060;0;0;2417117;0;6404177;9394890;0;291;0;0;122403;363;123057;0;0;320957;0;0;320957;444014;1440697;4724958;66085;2719136;0;0;8950876;9394890;
46051;800193165;2019-12-31;2019;MILES;229648;0;11533973;7326537;19090158;9889030;0;0;9556434;0;19445464;38535622;4768459;8523515;0;407144;477181;30056;14206355;5554685;0;1907241;0;0;7461926;21668281;4679000;0;4260797;5293521;0;2634023;16867341;38535622;
46052;800193165;2019-12-31;2018;MILES;136387;0;9078180;6774553;15989120;7387224;0;0;8976721;0;16363945;32353065;4368592;7402993;0;370861;494151;74399;12710996;2325873;0;2283935;0;0;4609808;17320804;4679000;0;1368814;6420666;0;2563781;15032261;32353065;
46053;900544471;2019-12-31;2019;MILES;0;0;1606;0;1606;0;1577567;3082738;24982050;1577567;31219922;31221528;0;16453;0;0;0;0;16453;0;4549733;3705;0;0;4553438;4569891;50000;0;13687;26587950;0;0;26651637;31221528;
46054;900544471;2019-12-31;2018;MILES;0;0;799;0;799;0;1619848;3045692;23304564;1619848;29589952;29590751;0;20348;0;0;3204;0;23552;0;4557608;0;0;0;4557608;4581160;50000;0;13687;24945904;0;0;25009591;29590751;
46055;800169464;2019-12-31;2019;MILES;40917;152418;1543003;367349;2103687;19755430;276044;0;21207451;276044;41514969;43618656;0;3219131;0;115842;74995;215;3410183;15031504;3121758;4096741;28314;303733;22582050;25992233;3293400;0;152398;14180625;0;0;17626423;43618656;
46056;800169464;2019-12-31;2018;MILES;33098;118390;1423007;603886;2178381;19769646;0;0;21142689;0;40912335;43090716;0;2211856;0;94512;28463;1033;2335864;15031504;3121758;3655569;28314;303733;22140878;24476742;3293400;0;152398;15168176;0;0;18613974;43090716;
46057;900108455;2019-12-31;2019;MILES;404844;697300;1598078;0;2700222;1184348;0;411579;159872;0;1755799;4456021;0;546490;0;0;0;0;546490;0;434838;120672;0;107997;663507;1209997;60000;0;30000;3156024;0;0;3246024;4456021;
46058;900108455;2019-12-31;2018;MILES;263705;906325;3622047;0;4792077;1202162;0;336388;159872;0;1698422;6490499;78844;494241;0;0;247315;0;820400;1036120;0;120672;0;433412;1590204;2410604;60000;0;30000;3989895;0;0;4079895;6490499;
46059;805007163;2019-12-31;2019;MILES;6165;518954;11135161;0;11660280;4914922;0;0;15081609;0;19996531;31656811;3756000;2855153;0;0;209323;0;6820476;1792793;6780580;0;0;0;8573373;15393849;309500;2403997;154750;13394715;0;0;16262962;31656811;
46060;805007163;2019-12-31;2018;MILES;329367;642320;11305126;0;12276813;3902750;0;0;11338357;0;15241107;27517920;3302790;3928031;0;0;63357;0;7294178;1173418;6780580;0;0;0;7953998;15248176;309500;2403997;154750;9401497;0;0;12269744;27517920;
46061;900518564;2019-12-31;2019;MILES;262;4827927;12541537;21492;17391218;0;0;0;0;0;0;17391218;0;2758376;0;0;773922;0;3532298;0;3147;0;0;25522;28669;3560967;2969831;26642330;0;-15781910;0;0;13830251;17391218;
46062;900518564;2019-12-31;2018;MILES;560;4827927;13192097;24525;18045109;0;0;0;833;0;833;18045942;0;2699604;0;0;715106;0;3414710;0;3147;0;0;25522;28669;3443379;2969831;26642330;0;-15009598;0;0;14602563;18045942;
46063;890905266;2019-12-31;2019;MILES;291;3133;315418;0;318842;0;0;0;9400;0;9400;328242;0;288842;0;0;4618;0;293460;0;0;0;0;0;0;293460;10000;0;5000;19782;0;0;34782;328242;
46064;890905266;2019-12-31;2018;MILES;291;5399;314704;0;320394;0;0;0;948056;0;948056;1268450;0;281547;0;0;3531;0;285078;0;0;0;0;0;0;285078;10000;0;5000;968372;0;0;983372;1268450;
46065;800014463;2019-12-31;2019;MILES;27593;89635;54818;0;172046;41947274;217123;0;7212785;217123;49594305;49766351;157829;336512;0;0;30565;0;524906;23340722;23918137;443883;1836264;0;49539006;50063912;4607830;39168170;123997;-44197558;0;0;-297561;49766351;
46066;800014463;2019-12-31;2018;MILES;90888;92562;57768;0;241218;43176996;0;0;6361390;0;49538386;49779604;157829;316241;0;0;30319;0;504389;22450619;22902552;450645;1797551;0;47601367;48105756;4607830;39168170;123997;-42226149;0;0;1673848;49779604;
46067;800166439;2019-12-31;2019;MILES;3636;0;1227626;0;1231262;5789942;0;4600162;750000;0;11140104;12371366;0;12266;0;0;0;0;12266;0;473222;0;0;0;473222;485488;140000;0;70000;11224131;0;451747;11885878;12371366;
46068;800166439;2019-12-31;2018;MILES;3154;0;2231818;0;2234972;5789942;0;3830162;750000;0;10370104;12605076;0;50354;0;0;0;0;50354;0;747520;0;0;0;747520;797874;140000;0;70000;11145455;0;451747;11807202;12605076;
46069;800025260;2019-12-31;2019;MILES;4420567;692338;8347286;896202;14356393;1856567;832000;1567122;1019461;832000;6107150;20463543;312383;9756214;0;0;502300;99402;10670299;1769322;4077164;0;0;0;5846486;16516785;500000;0;250000;2962609;0;234149;3946758;20463543;
46070;800025260;2019-12-31;2018;MILES;3147072;469575;4324200;436630;8377477;1632783;619500;1011736;443152;619500;4326671;12704148;472487;6514192;0;0;357608;75692;7419979;378334;1621965;0;0;0;2000299;9420278;500000;0;250000;2299721;0;234149;3283870;12704148;
46071;900376562;2019-12-31;2019;MILES;147991;2217854;6158796;54050799;62575440;1322573;0;0;6640571;0;7963144;70538584;223364;2034125;0;79804;156364;0;2493657;16516684;0;0;0;28735825;45252509;47746166;3000000;0;0;19792418;0;0;22792418;70538584;
46072;900376562;2019-12-31;2018;MILES;300535;1936508;4031284;46934474;53202801;1327280;0;0;1059140;0;2386420;55589221;0;1487420;0;97006;689;0;1585115;12557806;0;0;0;19528308;32086114;33671229;3000000;0;0;18917992;0;0;21917992;55589221;
46073;891411166;2019-12-31;2019;MILES;363429;469282;1700844;266991;2800546;6720705;0;10000;1767949;0;8498654;11299200;11729;1087200;0;590580;0;168063;1857572;1497245;221219;1252308;0;0;2970772;4828344;261053;0;2916307;1641770;0;1651726;6470856;11299200;
46074;891411166;2019-12-31;2018;MILES;577174;361657;1464071;476508;2879410;5993438;0;0;2117364;0;8110802;10990212;0;1054288;0;311195;0;213432;1578915;2319151;175676;789439;0;0;3284266;4863181;261053;0;2719972;2227589;0;918417;6127031;10990212;
46075;860072560;2019-12-31;2019;MILES;13914;394073;181647;0;589634;7903153;1686535;0;-1665572;1686535;9610651;10200285;0;43449;0;0;52866;87307;183622;0;0;728633;0;0;728633;912255;100500;0;74848;9112682;0;0;9288030;10200285;
46076;860072560;2019-12-31;2018;MILES;58921;376015;137160;0;572096;7841192;1699975;0;-1664212;1699975;9576930;10149026;0;35141;0;0;45036;75544;155721;0;0;737235;0;0;737235;892956;100500;0;74848;9080722;0;0;9256070;10149026;
46077;860025461;2019-12-31;2019;MILES;2981231;3033132;18142386;6436736;30593485;18906853;0;5000000;24208683;0;48115536;78709021;3450851;59648501;0;2325861;6103583;428142;71956938;0;294937;7128419;0;1916922;9340278;81297216;19106826;30079842;9819812;-64566633;0;2971958;-2588195;78709021;
46078;860025461;2019-12-31;2018;MILES;3639365;5023416;20952219;6174514;35789514;20474388;0;5000000;24061040;0;49535428;85324942;9836324;54328537;0;2909071;5906105;750628;73730665;0;294937;6796784;0;2796064;9887785;83618450;19106826;30079842;9819812;-60271946;0;2971958;1706492;85324942;
46079;900424464;2019-12-31;2019;MILES;1089;0;5236149;4923366;10160604;44811;0;0;4381740;0;4426551;14587155;200687;2520335;0;49612;0;0;2770634;0;6347952;4120;0;600000;6952072;9722706;3400000;0;0;1262054;0;202395;4864449;14587155;
46080;900424464;2019-12-31;2018;MILES;6285;0;10033432;4393778;14433495;45836;0;0;3945413;0;3991249;18424744;19384;497293;0;44623;0;0;561300;0;12057228;0;0;1104146;13161374;13722674;3400000;0;0;1099675;0;202395;4702070;18424744;
46081;830005455;2019-12-31;2019;MILES;87359;0;2123633;0;2210992;54350;0;0;0;0;54350;2265342;198575;45155;0;4951;101153;0;349834;297864;0;0;0;0;297864;647698;25000;0;47131;1457366;0;88147;1617644;2265342;
46082;830005455;2019-12-31;2018;MILES;2577;0;2558011;0;2560588;11350;0;0;0;0;11350;2571938;0;720840;0;40075;99363;0;860278;52573;0;0;0;0;52573;912851;25000;0;47131;1498809;0;88147;1659087;2571938;
46083;900737469;2019-12-31;2019;MILES;28661;348913;20559540;2589983;23527097;517111;0;0;0;0;517111;24044208;10553651;13237633;0;0;481;0;23791765;0;0;0;0;0;0;23791765;200000;0;0;52443;0;0;252443;24044208;
46084;900737469;2019-12-31;2018;MILES;250917;606011;15592277;2832607;19281812;588889;0;0;0;0;588889;19870701;10981520;8283168;0;0;1618;0;19266306;257088;0;0;0;0;257088;19523394;200000;0;0;147307;0;0;347307;19870701;
46085;805020166;2019-12-31;2019;MILES;215689;90;14023272;0;14239051;30734;0;0;587264;0;617998;14857049;2171;13565246;0;16941;111334;0;13695692;0;0;0;0;0;0;13695692;1000000;0;21021;140336;0;0;1161357;14857049;
46086;805020166;2019-12-31;2018;MILES;50661;0;6209197;0;6259858;24159;0;0;513841;0;538000;6797858;0;5552360;0;9127;26095;35089;5622671;0;0;0;0;0;0;5622671;1000000;0;0;175187;0;0;1175187;6797858;
46087;804002564;2019-12-31;2019;MILES;8319;279536;4966572;0;5254427;1262128;0;0;14533;0;1276661;6531088;0;0;0;97728;0;118603;216331;1580635;2918047;0;179386;32581;4710649;4926980;1000000;0;0;604108;0;0;1604108;6531088;
46088;804002564;2019-12-31;2018;MILES;7503;385668;7567286;0;7960457;1370382;0;0;17592;0;1387974;9348431;0;0;0;26224;0;97880;124104;1569832;2651632;0;45165;349356;4615985;4740089;1000000;0;1440782;2167560;0;0;4608342;9348431;
46089;900472964;2019-12-31;2019;MILES;29124;7120;0;0;36244;1119521;0;0;7009000;0;8128521;8164765;0;1378045;0;2102;4990;0;1385137;0;0;0;0;0;0;1385137;110000;0;7869926;-1200298;0;0;6779628;8164765;
46090;900472964;2019-12-31;2018;MILES;2187;6174;57312;0;65673;888781;0;0;7009000;0;7897781;7963454;0;1168791;0;1635;16127;0;1186553;0;0;0;0;0;0;1186553;110000;0;7869926;-1203025;0;0;6776901;7963454;
46091;800213569;2019-12-31;2019;MILES;624175;0;1106591;45969;1776735;9555765;0;3445724;5827737;0;18829226;20605961;0;181720;0;88094;37838;0;307652;0;0;0;0;0;0;307652;2959500;0;21672;17317137;0;0;20298309;20605961;
46092;800213569;2019-12-31;2018;MILES;542129;0;691587;45886;1279602;9818967;0;3474055;5827737;0;19120759;20400361;0;125785;0;69360;35120;0;230265;0;0;0;0;0;0;230265;2959500;0;0;17210596;0;0;20170096;20400361;
46093;860354468;2019-12-31;2019;MILES;10444;0;22797;0;33241;0;0;2080034;5760469;0;7840503;7873744;0;3126;0;7259;3051;0;13436;0;0;0;0;0;0;13436;2360550;0;0;5499758;0;0;7860308;7873744;
46094;860354468;2019-12-31;2018;MILES;12967;0;20726;0;33693;0;0;2091922;5760469;0;7852391;7886084;0;2117;0;6365;13799;0;22281;0;0;0;0;0;0;22281;2360550;0;0;5503253;0;0;7863803;7886084;
46095;900032159;2019-12-31;2019;MILES;1459958;114721;3237465;0;4812144;4367206;0;0;508709;0;4875915;9688059;0;1432377;0;0;260712;559252;2252341;2735713;0;40727;0;139257;2915697;5168038;588544;0;2136690;1794787;0;0;4520021;9688059;
46096;900032159;2019-12-31;2018;MILES;1588736;24665;3267549;0;4880950;1294110;0;0;481566;0;1775676;6656626;124190;1110520;201150;0;631911;528570;2596341;74648;0;62059;0;198544;335251;2931592;588544;0;844942;2291548;0;0;3725034;6656626;
46097;832010860;2019-12-31;2019;MILES;21389;0;146641;138565;306595;692055;4881526;20918150;-3864526;4881526;27508731;27815326;307514;1113383;0;76490;127622;0;1625009;6833132;0;1942843;0;0;8775975;10400984;820000;0;183616;16410726;0;0;17414342;27815326;
46098;832010860;2019-12-31;2018;MILES;572479;0;377524;84300;1034303;849767;4830616;20353555;-3813616;4830616;27050938;28085241;187387;640633;0;36687;210877;0;1075584;6638791;0;1916579;0;0;8555370;9630954;820000;0;183616;17450671;0;0;18454287;28085241;
46099;901207465;2019-12-31;2019;MILES;8136;1416247;0;0;1424383;3400000;0;0;0;0;3400000;4824383;0;0;0;0;33595;0;33595;3076895;0;0;0;0;3076895;3110490;1399580;0;0;314313;0;0;1713893;4824383;
46100;901207465;2019-12-31;2018;MILES;10000;1389580;0;0;1399580;3400000;0;0;0;0;3400000;4799580;0;0;0;0;0;0;0;3400000;0;0;0;0;3400000;3400000;1399580;0;0;0;0;0;1399580;4799580;
46101;860078767;2019-12-31;2019;MILES;397544;303568;1511819;333976;2546907;6902854;698576;0;-448779;698576;7851227;10398134;112017;838506;0;310404;233554;161578;1656059;0;737685;425426;0;0;1163111;2819170;70000;0;53916;7455048;0;0;7578964;10398134;
46102;860078767;2019-12-31;2018;MILES;419986;266149;1413198;538905;2638238;6893553;597513;0;-338263;597513;7750316;10388554;97336;1175825;0;268120;403476;155580;2100337;0;576391;425426;0;0;1001817;3102154;70000;0;53916;7162484;0;0;7286400;10388554;
46103;830016570;2019-12-31;2019;MILES;1762959;9224519;1061755;0;12049233;28211903;7129291;0;93945508;7129291;136415993;148465226;0;27465;0;0;418859;158836;605160;0;1191345;101715;0;0;1293060;1898220;60000;11070000;58505252;1610471;0;75321283;146567006;148465226;
46104;830016570;2019-12-31;2018;MILES;3442856;7973422;1053478;0;12469756;28847668;6036443;0;92968491;6036443;133889045;146358801;0;262989;0;0;461505;59829;784323;0;1392177;376004;0;0;1768181;2552504;60000;11070000;59262041;-756790;0;74171046;143806297;146358801;
46105;800007370;2019-12-31;2019;MILES;267411;288459;2093875;206390;2856135;862959;202769;0;276602;202769;1545099;4401234;0;793410;0;245540;56552;732135;1827637;0;0;0;0;0;0;1827637;316000;0;364640;1892957;0;0;2573597;4401234;
46106;800007370;2019-12-31;2018;MILES;1033948;151637;1384580;159789;2729954;901525;238456;0;240914;238456;1619351;4349305;0;789165;0;175842;111298;739776;1816081;0;0;0;0;0;0;1816081;316000;0;364640;1852584;0;0;2533224;4349305;
46107;900195166;2019-12-31;2019;MILES;3716821;1354349;34383024;76894253;116348447;4615760;0;0;5006695;0;9622455;125970902;5581598;16369332;0;213964;2212668;30971254;55348816;20361548;43181768;0;0;1186556;64729872;120078688;102000;1535566;421478;3615802;0;217368;5892214;125970902;
46108;900195166;2019-12-31;2018;MILES;5170114;3458549;15780990;53820649;78230302;600176;0;0;8011945;0;8612121;86842423;20455717;8465109;0;221672;1476077;44197850;74816425;97440;5248034;24445;0;997129;6367048;81183473;102000;1535566;421478;3382538;0;217368;5658950;86842423;
46109;800028455;2019-12-31;2019;MILES;919522;3820111;702573;0;5442206;3961271;0;468522;0;0;4429793;9871999;2504515;2654304;0;0;0;0;5158819;0;0;0;0;0;0;5158819;950000;0;475000;3288180;0;0;4713180;9871999;
46110;800028455;2019-12-31;2018;MILES;974355;2851687;460681;0;4286723;4314648;0;473733;0;0;4788381;9075104;2575367;2315955;0;0;0;0;4891322;0;0;0;0;0;0;4891322;950000;0;460142;2773640;0;0;4183782;9075104;
46111;860040871;2019-12-31;2019;MILES;1603875;2294994;1100036;945607;5944512;292580;447052;0;-447052;447052;739632;6684144;0;727646;0;210694;82866;0;1021206;0;0;0;0;3078038;3078038;4099244;352702;0;174470;2057728;0;0;2584900;6684144;
46112;860040871;2019-12-31;2018;MILES;589674;2585724;251036;1232292;4658726;131485;720364;0;-663309;720364;908904;5567630;0;701379;0;199127;54712;0;955218;110017;0;0;0;2343717;2453734;3408952;352702;0;173692;1632284;0;0;2158678;5567630;
46113;900581069;2019-12-31;2019;MILES;9876;4210932;57133;0;4277941;1721252;157059;0;15779626;157059;17814996;22092937;0;36963;0;6742;3533;0;47238;0;0;260643;0;0;260643;307881;89978;16738211;119509;1332561;0;3504797;21785056;22092937;
46114;900581069;2019-12-31;2018;MILES;529493;4596864;309297;0;5435654;1759197;255000;0;2022578;255000;4291775;9727429;0;17961;0;6202;27999;0;52162;0;0;162310;0;0;162310;214472;60478;4478432;119509;2631310;0;2223228;9512957;9727429;
46115;891304670;2019-12-31;2019;MILES;142929;4791;17731;0;165451;2170636;0;7279050;46176796;0;55626482;55791933;0;1735;1328;0;14575;536940;554578;0;0;0;0;0;0;554578;174000;0;189958;3411604;0;51461793;55237355;55791933;
46116;891304670;2019-12-31;2018;MILES;111857;6017;27635;0;145509;2183421;0;7279050;42183256;0;51645727;51791236;0;0;1328;0;13957;593377;608662;0;0;0;0;0;0;608662;174000;0;189958;3349671;0;47468945;51182574;51791236;
46117;900573968;2019-12-31;2019;MILES;87651;29160;0;0;116811;0;0;2450034;173306;0;2623340;2740151;0;0;0;0;1273;0;1273;0;0;0;13883;109557;123440;124713;23030;0;156640;2223724;0;212044;2615438;2740151;
46118;900573968;2019-12-31;2018;MILES;2621604;20957;0;0;2642561;0;0;0;165510;0;165510;2808071;0;0;0;0;20;0;20;0;0;0;31826;109235;141061;141081;23030;0;156640;2275276;0;212044;2666990;2808071;
46119;890916571;2019-12-31;2019;MILES;14394;773308;103799;0;891501;4162653;493762;0;15699463;493762;20849640;21741141;16506;413932;0;6741;4697;0;441876;1908;0;356312;0;0;358220;800096;89974;15729320;117835;897454;0;4106462;20941045;21741141;
46120;890916571;2019-12-31;2018;MILES;27782;772578;62340;0;862700;4303274;523247;0;3658969;523247;9008737;9871437;14719;432443;0;6202;26867;0;480231;20200;0;304549;0;0;324749;804980;60474;3469541;117835;2566503;0;2852104;9066457;9871437;
46121;900707366;2019-12-31;2019;MILES;488;0;219614;0;220102;0;0;0;0;0;0;220102;0;886483;0;0;0;0;886483;0;0;0;0;17370810;17370810;18257293;6000000;4001000;0;-28038191;0;0;-18037191;220102;
46122;900707366;2019-12-31;2018;MILES;506;0;96882;0;97388;0;0;0;1135355;0;1135355;1232743;0;759527;0;0;121160;0;880687;0;0;0;0;15386119;15386119;16266806;6000000;4001000;0;-25035063;0;0;-15034063;1232743;
46123;890307352;2019-12-31;2019;MILES;3855;2313488;69961;0;2387304;330113;0;2023743;5000;0;2358856;4746160;0;344519;0;5814;32816;2313487;2696636;0;308154;0;0;0;308154;3004790;52745;614500;40000;895525;0;138600;1741370;4746160;
46124;890307352;2019-12-31;2018;MILES;49676;3406521;115432;0;3571629;0;0;1631870;0;0;1631870;5203499;0;214878;0;5937;28452;3071796;3321063;0;312344;0;0;0;312344;3633407;52745;614500;40000;862847;0;0;1570092;5203499;
46125;900333780;2019-12-31;2019;MILES;129112;74460;2289094;1652398;4145064;2083388;0;0;0;0;2083388;6228452;187505;54995;0;9594;14819;0;266913;1680096;107382;2428;0;286863;2076769;2343682;1700000;0;72532;2112238;0;0;3884770;6228452;
46126;900333780;2019-12-31;2018;MILES;20113;63029;1197790;1685559;2966491;2443303;0;0;0;0;2443303;5409794;537001;86065;0;14723;15251;0;653040;1502517;17192;0;0;380416;1900125;2553165;700000;0;0;2156629;0;0;2856629;5409794;
46127;892002466;2019-12-31;2019;MILES;38247;2563054;5159683;4323009;12083993;52896926;0;0;6432530;0;59329456;71413449;8183349;18868802;0;86189;1224559;779812;29142711;21054197;0;147650;0;500000;21701847;50844558;2500000;0;548412;-12589507;0;30109986;20568891;71413449;
46128;892002466;2019-12-31;2018;MILES;89539;3287193;19563413;7685964;30626109;20040118;0;2093150;12577448;0;34710716;65336825;9373700;13099767;0;75529;389152;554359;23492507;19064820;0;147650;0;0;19212470;42704977;2500000;0;528028;19603820;0;0;22631848;65336825;
46129;900394081;2019-12-31;2019;MILES;10835580;28798458;0;0;39634038;107648;39858280;0;-12206412;39858280;67617796;107251834;0;101178;0;0;420743;0;521921;0;0;1710654;0;0;1710654;2232575;10000;0;0;105009259;0;0;105019259;107251834;
46130;900394081;2019-12-31;2018;MILES;13920450;10064873;61913705;0;85899028;119572;3000000;0;26195192;3000000;32314764;118213792;0;9296842;0;0;1170321;0;10467163;0;0;1909929;0;0;1909929;12377092;10000;0;0;105826700;0;0;105836700;118213792;
46131;830105192;2019-12-31;2019;MILES;506997;168206;2427027;0;3102230;26909895;0;0;27845716;0;54755611;57857841;0;2770178;0;80615;1741645;2052405;6644843;18471649;0;1065185;0;1447913;20984747;27629590;1700000;4119943;17237361;7170947;0;0;30228251;57857841;
46132;830105192;2019-12-31;2018;MILES;2144405;507455;5985245;0;8637105;25699806;0;0;32788261;0;58488067;67125172;0;4669674;0;96727;2677154;2219008;9662563;19971071;0;1077147;0;16347723;37395941;47058504;1651943;0;13962215;4452510;0;0;20066668;67125172;
46133;900369677;2019-12-31;2019;MILES;905;922;224177;0;226004;0;0;0;7028732;0;7028732;7254736;0;5;0;0;0;0;5;0;292274;7049;0;0;299323;299328;3810000;0;225055;420353;0;2500000;6955408;7254736;
46134;900369677;2019-12-31;2018;MILES;938;1667;224177;0;226782;0;0;0;7028732;0;7028732;7255514;0;4;0;0;3080;0;3084;0;271586;11341;0;0;282927;286011;3810000;0;213976;445527;0;2500000;6969503;7255514;
46135;900668070;2019-12-31;2019;MILES;621301;28412;7310922;0;7960635;0;0;0;158128206;0;158128206;166088841;0;0;0;0;40506;0;40506;0;164401;0;0;0;164401;204907;8587568;0;3272564;87995168;0;66028634;165883934;166088841;
46136;900668070;2019-12-31;2018;MILES;62870;32743;1030888;0;1126501;0;0;0;122309277;0;122309277;123435778;0;0;0;0;50699;0;50699;0;164401;0;0;0;164401;215100;8587568;0;3272564;43591449;0;67769097;123220678;123435778;
46137;900806195;2019-12-31;2019;MILES;3421372;2602816;8212406;0;14236594;987302;1946899;0;-369594;1946899;4511506;18748100;0;3156408;0;5125963;538266;107133;8927770;0;0;0;52174;0;52174;8979944;19000;0;7840345;95719;0;1813092;9768156;18748100;
46138;900806195;2019-12-31;2018;MILES;5179864;5086924;3404003;0;13670791;1062266;2068612;0;-515066;2068612;4684424;18355215;0;6377442;0;1379995;459727;416307;8633471;0;0;0;49307;0;49307;8682778;19000;0;7676401;163944;0;1813092;9672437;18355215;
46139;900399579;2019-12-31;2019;MILES;820039;58857;14180;0;893076;5063;4962334;18473030;11385421;4962334;39788182;40681258;169798;230670;0;28070;21567;0;450105;925613;7109463;496262;0;0;8531338;8981443;2857;4446677;0;27250281;0;0;31699815;40681258;
46140;900399579;2019-12-31;2018;MILES;33192;32301;17375;0;82868;10328;6709857;14862639;2102439;6709857;30395120;30477988;169798;322412;0;15891;61179;0;569280;1109723;5607545;365599;0;0;7082867;7652147;2857;4446677;0;18376307;0;0;22825841;30477988;
46141;800200571;2019-12-31;2019;MILES;117933;63020;4554997;1664294;6400244;0;1137188;0;4337370;1137188;6611746;13011990;0;492023;0;8041;5055;155375;660494;0;0;50502;0;0;50502;710996;1614700;18919300;12100792;-20333798;0;0;12300994;13011990;
46142;800200571;2019-12-31;2018;MILES;27243;83020;5632415;1664294;7406972;0;865501;0;5371146;865501;7102148;14509120;0;552857;0;6904;165473;178105;903339;0;0;0;0;0;0;903339;1614700;18919300;12100792;-19029011;0;0;13605781;14509120;
46143;860058470;2019-12-31;2019;MILES;11756265;3927405;3415979;167896;19267545;497587;0;5912209;798767;0;7208563;26476108;1191546;668133;0;66320;150082;13487060;15563141;381000;0;263358;0;0;644358;16207499;50000;0;1774000;7238898;0;1205711;10268609;26476108;
46144;860058470;2019-12-31;2018;MILES;12853404;5108274;345117;798217;19105012;495976;0;5022245;787958;0;6306179;25411191;1225858;2491608;0;59506;941996;11217692;15936660;124000;1139501;263358;0;0;1526859;17463519;50000;0;1727534;5016532;0;1153606;7947672;25411191;
46145;900234282;2019-12-31;2019;MILES;470423;0;378904;73573;922900;340765;0;0;1243923;0;1584688;2507588;1390;43037;0;23585;6177;19286;93475;0;24275;0;0;505478;529753;623228;181000;0;169739;1533621;0;0;1884360;2507588;
46146;900234282;2019-12-31;2018;MILES;462397;0;1707387;285804;2455588;361432;0;0;5000;0;366432;2822020;4269;248429;0;31084;11404;87209;382395;0;211484;0;0;496790;708274;1090669;181000;0;169739;1380612;0;0;1731351;2822020;
46147;900389871;2019-12-31;2019;MILES;904;7663;2071360;0;2079927;0;0;0;33345388;0;33345388;35425315;0;78904;0;0;248;116000;195152;0;0;0;0;0;0;195152;2038156;0;809836;3103259;0;29278912;35230163;35425315;
46148;900389871;2019-12-31;2018;MILES;904;17632;2073529;0;2092065;0;0;0;34201241;0;34201241;36293306;0;46118;0;0;27449;116000;189567;0;0;0;0;0;0;189567;2038156;0;809836;3120982;0;30134765;36103739;36293306;
46149;900157370;2019-12-31;2019;MILES;242539;34096;1717978;0;1994613;0;1116647;8246872;45706709;1116647;56186875;58181488;0;3533;0;0;18171;0;21704;0;194955;768396;0;51800;1015151;1036855;5950000;391940;54154;50748539;0;0;57144633;58181488;
46150;900157370;2019-12-31;2018;MILES;114371;66818;1947070;0;2128259;0;4416647;8123510;40445666;4416647;57402470;59530729;0;60;0;0;103608;0;103668;0;194955;768396;0;28000;991351;1095019;5950000;3691940;54154;48739616;0;0;58435710;59530729;
46151;860071970;2019-12-31;2019;MILES;309985;6490;4025183;69090;4410748;16241;0;0;15242637;0;15258878;19669626;0;420358;0;25609;5407;0;451374;7438441;66778;0;0;0;7505219;7956593;1934080;6118720;650409;3009824;0;0;11713033;19669626;
46152;860071970;2019-12-31;2018;MILES;313532;5791;5260651;92548;5672522;20385;0;0;7472148;0;7492533;13165055;0;768740;0;23378;68790;0;860908;0;62596;0;0;103;62699;923607;1934080;6118720;615149;3573499;0;0;12241448;13165055;
46153;900479170;2019-12-31;2019;MILES;214472;0;10413104;0;10627576;2998606;9590184;0;-8934404;9590184;13244570;23872146;526290;0;0;78293;55815;55742;716140;3247772;16051921;0;0;2517753;21817446;22533586;1215336;0;41556;81668;0;0;1338560;23872146;
46154;900479170;2019-12-31;2018;MILES;1464923;0;10875380;0;12340303;73891;8175720;0;-7459942;8175720;8965389;21305692;531693;0;0;73602;71230;13993;690518;3203364;16024314;0;0;122377;19350055;20040573;1215336;0;29525;20258;0;0;1265119;21305692;
46155;890700062;2019-12-31;2019;MILES;6189;3969;632248;0;642406;453466;0;3614832;9144901;0;13213199;13855605;0;131340;0;0;6025;0;137365;0;0;1162380;0;0;1162380;1299745;19320;0;9660;12487085;0;39795;12555860;13855605;
46156;890700062;2019-12-31;2018;MILES;63014;0;679831;0;742845;361194;0;1971116;8749177;0;11081487;11824332;0;286625;0;2035;23156;0;311816;0;0;949209;0;0;949209;1261025;19320;0;9660;10494532;0;39795;10563307;11824332;
46157;900276466;2019-12-31;2019;MILES;13333;3131;0;0;16464;0;0;0;4972006;0;4972006;4988470;0;440;0;0;1735;0;2175;0;13633;0;0;4754749;4768382;4770557;500000;0;0;-282087;0;0;217913;4988470;
46158;900276466;2019-12-31;2018;MILES;13333;2594;0;0;15927;0;0;0;5218640;0;5218640;5234567;0;592;0;0;4184;0;4776;0;7808;0;0;4990789;4998597;5003373;500000;0;0;-268806;0;0;231194;5234567;
46159;830096948;2019-12-31;2019;MILES;1825599;902260;3479620;0;6207479;1206027;0;0;245823;0;1451850;7659329;792587;560679;0;508775;0;0;1862041;0;0;25334;241022;0;266356;2128397;1000000;0;150000;4380932;0;0;5530932;7659329;
46160;830096948;2019-12-31;2018;MILES;1700831;769366;2205634;0;4675831;1149067;0;0;10624;0;1159691;5835522;445458;167272;0;137427;0;0;750157;0;0;13581;16420;0;30001;780158;1000000;0;150000;3905364;0;0;5055364;5835522;
46161;900482171;2019-12-31;2019;MILES;781739;0;7036714;55397912;63216365;0;0;0;0;0;0;63216365;20843787;0;0;0;261817;37293272;58398876;0;0;0;0;0;0;58398876;5201000;0;0;-383511;0;0;4817489;63216365;
46162;900482171;2019-12-31;2018;MILES;403065;83054;7388078;36965799;44839996;0;1573346;0;-1573346;1573346;1573346;46413342;21249444;18000;0;0;414542;18799647;40481633;1078716;0;0;0;0;1078716;41560349;5201000;0;0;-348007;0;0;4852993;46413342;
46163;901243377;2019-12-31;2019;MILES;256242;0;1553713;0;1809955;1796356;0;0;10399019;0;12195375;14005330;0;1227;0;3684;142275;0;147186;0;0;59239;0;0;59239;206425;1025880;5156360;0;7616665;0;0;13798905;14005330;
46164;901243377;2019-12-31;2018;MILES;0;0;1272507;0;1272507;2073731;0;0;9681647;0;11755378;13027885;0;0;0;0;0;0;0;0;0;0;0;0;0;0;1025880;5156360;0;6845645;0;0;13027885;13027885;
46165;901299665;2019-12-31;2019;MILES;2277939;0;8266434;0;10544373;0;0;0;93453;0;93453;10637826;0;3660680;0;1114791;580864;4967;5361302;0;0;0;0;0;0;5361302;1500000;0;0;-30057;0;3806581;5276524;10637826;
46166;900546277;2019-12-31;2019;MILES;100;62234;294314;0;356648;0;0;8808021;17495869;0;26303890;26660538;0;3982884;0;0;34144;0;4017028;0;0;0;0;0;0;4017028;833652;35817715;0;-14007857;0;0;22643510;26660538;
46167;900546277;2019-12-31;2018;MILES;100;121255;251434;0;372789;0;0;7333366;19062265;0;26395631;26768420;0;3966979;0;0;58711;0;4025690;0;0;0;0;0;0;4025690;833652;35817715;0;-13908637;0;0;22742730;26768420;
46168;900546276;2019-12-31;2019;MILES;4594;87970220;2016994;0;89991808;0;0;0;202639552;0;202639552;292631360;0;4404978;0;16172;540718;0;4961868;0;0;0;0;0;0;4961868;1689000;41044547;1919266;238525591;0;4491088;287669492;292631360;
46169;900546276;2019-12-31;2018;MILES;1805;80538232;4148561;0;84688598;0;0;0;202528388;0;202528388;287216986;0;4916853;0;16678;1185568;0;6119099;0;0;0;0;0;0;6119099;1689000;40951827;1919266;236537794;0;0;281097887;287216986;
46170;890305680;2019-12-31;2019;MILES;11242;10190;398277;0;419709;0;0;0;6738672;0;6738672;7158381;0;2158;0;0;9360;0;11518;0;0;0;0;0;0;11518;1699;0;1779;3555694;0;3587691;7146863;7158381;
46171;890305680;2019-12-31;2018;MILES;352768;9551;259333;0;621652;0;0;0;6047123;0;6047123;6668775;0;1786;0;0;76;0;1862;0;0;0;0;0;0;1862;1699;0;1779;3992769;0;2670666;6666913;6668775;
46172;830089470;2019-12-31;2019;MILES;248413;0;49245;0;297658;1422040;0;1074273;4474073;0;6970386;7268044;0;621;0;0;105924;0;106545;0;0;0;0;692330;692330;798875;702969;0;1597993;1991436;0;2176771;6469169;7268044;
46173;830089470;2019-12-31;2018;MILES;362701;43966;30000;0;436667;1189107;0;1380227;3930856;0;6500190;6936857;0;1159;0;0;102280;0;103439;0;0;115484;0;730145;845629;949068;702969;0;1585918;1522131;0;2176771;5987789;6936857;
46174;860350566;2019-12-31;2019;MILES;434;0;48282;0;48716;3171802;1210319;0;2335337;1210319;7927777;7976493;1737521;25394;0;0;0;0;1762915;0;0;0;0;0;0;1762915;10000;0;11341;1676897;0;4515340;6213578;7976493;
46175;860350566;2019-12-31;2018;MILES;819;0;54282;0;55101;3166207;1338124;0;2057671;1338124;7900126;7955227;1709225;32424;0;0;0;0;1741649;0;0;0;0;0;0;1741649;10000;0;11341;1676897;0;4515340;6213578;7955227;
46176;900970769;2019-12-31;2019;MILES;0;0;0;0;0;0;0;0;20258167;0;20258167;20258167;0;9436;0;0;0;0;9436;0;0;1378999;0;0;1378999;1388435;1000;6467185;0;12401547;0;0;18869732;20258167;
46177;900970769;2019-12-31;2018;MILES;0;0;0;0;0;0;0;0;18086787;0;18086787;18086787;0;6214;0;0;0;0;6214;0;0;1323585;0;0;1323585;1329799;1000;6467185;0;10288803;0;0;16756988;18086787;
46178;900919068;2019-12-31;2019;MILES;1535;0;35972030;0;35973565;0;270879;0;3936443;270879;4478201;40451766;0;8516140;0;0;265314;0;8781454;25600000;0;0;0;0;25600000;34381454;1757268;0;112883;4200161;0;0;6070312;40451766;
46179;900919068;2019-12-31;2018;MILES;4583;0;31376115;0;31380698;51888;978094;0;4090541;978094;6098617;37479315;0;4149736;0;0;393819;0;4543555;25600000;0;0;0;0;25600000;30143555;1757268;0;112883;5465609;0;0;7335760;37479315;
46180;800114079;2019-12-31;2019;MILES;286798;80721;861370;297626;1526515;194115;0;25837580;1594879;0;27626574;29153089;1101346;1848589;0;28800;218869;19452;3217056;769872;2540500;1495582;0;1263003;6068957;9286013;2900000;0;463983;16503093;0;0;19867076;29153089;
46181;800114079;2019-12-31;2018;MILES;260717;194744;724350;179557;1359368;1431831;0;23658784;1579331;0;26669946;28029314;722271;2175188;0;27003;317874;11494;3253830;926697;2480500;1851309;0;1283002;6541508;9795338;2900000;0;463983;14869993;0;0;18233976;28029314;
46182;900516468;2019-12-31;2019;MILES;2005465;1037123;1567247;0;4609835;32873;0;0;10527439;0;10560312;15170147;0;236231;0;115130;1772681;0;2124042;0;1393932;0;0;0;1393932;3517974;100000;0;8093563;3458610;0;0;11652173;15170147;
46183;900516468;2019-12-31;2018;MILES;3266385;2037821;5054887;0;10359093;45751;0;0;10114480;0;10160231;20519324;0;877900;0;166225;4017241;0;5061366;0;3192348;0;0;0;3192348;8253714;100000;0;6920797;5244813;0;0;12265610;20519324;
46184;804017671;2019-12-31;2019;MILES;8432603;2933982;4323646;3107392;18797623;1031444;0;0;0;0;1031444;19829067;946259;0;236746;0;1274272;1058745;3516022;0;2083725;0;0;6038262;8121987;11638009;505648;0;100793;6059100;0;1525517;8191058;19829067;
46185;804017671;2019-12-31;2018;MILES;8175910;2990839;5026578;3150234;19343561;1031197;0;0;0;0;1031197;20374758;1146950;0;261003;0;513222;1277969;3199144;0;1735557;0;0;6568106;8303663;11502807;505648;0;100793;6739993;0;1525517;8871951;20374758;
46186;860529068;2019-12-31;2019;MILES;196429;803843;3175029;5609038;9784339;7374492;698988;0;-336706;698988;8435762;18220101;1662802;1917577;0;371062;429831;5130238;9511510;0;0;961885;0;0;961885;10473395;312500;0;156250;5036856;0;2241100;7746706;18220101;
46187;860529068;2019-12-31;2018;MILES;429762;676669;1976081;5652502;8735014;7536812;895886;0;-716069;895886;8612515;17347529;1188213;3042759;0;323116;880474;3215383;8649945;0;0;913538;124761;0;1038299;9688244;312500;0;156250;4949435;0;2241100;7659285;17347529;
46188;900579060;2019-12-31;2019;MILES;3409;65930;482199;0;551538;0;0;0;25107298;0;25107298;25658836;0;1895381;0;0;0;0;1895381;0;0;0;0;0;0;1895381;530693;52165415;6803885;-35736538;0;0;23763455;25658836;
46189;900579060;2019-12-31;2018;MILES;3016;65930;742178;0;811124;0;0;0;22503670;0;22503670;23314794;0;5505082;0;0;0;0;5505082;0;0;0;0;0;0;5505082;530693;52165415;7732019;-42618415;0;0;17809712;23314794;
46190;804003570;2019-12-31;2019;MILES;18644;65589;1562769;2811738;4458740;446590;0;0;0;0;446590;4905330;73756;1335357;0;67036;158475;0;1634624;955326;111944;0;0;0;1067270;2701894;414164;0;130603;1639233;0;19436;2203436;4905330;
46191;804003570;2019-12-31;2018;MILES;65326;414189;1417871;2470595;4367981;380558;0;0;0;0;380558;4748539;277733;871484;0;57749;73339;32412;1312717;1182011;0;0;0;0;1182011;2494728;414164;0;122118;1707182;0;10347;2253811;4748539;
46192;830088471;2019-12-31;2019;MILES;519633;1157881;4457265;0;6134779;21572817;0;0;229607;0;21802424;27937203;0;3308125;0;226503;1631408;326558;5492594;0;7833075;515565;0;15000;8363640;13856234;1000000;0;907348;12173621;0;0;14080969;27937203;
46193;830088471;2019-12-31;2018;MILES;154213;949565;5385188;0;6488966;19837580;0;0;236730;0;20074310;26563276;130000;2225812;0;236422;1707949;736920;5037103;0;7774159;511563;0;0;8285722;13322825;1000000;0;907348;11333103;0;0;13240451;26563276;
46194;900375963;2019-12-31;2019;MILES;1342935;720911;8706983;79917;10850746;61631;0;0;450679;0;512310;11363056;215613;519482;0;61391;256001;0;1052487;0;4096616;0;0;0;4096616;5149103;4519;0;0;1319973;0;4889461;6213953;11363056;
46195;900375963;2019-12-31;2018;MILES;2780944;657671;13191052;79917;16709584;98583;0;0;1555155;0;1653738;18363322;133819;2787910;0;243415;207228;115133;3487505;0;10130792;0;0;0;10130792;13618297;4519;0;0;-2465741;0;7206247;4745025;18363322;
46196;900058368;2019-12-31;2019;MILES;2160023;3652312;240770;0;6053105;2711741;0;3818183;55294;0;6585218;12638323;0;37487;0;0;250694;0;288181;0;104279;545263;0;0;649542;937723;8003976;0;180945;3515679;0;0;11700600;12638323;
46197;900058368;2019-12-31;2018;MILES;1256406;3052308;690098;0;4998812;2757903;0;3750959;51677;0;6560539;11559351;0;189412;0;0;171087;0;360499;0;104279;352703;0;0;456982;817481;8003976;0;180945;2556949;0;0;10741870;11559351;
46198;900090768;2019-12-31;2019;MILES;164;181269;33618;0;215051;1281770;0;0;414059;0;1695829;1910880;0;18269;0;0;10885;19257;48411;0;0;0;0;0;0;48411;900000;0;2760236;-1797767;0;0;1862469;1910880;
46199;900090768;2019-12-31;2018;MILES;24167;153648;22795;0;200610;1301927;0;0;414059;0;1715986;1916596;0;855411;0;0;2514;20803;878728;0;0;0;0;128629;128629;1007357;900000;0;1800236;-1790997;0;0;909239;1916596;
46200;821000170;2019-12-31;2019;MILES;803;0;0;0;803;1608335;0;0;432566;0;2040901;2041704;0;151074;0;0;0;0;151074;0;0;0;0;0;0;151074;631268;0;0;333940;0;925422;1890630;2041704;
46201;821000170;2019-12-31;2018;MILES;401;0;0;0;401;1596893;0;0;432566;0;2029459;2029860;0;160159;0;0;0;0;160159;0;0;0;0;0;0;160159;631268;0;0;313011;0;925422;1869701;2029860;
46202;860054967;2019-12-31;2019;MILES;278100;6103729;75914;11020208;17477951;879695;0;2418342;45767;0;3343804;20821755;223475;5382413;0;97716;27088;16036;5746728;355927;0;0;0;8841445;9197372;14944100;316000;0;138619;5423036;0;0;5877655;20821755;
46203;860054967;2019-12-31;2018;MILES;1927045;10549454;305233;12470007;25251739;872272;0;2713990;206411;0;3792673;29044412;255663;6774005;0;74777;50466;18577;7173488;899531;0;0;0;15178646;16078177;23251665;316000;0;138619;5338128;0;0;5792747;29044412;
46204;900322118;2019-12-31;2019;MILES;23464;306182;3671689;4948058;8949393;3275461;3931799;0;-3915057;3931799;7224002;16173395;0;335345;0;100298;240323;0;675966;4964867;0;0;443611;90122;5498600;6174566;4000000;0;0;5998829;0;0;9998829;16173395;
46205;900322118;2019-12-31;2018;MILES;111302;1279213;5873914;6138996;13403425;4632793;1793818;0;-1777076;1793818;6443353;19846778;0;445818;0;179868;367686;0;993372;8783708;0;0;279862;278935;9342505;10335877;0;4000000;0;5510901;0;0;9510901;19846778;
46206;802013267;2019-12-31;2019;MILES;183736;19445170;0;0;19628906;4237064;0;0;37006160;0;41243224;60872130;6037465;1864847;0;0;145314;4573939;12621565;0;43476579;0;0;0;43476579;56098144;610000;0;193324;3970662;0;0;4773986;60872130;
46207;802013267;2019-12-31;2018;MILES;98471;36332675;0;0;36431146;4237064;0;0;17075746;0;21312810;57743956;5142076;94979;0;0;36174;0;5273229;0;47754777;0;0;0;47754777;53028006;610000;0;189042;3916908;0;0;4715950;57743956;
46208;900256279;2019-12-31;2019;MILES;5845883;1872186;12827423;1344844;21890336;1602677;0;0;734572;0;2337249;24227585;4626581;15240293;861516;471740;1478560;0;22678690;0;0;53735;0;0;53735;22732425;3596166;0;87864;-2188870;0;0;1495160;24227585;
46209;900256279;2019-12-31;2018;MILES;6557649;2382972;16569830;3603262;29113713;2091753;0;0;1723205;0;3814958;32928671;11099010;19733354;724545;597465;2744165;0;34898539;0;0;75199;0;0;75199;34973738;3596166;0;87864;-5729097;0;0;-2045067;32928671;
46210;900361866;2019-12-31;2019;MILES;4562;0;0;0;4562;530000;3117492;0;22386964;3117492;29151948;29156510;4013123;6208041;0;0;7067;0;10228231;0;0;0;0;0;0;10228231;20020;0;10375764;-685983;0;9218478;18928279;29156510;
46211;900361866;2019-12-31;2018;MILES;4751;0;0;0;4751;0;3117492;0;12498876;3117492;18733860;18738611;4126883;6045777;0;0;47892;0;10220552;0;0;0;0;0;0;10220552;20020;0;0;-741208;0;9239247;8518059;18738611;
46212;800158170;2019-12-31;2019;MILES;1037636;5272580;3767726;0;10077942;1804373;0;0;316447;0;2120820;12198762;1874023;743946;0;0;0;0;2617969;277583;0;0;0;0;277583;2895552;800000;0;400000;8103210;0;0;9303210;12198762;
46213;800158170;2019-12-31;2018;MILES;309308;3637730;4216649;0;8163687;1855088;0;0;37513;0;1892601;10056288;251409;1149045;0;0;0;0;1400454;351908;0;0;0;0;351908;1752362;800000;0;400000;7103926;0;0;8303926;10056288;
46214;901218067;2019-12-31;2019;MILES;56187;0;11254195;0;11310382;0;0;0;0;0;0;11310382;3635588;126;0;0;0;0;3635714;0;0;0;0;0;0;3635714;22500;7654174;0;-2006;0;0;7674668;11310382;
46215;901218067;2019-12-31;2018;MILES;0;0;12069255;0;12069255;0;0;0;0;0;0;12069255;4392581;126;0;0;0;0;4392707;0;0;0;0;0;0;4392707;22500;7654174;0;-126;0;0;7676548;12069255;
46216;900832370;2019-12-31;2019;MILES;245134;7000;4515536;1109598;5877268;1213487;0;0;68457;0;1281944;7159212;32152;4533262;0;100002;12849;247155;4925420;185426;0;0;0;0;185426;5110846;3000;0;0;2045366;0;0;2048366;7159212;
46217;900832370;2019-12-31;2018;MILES;346159;0;4060164;817447;5223770;969721;0;500;0;0;970221;6193991;23538;3935806;0;80517;95840;442303;4578004;202805;0;0;0;0;202805;4780809;3000;0;0;1410182;0;0;1413182;6193991;
46218;900215784;2019-12-31;2019;MILES;0;14594;5298069;0;5312663;3243;0;182610;85778;0;271631;5584294;0;4034424;0;0;6921;1014;4042359;0;0;14144;0;0;14144;4056503;20000;0;0;1507791;0;0;1527791;5584294;
46219;900215784;2019-12-31;2018;MILES;0;7366;5272202;0;5279568;16212;0;178310;85778;0;280300;5559868;0;3997606;0;0;32613;1545;4031764;0;0;13063;0;0;13063;4044827;20000;0;0;1495041;0;0;1515041;5559868;
46220;900060879;2019-12-31;2019;MILES;1072238;6458346;13249233;6628112;27407929;2716759;0;0;9752357;0;12469116;39877045;7228455;2117921;0;208104;85246;14467417;24107143;3476392;0;0;0;8981;3485373;27592516;3000000;0;364066;8920463;0;0;12284529;39877045;
46221;900060879;2019-12-31;2018;MILES;430905;2888484;13133259;2232772;18685420;3054577;0;0;9854870;0;12909447;31594867;8406857;3874052;0;115365;19999;5130819;17547092;3864212;0;0;0;4394;3868606;21415698;3000000;0;302034;6877135;0;0;10179169;31594867;
46222;900926287;2019-12-31;2019;MILES;75;101507;1416824;947482;2465888;1177534;7109964;0;6343265;7109964;21740727;24206615;0;552437;0;0;163671;36549;752657;0;697224;0;0;0;697224;1449881;614205;0;6628;11875983;0;10259918;22756734;24206615;
46223;900926287;2019-12-31;2018;MILES;55;39052;609420;1006247;1654774;1237431;7109964;0;6343265;7109964;21800624;23455398;0;255118;0;0;146814;29543;431475;0;697224;0;0;0;697224;1128699;614205;0;6628;11445948;0;10259918;22326699;23455398;
46224;890913379;2019-12-31;2019;MILES;22162;184024;18759;0;224945;1881909;1587060;0;4500563;1587060;9556592;9781537;0;71549;0;20981;0;23681;116211;0;1194346;395357;0;120398;1710101;1826312;30000;3177776;15000;4732449;0;0;7955225;9781537;
46225;890913379;2019-12-31;2018;MILES;141800;177024;18395;0;337219;1947976;1582386;0;4770866;1582386;9883614;10220833;0;102614;0;31021;0;19421;153056;0;1494471;413747;0;0;1908218;2061274;30000;3177776;15000;4936783;0;0;8159559;10220833;
46226;800177980;2019-12-31;2019;MILES;0;12527;0;0;12527;7707331;0;0;2207790;0;9915121;9927648;0;0;0;0;3409;0;3409;0;0;0;0;9745004;9745004;9748413;50000;0;25000;104235;0;0;179235;9927648;
46227;800177980;2019-12-31;2018;MILES;0;12527;0;0;12527;7707331;0;0;2207790;0;9915121;9927648;0;0;0;0;3409;0;3409;0;0;0;0;9744147;9744147;9747556;50000;0;25000;105092;0;0;180092;9927648;
46228;900316668;2019-12-31;2019;MILES;183586;16934;2005819;0;2206339;167733;0;3201179;8692141;0;12061053;14267392;27;51373;0;1105;43987;0;96492;0;39376;115677;0;0;155053;251545;20000;12716297;0;1279550;0;0;14015847;14267392;
46229;900316668;2019-12-31;2018;MILES;159771;44455;2518836;0;2723062;167733;0;3311577;8621178;0;12100488;14823550;0;0;0;2188;174690;0;176878;0;347512;77780;0;0;425292;602170;20000;12716297;0;1485083;0;0;14221380;14823550;
46230;890933089;2019-12-31;2019;MILES;249768;48034;8407948;0;8705750;2226096;0;59904740;26980820;0;89111656;97817406;610443;3902451;0;85012;130778;1538378;6267062;1650458;0;862822;0;0;2513280;8780342;984400;0;23870049;441213;0;63741402;89037064;97817406;
46231;890933089;2019-12-31;2018;MILES;336732;44996;8779596;0;9161324;1913840;0;48726145;22682528;0;73322513;82483837;902144;4186411;0;52382;308066;1505304;6954307;2410104;0;156459;0;0;2566563;9520870;984400;0;19214243;259855;0;52504469;72962967;82483837;
46232;816001576;2019-12-31;2019;MILES;258608;346476;1589313;0;2194397;483442;0;0;61877;0;545319;2739716;235638;57005;0;51970;448478;0;793091;0;0;0;0;0;0;793091;100000;0;74068;1772557;0;0;1946625;2739716;
46233;816001576;2019-12-31;2018;MILES;373773;414569;1208448;0;1996790;166502;0;0;56966;0;223468;2220258;499982;47290;0;43246;251691;0;842209;0;0;0;0;0;0;842209;100000;0;74068;1203981;0;0;1378049;2220258;
46234;800161568;2019-12-31;2019;MILES;6593757;23761763;8166343;0;38521863;1178114;1844953;0;108261352;1844953;113129372;151651235;17179133;12878492;1305446;2565605;0;0;33928676;0;0;12356622;0;29670153;42026775;75955451;878050;38696950;250000;25006457;0;10864327;75695784;151651235;
46235;800161568;2019-12-31;2018;MILES;3199334;31689882;10108858;0;44998074;1677657;0;0;115093035;0;116770692;161768766;13786016;33680881;1450215;2458227;0;0;51375339;15812381;0;9636257;0;0;25448638;76823977;878050;38696950;250000;22015209;0;23104580;84944789;161768766;
46236;800164580;2019-12-31;2019;MILES;247174;3108167;11255393;483502;15094236;8703079;0;94369;1931334;0;10728782;25823018;0;5040630;0;330765;2043124;0;7414519;7043164;0;2517293;0;1018564;10579021;17993540;1400000;0;467259;5962219;0;0;7829478;25823018;
46237;800164580;2019-12-31;2018;MILES;53754;896533;12883462;266843;14100592;11187942;0;31069;2096324;0;13315335;27415927;1965024;3658821;0;557919;1996042;0;8177806;7703634;0;2490598;0;2310857;12505089;20682895;1400000;0;467259;4865773;0;0;6733032;27415927;
46238;804008789;2019-12-31;2019;MILES;78615;848302;3453827;1143091;5523835;3335001;0;0;5054062;0;8389063;13912898;15514;3082409;0;172512;134368;705980;4110783;948309;0;537530;0;0;1485839;5596622;5000000;2146520;57687;-3207758;0;4319827;8316276;13912898;
46239;804008789;2019-12-31;2018;MILES;171963;493273;2893937;1233305;4792478;3359824;0;0;4997540;0;8357364;13149842;13620;3258146;0;166294;97866;333508;3869434;1149098;0;537530;0;0;1686628;5556062;5000000;2146520;57687;-4068096;0;4457669;7593780;13149842;
46240;900438181;2019-12-31;2019;MILES;1279611;0;1650945;0;2930556;585569;0;0;0;0;585569;3516125;0;1945366;0;0;0;0;1945366;0;0;0;0;0;0;1945366;50000;0;25000;1495759;0;0;1570759;3516125;
46241;900438181;2019-12-31;2018;MILES;380011;0;938510;0;1318521;504596;0;0;0;0;504596;1823117;0;761824;0;0;0;0;761824;0;0;0;0;0;0;761824;50000;0;25000;986293;0;0;1061293;1823117;
46242;900164487;2019-12-31;2019;MILES;96924;176422;110188;0;383534;10222922;0;0;2947998;0;13170920;13554454;0;15559;0;3272;365594;0;384425;0;0;1272643;0;0;1272643;1657068;159990;528593;255424;10953379;0;0;11897386;13554454;
46243;900164487;2019-12-31;2018;MILES;18102;138178;633290;0;789570;10381842;0;0;3332202;0;13714044;14503614;75418;453;0;2317;301618;0;379806;0;0;883710;0;0;883710;1263516;159990;528593;226912;12324603;0;0;13240098;14503614;
46244;860001056;2019-12-31;2019;MILES;194583;1362931;3475395;6114318;11147227;190028;0;0;5997714;0;6187742;17334969;0;4186687;0;345549;772911;0;5305147;72214;0;498771;0;0;570985;5876132;1310020;0;630446;9518371;0;0;11458837;17334969;
46245;860001056;2019-12-31;2018;MILES;612150;1546661;4258713;7483657;13901181;188615;0;0;5698192;0;5886807;19787988;0;7191158;0;837844;886921;0;8915923;52908;0;468819;0;0;521727;9437650;1310020;0;630446;8409872;0;0;10350338;19787988;
46246;900138972;2019-12-31;2019;MILES;10350;0;431319;0;441669;0;0;0;180867407;0;180867407;181309076;160840;21880;0;0;0;0;182720;3862306;14664396;0;0;0;18526702;18709422;35834376;103961025;13131861;9672392;0;0;162599654;181309076;
46247;900138972;2019-12-31;2018;MILES;10350;2312023;186690;0;2509063;0;0;0;127513499;0;127513499;130022562;186995;19350;0;0;11844;0;218189;15775757;696860;0;0;0;16472617;16690806;22870867;64915168;15646212;9899509;0;0;113331756;130022562;
46248;900961779;2019-12-31;2019;MILES;66134;106150;3385960;85412;3643656;463544;0;0;109263;0;572807;4216463;0;200881;0;102916;406540;0;710337;0;3031566;30490;0;196729;3258785;3969122;700000;0;2145;-454804;0;0;247341;4216463;
46249;900961779;2019-12-31;2018;MILES;36563;158448;3280778;174472;3650261;533539;0;0;208100;0;741639;4391900;0;2365843;0;169132;260017;0;2794992;0;567287;0;0;34186;601473;3396465;700000;0;2145;293290;0;0;995435;4391900;
46250;900587475;2019-12-31;2019;MILES;17006;23872;3230173;0;3271051;317471;0;0;12824459;0;13141930;16412981;546110;6356387;0;0;15850;460852;7379199;0;5938110;0;0;0;5938110;13317309;370000;1630000;185000;910672;0;0;3095672;16412981;
46251;900587475;2019-12-31;2018;MILES;213486;204;4607919;0;4821609;0;87502;0;12810062;87502;12985066;17806675;1000000;7235093;0;0;24396;150474;8409963;0;6353630;0;0;0;6353630;14763593;370000;1630000;185000;858082;0;0;3043082;17806675;
46252;890111275;2019-12-31;2019;MILES;10577960;0;35104423;1288547;46970930;6756312;0;0;4032008;0;10788320;57759250;2317766;5129577;0;0;410589;7149853;15007785;2982963;1651041;0;0;10894245;15528249;30536034;10340625;0;1048759;15833832;0;0;27223216;57759250;
46253;890111275;2019-12-31;2018;MILES;20161324;0;17923112;4659025;42743461;4309127;0;0;4032007;0;8341134;51084595;3417439;9981104;0;0;109073;80289;13587905;545187;0;0;0;14819303;15364490;28952395;10340625;0;1048759;10742816;0;0;22132200;51084595;
46254;900578795;2019-12-31;2019;MILES;647;29961;0;0;30608;17311072;1503034;0;-1503034;1503034;18814106;18844714;0;150874;0;0;1550602;0;1701476;10421421;2280084;0;0;0;12701505;14402981;110000;3215841;55000;1060892;0;0;4441733;18844714;
46255;900578795;2019-12-31;2018;MILES;1820;68006;1929;0;71755;17992711;1463343;0;-1363343;1463343;19556054;19627809;283161;75310;0;0;1261416;0;1619887;9613493;2298457;0;0;0;11911950;13531837;110000;3215841;55000;2715131;0;0;6095972;19627809;
46256;900439985;2019-12-31;2019;MILES;35931;39108;302119;0;377158;1259998;0;0;13875461;0;15135459;15512617;0;64876;0;24198;0;66191;155265;0;2564890;0;0;0;2564890;2720155;1600000;15955328;0;-4762866;0;0;12792462;15512617;
46257;900439985;2019-12-31;2018;MILES;5766;16140;531249;0;553155;2218293;0;0;14455657;0;16673950;17227105;9772;32475;0;22284;103918;29997;198446;0;2948750;0;0;0;2948750;3147196;1600000;15955328;0;-3475419;0;0;14079909;17227105;
46258;900342373;2019-12-31;2019;MILES;28261;9933;1056947;0;1095141;0;1674408;896762;4614904;1674408;8860482;9955623;0;161684;0;4580;37065;5931;209260;7765554;0;0;0;406999;8172553;8381813;200000;0;32365;1341445;0;0;1573810;9955623;
46259;900342373;2019-12-31;2018;MILES;7917;1987187;967720;0;2962824;0;23029;896762;7567091;23029;8509911;11472735;0;172187;0;25395;389772;33236;620590;0;8337595;0;0;968430;9306025;9926615;200000;0;30656;1315464;0;0;1546120;11472735;
46260;860064081;2019-12-31;2019;MILES;5119081;7183167;43680604;13379372;69362224;118135989;0;0;4542368;0;122678357;192040581;44587239;7867371;0;2085691;16596464;5709658;76846423;0;0;0;22886124;0;22886124;99732547;4480000;0;5954250;78771352;0;3102432;92308034;192040581;
46261;860064081;2019-12-31;2018;MILES;1257465;6640194;46342801;15234634;69475094;119687059;0;0;4558961;0;124246020;193721114;18354912;8155978;0;2299792;16451373;5631028;50893083;26833353;0;0;22959980;0;49793333;100686416;4480000;0;5642417;79809849;0;3102432;93034698;193721114;
46262;860007884;2019-12-31;2019;MILES;3902565;3955410;14461349;46479774;68799098;58395693;0;0;1060575;0;59456268;128255366;56940319;5055824;0;2303260;4942848;7553671;76795922;4430674;0;5609052;0;32801;10072527;86868449;6136100;0;1242569;19666869;0;14341379;41386917;128255366;
46263;860007884;2019-12-31;2018;MILES;4293052;3690139;16007454;44746673;68737318;59254217;0;0;1839362;0;61093579;129830897;57500448;8178937;0;2194608;5698791;2236287;75809071;7189504;0;5623989;0;30217;12843710;88652781;6136100;0;1242569;19458068;0;14341379;41178116;129830897;
46264;860047876;2019-12-31;2019;MILES;1609;678208;1517826;1201863;3399506;13159819;0;0;22656926;0;35816745;39216251;60374;1677192;0;43583;297111;0;2078260;0;0;2611353;0;5498645;8109998;10188258;1655000;2919358;300000;-5717758;0;29871393;29027993;39216251;
46265;860047876;2019-12-31;2018;MILES;179420;695422;4361005;2096024;7331871;14973227;0;0;20709895;0;35683122;43014993;609525;8659859;0;249319;410044;0;9928747;0;0;9209894;0;3311595;12521489;22450236;1655000;2919358;300000;-1403269;0;17093668;20564757;43014993;
46266;900309264;2019-12-31;2019;MILES;195684;0;1535193;0;1730877;565269;0;0;94339298;0;94904567;96635444;210000;4302677;0;0;18134;4;4530815;665000;0;0;0;0;665000;5195815;14286;6349254;9551455;75524634;0;0;91439629;96635444;
46267;900309264;2019-12-31;2018;MILES;88619;0;3149284;0;3237903;577074;0;0;90312700;0;90889774;94127677;0;6087344;0;0;44024;0;6131368;0;0;0;0;0;0;6131368;14286;6349254;5742520;75890249;0;0;87996309;94127677;
46268;900036975;2019-12-31;2019;MILES;644148;21647;509717;0;1175512;3072172;0;0;2870987;0;5943159;7118671;194444;3001239;0;5660;12728;0;3214071;0;0;0;0;0;0;3214071;176000;0;40000;3688600;0;0;3904600;7118671;
46269;900036975;2019-12-31;2018;MILES;21238;17073;248807;0;287118;2853655;0;0;2735252;0;5588907;5876025;0;1863258;0;7288;26991;0;1897537;0;0;0;0;0;0;1897537;176000;0;40000;3762488;0;0;3978488;5876025;
46270;900114274;2019-12-31;2019;MILES;3822;0;0;0;3822;0;0;0;42495446;0;42495446;42499268;0;606901;0;0;4054;0;610955;0;0;0;0;0;0;610955;48000;0;1320529;4055451;0;36464333;41888313;42499268;
46271;900114274;2019-12-31;2018;MILES;1446;0;0;0;1446;0;0;0;40146744;0;40146744;40148190;0;419282;0;0;10002;0;429284;0;0;0;0;0;0;429284;48000;0;1320529;2048576;0;36301801;39718906;40148190;
46272;800065590;2019-12-31;2019;MILES;264273;1434127;1978451;247478;3924329;683356;0;0;0;0;683356;4607685;69606;588608;0;57137;279811;0;995162;0;434804;48074;0;0;482878;1478040;800000;0;217509;2112136;0;0;3129645;4607685;
46273;800065590;2019-12-31;2018;MILES;243737;739448;2094466;370699;3448350;716259;0;0;0;0;716259;4164609;48499;855124;0;49588;200579;0;1153790;0;109852;48074;0;0;157926;1311716;800000;0;217509;1835384;0;0;2852893;4164609;
46274;900395986;2019-12-31;2019;MILES;2733080;229513;721296;0;3683889;27949410;0;0;0;0;27949410;31633299;0;272464;0;0;434600;5031621;5738685;0;0;0;0;0;0;5738685;2040000;3460000;5952811;14441803;0;0;25894614;31633299;
46275;900395986;2019-12-31;2018;MILES;3653825;0;1368786;0;5022611;27529160;0;0;0;0;27529160;32551771;0;5994838;0;0;969920;298326;7263084;0;0;0;0;0;0;7263084;2040000;3460000;5952811;13835876;0;0;25288687;32551771;
46276;805012199;2019-12-31;2019;MILES;521529;35447;1548208;0;2105184;420161;0;674507;121836601;0;122931269;125036453;0;361337;0;23223;3992;0;388552;0;0;78886;0;24422;103308;491860;6000;0;5609810;118928783;0;0;124544593;125036453;
46277;805012199;2019-12-31;2018;MILES;21904;3968;4098164;0;4124036;304589;0;689659;121721204;0;122715452;126839488;0;284177;0;14428;6994;0;305599;0;0;77783;0;26759;104542;410141;6000;0;4047955;122375392;0;0;126429347;126839488;
46278;900671982;2019-12-31;2019;MILES;327999;384634;12019;0;724652;4218;17549378;718277;-17548278;17549378;18272973;18997625;15533644;91516;0;110721;26264;26181;15788326;0;0;9577;0;1130435;1140012;16928338;516769;6512414;0;-4959896;0;0;2069287;18997625;
46279;900671982;2019-12-31;2018;MILES;248816;305346;364427;0;918589;6394;26815930;718277;-26814830;26815930;27541701;28460290;15403815;107673;0;107700;53218;20033;15692439;0;0;5267;0;8900189;8905456;24597895;516769;6512414;0;-3166788;0;0;3862395;28460290;
46280;800247875;2019-12-31;2019;MILES;62965;0;4339189;2760109;7162263;4394232;106536;0;1359806;106536;5967110;13129373;3415011;3399135;0;265436;556691;0;7636273;0;200411;4408;0;0;204819;7841092;300000;0;252106;4726621;0;9554;5288281;13129373;
46281;800247875;2019-12-31;2018;MILES;248002;0;3573264;4198246;8019512;4022179;79613;0;1376369;79613;5557774;13577286;3574924;4347828;0;232005;118844;0;8273601;0;0;0;0;0;0;8273601;300000;0;252106;4528070;0;223509;5303685;13577286;
46282;890929088;2019-12-31;2019;MILES;7320690;2092300;8566465;1004652;18984107;118637758;0;17589429;340471769;0;476698956;495683063;0;959146;0;185463;270520;0;1415129;0;0;14042908;0;0;14042908;15458037;880737;0;22916131;456428158;0;0;480225026;495683063;
46283;890929088;2019-12-31;2018;MILES;8071947;2651088;15247828;1783129;27753992;118713309;0;17904744;339853627;0;476471680;504225672;0;8249654;0;174617;197136;0;8621407;0;0;14872827;0;0;14872827;23494234;880737;0;2581846;477268855;0;0;480731438;504225672;
46284;901109004;2019-12-31;2019;MILES;5792;18813707;0;0;18819499;636702;2028135;1369760;16911793;2028135;22974525;41794024;0;1998;0;0;86496;341555;430049;0;0;1484567;0;0;1484567;1914616;1367213;89798849;52833;-51339487;0;0;39879408;41794024;
46285;901109004;2019-12-31;2018;MILES;7277;16857740;11037;0;16876054;288395;2876514;803985;39543143;2876514;46388551;63264605;0;7179;0;0;225164;341555;573898;0;0;825584;0;0;825584;1399482;1357663;89242624;52833;-28787997;0;0;61865123;63264605;
46286;900428574;2019-12-31;2019;MILES;1613463;27329;2196717;443212;4280721;4237994;0;0;103666;0;4341660;8622381;1169388;1476388;0;89452;324014;346435;3405677;25528;0;42130;0;0;67658;3473335;500000;0;0;4649046;0;0;5149046;8622381;
46287;900428574;2019-12-31;2018;MILES;1480833;26622;1964418;288813;3760686;2628123;0;0;988150;0;3616273;7376959;269394;806306;0;65342;304516;615347;2060905;150002;0;30836;0;0;180838;2241743;500000;0;0;4635216;0;0;5135216;7376959;
46288;890405999;2019-12-31;2019;MILES;483146;17007;216161;133000;849314;2311994;0;0;20000;0;2331994;3181308;0;1954325;0;0;0;0;1954325;0;0;0;0;0;0;1954325;300000;450000;75000;401983;0;0;1226983;3181308;
46289;890405999;2019-12-31;2018;MILES;408091;18377;313337;129066;868871;2659511;0;0;20000;0;2679511;3548382;0;2398141;0;0;0;0;2398141;0;0;0;0;0;0;2398141;300000;450000;75000;325241;0;0;1150241;3548382;
46290;901259780;2019-12-31;2019;MILES;43219181;0;2049134;0;45268315;170616934;1612466;0;-257920;1612466;173583946;218852261;78000000;8165775;0;0;137911;0;86303686;0;0;4012555;0;0;4012555;90316241;163867;30862319;0;60011410;0;37498424;128536020;218852261;
46291;901259780;2019-12-31;2018;MILES;77755;418363;3121407;0;3617525;174352790;0;0;3113600;0;177466390;181083915;0;7461690;0;0;942866;0;8404556;0;0;13701525;0;0;13701525;22106081;55650;0;0;50394037;0;108528147;158977834;181083915;
46292;804002491;2019-12-31;2019;MILES;37104;830073;4337506;106966;5311649;214589;14987146;1104099;-14826597;14987146;16466383;21778032;0;3617038;0;1717;2056620;1326711;7002086;0;0;185985;0;869430;1055415;8057501;75000;0;138699;13506832;0;0;13720531;21778032;
46293;804002491;2019-12-31;2018;MILES;40754;635138;4229417;61385;4966694;260502;9371428;1101191;-9229619;9371428;10874930;15841624;0;1913610;0;2324;1588304;1564582;5068820;0;0;191194;0;1068777;1259971;6328791;75000;0;138699;9299134;0;0;9512833;15841624;
46294;800118787;2019-12-31;2019;MILES;40734;0;2248381;17035013;19324128;1661605;0;4175747;69000;0;5906352;25230480;90202;573837;0;132776;17715;0;814530;7418700;0;0;0;9881294;17299994;18114524;657000;0;0;6458956;0;0;7115956;25230480;
46295;800118787;2019-12-31;2018;MILES;420956;0;728936;11920974;13070866;1781870;0;3963042;126731;0;5871643;18942509;70003;497777;0;83222;5309;0;656311;4432777;0;0;0;6910196;11342973;11999284;657000;0;0;6286225;0;0;6943225;18942509;
46296;900192581;2019-12-31;2019;MILES;1352888;5520780;1157657;0;8031325;12925557;0;0;2484726;0;15410283;23441608;869539;2316;0;34939;13196;674392;1594382;0;0;899616;0;1124244;2023860;3618242;2956183;7313678;1262453;6339923;0;1951129;19823366;23441608;
46297;900192581;2019-12-31;2018;MILES;1244809;3234503;209309;0;4688621;22411597;0;0;2246604;0;24658201;29346822;1379912;5034;0;28482;56404;649391;2119223;4300821;0;846415;0;4443806;9591042;11710265;2936182;3618209;1262453;7116729;0;2702984;17636557;29346822;
46298;800051084;2019-12-31;2019;MILES;2;51628;4105;0;55735;530000;899061;778763;2111714;899061;5218599;5274334;0;2266;0;0;122419;0;124685;0;35636;54715;0;0;90351;215036;27182;0;0;1102600;0;3929516;5059298;5274334;
46299;800051084;2019-12-31;2018;MILES;89;6697;27909;0;34695;581021;1170895;751976;4593996;1170895;8268783;8303478;0;4897;0;0;7674;0;12571;0;3876489;0;0;0;3876489;3889060;27182;0;0;469027;0;3918209;4414418;8303478;
46300;816001564;2019-12-31;2019;MILES;185622;298850;4126382;2286283;6897137;31953;0;337460;0;0;369413;7266550;0;382991;0;0;17924;448145;849060;4434502;859264;0;325840;2303711;7923317;8772377;500000;0;333953;-2339780;0;0;-1505827;7266550;
46301;816001564;2019-12-31;2018;MILES;219932;229525;4875776;2855219;8180452;91468;0;499460;0;0;590928;8771380;0;334731;0;0;20691;164120;519542;4456642;859291;0;325840;2275919;7917692;8437234;500000;0;333953;-499807;0;0;334146;8771380;
46302;805013176;2019-12-31;2019;MILES;2965;55164;21684;0;79813;245373;1156498;0;1708657;1156498;4267026;4346839;417769;3;0;0;6;4451;422229;45240;3169781;0;0;0;3215021;3637250;205000;0;102500;402089;0;0;709589;4346839;
46303;805013176;2019-12-31;2018;MILES;1725;46861;0;0;48586;286748;1760877;0;351416;1760877;4159918;4208504;250314;6633;0;0;0;4595;261542;90598;2912935;0;0;0;3003533;3265075;205000;0;102500;635929;0;0;943429;4208504;
46304;802023873;2019-12-31;2019;MILES;6913;0;3713208;351046;4071167;3779798;0;0;25000;0;3804798;7875965;0;1550998;0;200418;743423;0;2494839;1046911;212604;0;1958287;42016;3259818;5754657;200000;0;147333;1773975;0;0;2121308;7875965;
46305;802023873;2019-12-31;2018;MILES;227890;0;1525223;175226;1928339;3956007;0;0;25000;0;3981007;5909346;0;631263;0;68155;745578;0;1444996;1113147;55817;0;994817;16480;2180261;3625257;200000;0;143956;1940133;0;0;2284089;5909346;
46306;891300882;2019-12-31;2019;MILES;24665;4399587;1231165;0;5655417;35665871;3893458;0;-1470819;3893458;41981968;47637385;985115;759736;0;234827;4901;0;1984579;8950325;1812257;0;0;541144;11303726;13288305;1500000;3724038;1202277;27922765;0;0;34349080;47637385;
46307;891300882;2019-12-31;2018;MILES;52142;4348754;952340;0;5353236;35264678;3614139;0;-1205954;3614139;41287002;46640238;1725722;556193;0;238385;70843;0;2591143;7721079;1702078;0;0;606350;10029507;12620650;1500000;3724038;993029;27802521;0;0;34019588;46640238;
46308;811043174;2019-12-31;2019;MILES;6606446;3468834;30609675;23583641;64268596;27489118;0;0;2466219;0;29955337;94223933;16056466;19163555;0;400996;8005994;151903;43778914;7965144;0;0;0;0;7965144;51744058;8402540;0;13312511;12656981;0;8107843;42479875;94223933;
46309;811043174;2019-12-31;2018;MILES;2718075;5981164;40299833;12789107;61788179;24462668;0;0;2203790;0;26666458;88454637;13660916;16596063;0;382119;8407062;1017008;40063168;13764995;0;0;0;0;13764995;53828163;8402540;0;13312511;4803580;0;8107843;34626474;88454637;
46310;890404273;2019-12-31;2019;MILES;66356;760113;7746420;196684;8769573;20732793;0;152180;6041197;0;26926170;35695743;1060486;1409166;0;614760;0;834196;3918608;8951844;0;7849601;0;0;16801445;20720053;2033000;0;1242850;11547660;0;152180;14975690;35695743;
46311;890404273;2019-12-31;2018;MILES;168416;987891;7215910;201595;8573812;20662068;0;152180;5901490;0;26715738;35289550;1928103;1472114;0;697541;0;899943;4997701;7469628;0;7938771;0;0;15408399;20406100;2033000;0;1242850;11455420;0;152180;14883450;35289550;
46312;800129789;2019-12-31;2019;MILES;21170;51305;3313105;0;3385580;129402;0;0;0;0;129402;3514982;0;185447;126279;44676;9594;0;365996;0;0;11029;0;886357;897386;1263382;200467;0;82996;1968137;0;0;2251600;3514982;
46313;800129789;2019-12-31;2018;MILES;309786;507298;3520110;366763;4703957;182799;0;0;647;0;183446;4887403;1802;1583083;60000;50535;45457;0;1740877;0;0;11029;0;1043769;1054798;2795675;200467;0;59988;1831273;0;0;2091728;4887403;
46314;829000980;2019-12-31;2019;MILES;169134;0;6045816;358064;6573014;21520057;314528;0;14282916;314528;36432029;43005043;420133;3863243;0;277611;38392;185383;4784762;20969017;9729048;740250;0;1670059;33108374;37893136;1724646;2691556;41731;653974;0;0;5111907;43005043;
46315;829000980;2019-12-31;2018;MILES;24340;21217;5057500;169801;5272858;9978945;1286146;0;-855341;1286146;11695896;16968754;470599;3414004;0;297398;75955;0;4257956;4858094;0;0;0;3159449;8017543;12275499;1143612;0;41731;3507912;0;0;4693255;16968754;
46316;900469586;2019-12-31;2019;MILES;19537;0;1719809;0;1739346;0;0;0;12562898;0;12562898;14302244;0;1835413;0;0;0;0;1835413;0;0;0;0;0;0;1835413;160000;1618098;1167068;9521665;0;0;12466831;14302244;
46317;900469586;2019-12-31;2018;MILES;6131;0;1291545;0;1297676;0;0;0;12047051;0;12047051;13344727;0;1877956;0;0;0;0;1877956;0;0;0;0;0;0;1877956;160000;1618098;936287;8752386;0;0;11466771;13344727;
46318;860532188;2019-12-31;2019;MILES;891589;4791873;7395446;9201220;22280128;4495897;0;0;1673326;0;6169223;28449351;7917172;2781215;93207;319542;334611;0;11445747;2300000;6077313;1062514;0;0;9439827;20885574;4000000;0;384957;3178820;0;0;7563777;28449351;
46319;860532188;2019-12-31;2018;MILES;881676;8393658;8150530;7086053;24511917;4030203;0;0;1793625;0;5823828;30335745;8698683;9021029;163283;271045;1133606;0;19287646;2700000;0;1083879;0;0;3783879;23071525;4000000;0;371810;2892410;0;0;7264220;30335745;
46320;890504581;2019-12-31;2019;MILES;88437;232024;20984;0;341445;2343;0;1151418;10343;0;1164104;1505549;0;89904;0;0;571729;0;661633;0;0;0;0;0;0;661633;760343;0;1291365;-1207792;0;0;843916;1505549;
46321;890504581;2019-12-31;2018;MILES;41614611;306062;4316222;0;46236895;2066840;0;7087348;35098162;0;44252350;90489245;0;205871;0;0;822571;23051;1051493;0;0;0;0;0;0;1051493;7728018;4846055;18604119;58259560;0;0;89437752;90489245;
46322;900259779;2019-12-31;2019;MILES;150380;9061787;3954309;451388;13617864;12163332;0;0;3047942;0;15211274;28829138;6117085;5433817;106620;286302;121663;1203018;13268505;4684030;0;827912;0;0;5511942;18780447;1113385;281713;5853811;2799782;0;0;10048691;28829138;
46323;900259779;2019-12-31;2018;MILES;31754;8962453;2805784;957689;12757680;11248580;0;0;1923620;0;13172200;25929880;6518085;3918373;0;200789;22914;436703;11096864;5933627;0;1004371;0;0;6937998;18034862;1113385;281713;4574889;1925031;0;0;7895018;25929880;
46324;800046874;2019-12-31;2019;MILES;529806;914220;7387256;4939774;13771056;8640107;0;0;119006;0;8759113;22530169;2826374;2649974;0;0;0;2961643;8437991;4617962;0;205245;0;0;4823207;13261198;1000000;1200000;1730679;5338292;0;0;9268971;22530169;
46325;800046874;2019-12-31;2018;MILES;566606;832818;7043886;4130295;12573605;7758053;0;0;339448;0;8097501;20671106;1580829;3107800;0;0;0;2997834;7686463;3424328;0;254693;0;0;3679021;11365484;1000000;800000;1706509;6199113;0;-400000;9305622;20671106;
46326;890913372;2019-12-31;2019;MILES;1622551;0;1074993;0;2697544;291535;1250206;13479935;642602;1250206;16914484;19612028;0;451375;0;0;43429;0;494804;0;132835;804555;0;0;937390;1432194;1500000;0;760580;15919254;0;0;18179834;19612028;
46327;890913372;2019-12-31;2018;MILES;1477202;0;566047;0;2043249;298823;1193225;13178880;652868;1193225;16517021;18560270;0;414493;0;0;50349;0;464842;0;159070;806960;0;0;966030;1430872;1500000;0;741400;14887998;0;0;17129398;18560270;
46328;804008680;2019-12-31;2019;MILES;643438;200352;595371;0;1439161;275919;0;0;0;0;275919;1715080;0;449976;0;0;57911;28484;536371;0;50;0;0;0;50;536421;15000;0;24703;1003927;0;135029;1178659;1715080;
46329;804008680;2019-12-31;2018;MILES;124473;312371;811268;0;1248112;121119;0;0;0;0;121119;1369231;0;1558;0;0;161457;4134;167149;0;0;0;0;64535;64535;231684;15000;0;24703;962815;0;135029;1137547;1369231;
46330;830054682;2019-12-31;2019;MILES;6113;48222;95668;0;150003;0;0;0;12680367;0;12680367;12830370;0;821;0;0;10;0;831;0;0;0;0;0;0;831;600000;0;35125;12194414;0;0;12829539;12830370;
46331;830054682;2019-12-31;2018;MILES;16334;55337;649367;0;721038;0;0;0;11127462;0;11127462;11848500;0;2606;0;0;12223;0;14829;0;0;0;0;1588030;1588030;1602859;600000;0;35125;9610516;0;0;10245641;11848500;
46332;900387190;2019-12-31;2019;MILES;1118;9753;44;0;10915;0;0;0;137224395;0;137224395;137235310;0;237337;0;0;233;0;237570;0;0;0;0;0;0;237570;1000;0;128071048;8925692;0;0;136997740;137235310;
46333;900387190;2019-12-31;2018;MILES;4869;6101;0;0;10970;0;0;0;132140641;0;132140641;132151611;0;2905619;0;0;191;0;2905810;0;0;0;0;0;0;2905810;1000;0;111022621;18222180;0;0;129245801;132151611;
46334;900760172;2019-12-31;2019;MILES;53231;0;57202;0;110433;0;0;0;9084355;0;9084355;9194788;0;0;0;0;2437;0;2437;0;0;0;0;0;0;2437;151901;0;89229;7284623;0;1666598;9192351;9194788;
46335;900760172;2019-12-31;2018;MILES;130605;0;77000;0;207605;0;0;0;8690344;0;8690344;8897949;0;0;0;0;1424;391;1815;0;0;0;0;0;0;1815;151901;0;75950;7443938;0;1224345;8896134;8897949;
46336;900472789;2019-12-31;2019;MILES;72032;118118;2040384;0;2230534;31684616;3910780;789120;18373240;3910780;58668536;60899070;0;823874;0;0;490806;25845;1340525;0;0;1946238;0;0;1946238;3286763;4369890;8276664;16365643;12607293;0;15992817;57612307;60899070;
46337;900472789;2019-12-31;2018;MILES;143192;81815;1447271;0;1672278;33665445;2953871;789120;16782651;2953871;57144958;58817236;666667;244103;0;0;370917;25048;1306735;391025;0;2031299;0;0;2422324;3729059;4369890;8276664;14722515;9523150;0;18195958;55088177;58817236;
46338;890114076;2019-12-31;2019;MILES;3840898;0;1491689;0;5332587;42190291;62783789;9942575;310388157;62783789;488088601;493421188;0;8842;0;0;830793;0;839635;0;20492149;51936527;0;12549862;84978538;85818173;792068;41299669;28834;365482444;0;0;407603015;493421188;
46339;890114076;2019-12-31;2018;MILES;932276;0;981176;0;1913452;52087364;27792783;0;315342429;27792783;423015359;424928811;0;4;0;0;117924;0;117928;0;18861822;9121021;0;4744536;32727379;32845307;792068;41299669;28834;349962933;0;0;392083504;424928811;
46340;900423076;2019-12-31;2019;MILES;29014;4;372;0;29390;0;0;0;21703573;0;21703573;21732963;0;11471;0;0;0;5468;16939;0;20482082;0;0;0;20482082;20499021;200000;13348324;0;-21652865;0;9338483;1233942;21732963;
46341;900423076;2019-12-31;2018;MILES;2755;41;339;0;3135;0;0;0;13606674;0;13606674;13609809;0;12192;0;0;0;297;12489;0;19250473;0;0;0;19250473;19262962;200000;13348324;0;-27462423;0;8260946;-5653153;13609809;
46342;900018278;2019-12-31;2019;MILES;1348;7867;220810;0;230025;1103522;0;0;529350;0;1632872;1862897;0;1126736;0;0;19188;0;1145924;0;0;0;0;0;0;1145924;1350000;0;8400;-641427;0;0;716973;1862897;
46343;900018278;2019-12-31;2018;MILES;867;8707;219793;0;229367;1168442;0;0;529350;0;1697792;1927159;0;1205894;0;0;14466;0;1220360;0;0;0;0;0;0;1220360;1350000;0;8400;-651601;0;0;706799;1927159;
46344;900983976;2019-12-31;2019;MILES;5342931;274756;25625188;76250178;107493053;0;0;18052292;38131575;0;56183867;163676920;3449631;1425743;0;72672;394942;0;5342988;0;122467975;0;0;0;122467975;127810963;100000;0;50000;35715957;0;0;35865957;163676920;
46345;900983976;2019-12-31;2018;MILES;246273;75;11754669;71054587;83055604;0;0;0;127125572;0;127125572;210181176;0;803573;0;52791;609336;0;1465700;0;164048109;0;0;0;164048109;165513809;100000;0;50000;44517367;0;0;44667367;210181176;
46346;860036374;2019-12-31;2019;MILES;123490;37293;2131;0;162914;0;5265694;2100000;-564055;5265694;12067333;12230247;0;8509;0;0;11698;362305;382512;0;0;414135;0;0;414135;796647;6150;0;3075;11424375;0;0;11433600;12230247;
46347;860036374;2019-12-31;2018;MILES;1146370;51133;69586;0;1267089;124000;5034445;2100000;-1370402;5034445;10922488;12189577;0;22838;0;0;49608;602054;674500;0;0;427528;0;0;427528;1102028;6150;0;3075;11078324;0;0;11087549;12189577;
46348;860523574;2019-12-31;2019;MILES;64155;0;248336;0;312491;0;0;0;9594411;0;9594411;9906902;0;363517;0;0;0;0;363517;0;705046;0;0;0;705046;1068563;100;0;6470419;2367820;0;0;8838339;9906902;
46349;860523574;2019-12-31;2018;MILES;32311;0;139593;0;171904;0;495937;0;9098474;495937;10090348;10262252;0;243717;0;0;5305;400;249422;0;861148;0;0;0;861148;1110570;100;0;6979275;2172307;0;0;9151682;10262252;
46350;811045777;2019-12-31;2019;MILES;319054;0;631581;0;950635;2882876;0;0;1657438;0;4540314;5490949;0;1628876;0;0;10656;2126;1641658;0;0;137036;0;0;137036;1778694;5000;0;2098239;1609016;0;0;3712255;5490949;
46351;811045777;2019-12-31;2018;MILES;183240;0;73896;0;257136;2449164;497444;0;1801410;497444;5245462;5502598;0;6689;0;0;29628;57407;93724;0;1465841;141284;0;0;1607125;1700849;5000;0;2398239;1398510;0;0;3801749;5502598;
46352;900352277;2019-12-31;2019;MILES;1152407;0;90555;0;1242962;0;0;4290790;600000;0;4890790;6133752;0;4203321;0;0;88831;0;4292152;0;0;0;0;0;0;4292152;45000;1405000;9954;381646;0;0;1841600;6133752;
46353;900352277;2019-12-31;2018;MILES;824978;319351;0;0;1144329;0;0;4025508;600000;0;4625508;5769837;0;4011471;0;0;53693;0;4065164;0;0;0;0;0;0;4065164;45000;1405000;9954;244719;0;0;1704673;5769837;
46354;800188578;2019-12-31;2019;MILES;4506186;1246230;1919603;721445;8393464;1438154;2883100;0;-821995;2883100;6382359;14775823;140368;2290040;0;53132;428811;277696;3190047;250843;1222215;28039;0;0;1501097;4691144;1200000;0;2155989;6728690;0;0;10084679;14775823;
46355;800188578;2019-12-31;2018;MILES;5761258;629110;2033551;385314;8809233;1299819;2132766;0;-46205;2132766;5519146;14328379;10451;3704956;0;54934;76364;235293;4081998;254907;584804;42277;0;0;881988;4963986;1200000;0;2155989;6008404;0;0;9364393;14328379;
46356;800181975;2019-12-31;2019;MILES;0;0;8466;0;8466;0;0;0;21593300;0;21593300;21601766;0;41258;0;0;0;0;41258;0;0;0;0;0;0;41258;150000;0;5817753;12892894;0;2699861;21560508;21601766;
46357;800181975;2019-12-31;2018;MILES;0;0;8466;0;8466;0;0;0;15459602;0;15459602;15468068;0;31328;0;0;0;0;31328;0;0;0;0;0;0;31328;150000;0;4562777;8024102;0;2699861;15436740;15468068;
46358;900062985;2019-12-31;2019;MILES;3352949;404033;643929;0;4400911;5895994;0;0;121068929;0;126964923;131365834;0;96985;0;0;1546;0;98531;0;0;882270;0;0;882270;980801;2000;2528181;5893352;121961500;0;0;130385033;131365834;
46359;900062985;2019-12-31;2018;MILES;2460774;5373;3467995;0;5934142;5680324;0;0;120933075;0;126613399;132547541;0;1932547;0;0;31686;0;1964233;0;0;1041739;0;0;1041739;3005972;2000;2528181;1671776;125339612;0;0;129541569;132547541;
46360;800185776;2019-12-31;2019;MILES;60319;3355;1844575;0;1908249;1981113;1875976;960745;1970890;1875976;8664700;10572949;16872;0;0;3621;106934;3545;130972;0;4589584;0;0;0;4589584;4720556;1139042;2888198;141914;1683239;0;0;5852393;10572949;
46361;800185776;2019-12-31;2018;MILES;36697;0;1210082;0;1246779;2071799;1871974;960745;1374892;1871974;8151384;9398163;35238;0;0;3560;152041;1985;192824;0;3717756;0;0;0;3717756;3910580;1139042;2888198;103140;1357203;0;0;5487583;9398163;
46362;813007077;2019-12-31;2019;MILES;720670;3087674;12014024;286450;16108818;16656209;0;0;631999;0;17288208;33397026;6947426;2450662;0;1119106;276471;1872184;12665849;5460046;0;0;0;374407;5834453;18500302;5340000;11528769;15929;-1987974;0;0;14896724;33397026;
46363;813007077;2019-12-31;2018;MILES;386793;3763609;9428236;0;13578638;16420732;0;0;562564;0;16983296;30561934;5480652;2084879;0;1010458;414756;2512073;11502818;4899103;0;0;0;1764242;6663345;18166163;5318160;9193753;15929;-2132071;0;0;12395771;30561934;
46364;890306172;2019-12-31;2019;MILES;151556;1011316;4024355;0;5187227;153671502;0;0;2730135;0;156401637;161588864;54003;5351718;0;156174;277048;0;5838943;31065877;0;20372859;0;257994;51696730;57535673;700000;55589;1236161;17363706;0;84697735;104053191;161588864;
46365;890306172;2019-12-31;2018;MILES;2969864;1044459;5240049;0;9254372;149037705;0;0;1683778;0;150721483;159975855;90181;5323396;0;125385;1889886;0;7428848;31410927;0;20486843;0;268494;52166264;59595112;700000;55589;1236161;13691258;0;84697735;100380743;159975855;
46366;890200179;2019-12-31;2019;MILES;4883991;6885396;29187934;44327485;85284806;46661610;0;0;11180206;0;57841816;143126622;54503105;8963669;1704801;0;9792101;6881460;81845136;2798527;0;408144;0;10718739;13925410;95770546;13902500;0;2777344;4489070;0;26187162;47356076;143126622;
46367;890200179;2019-12-31;2018;MILES;3233057;7600868;26875011;33590298;71299234;45923706;0;0;7950992;0;53874698;125173932;48357761;8347296;1835872;0;9398722;4316668;72256319;1207660;0;199899;0;8328738;9736297;81992616;12942500;0;3077208;974446;0;26187162;43181316;125173932;
46368;900308782;2019-12-31;2019;MILES;1000;0;205161;182306;388467;15868792;3112016;0;-250309;3112016;21842515;22230982;0;1120342;0;12677;424010;0;1557029;7914424;2652352;941253;0;151953;11659982;13217011;13298342;5;0;-4284376;0;0;9013971;22230982;
46369;900308782;2019-12-31;2018;MILES;1000;0;82686;213501;297187;15987036;2878432;0;1240959;2878432;22984859;23282046;0;1070346;0;11566;483482;0;1565394;6885186;2816285;922524;0;141636;10765631;12331025;13298342;5;0;-2347326;0;0;10951021;23282046;
46370;900319291;2019-12-31;2019;MILES;6319002;1312910;934272;0;8566184;105925;0;0;13429389;0;13535314;22101498;841507;1946166;53761;0;517699;220688;3579821;4520000;726420;0;0;0;5246420;8826241;11523808;0;1533832;217617;0;0;13275257;22101498;
46371;900319291;2019-12-31;2018;MILES;3285991;1002789;893335;0;5182115;277480;0;0;10058794;0;10336274;15518389;2385314;2456051;0;0;548071;225317;5614753;2988873;2266433;0;0;0;5255306;10870059;3044998;0;768729;834603;0;0;4648330;15518389;
46372;807006174;2019-12-31;2019;MILES;1495763;1502040;1288874;27877922;32164599;2456714;2231503;196094;22601775;2231503;29717589;61882188;214894;5455052;0;185790;248485;270808;6375029;20461615;7413729;431628;0;9650770;37957742;44332771;2000000;0;562974;14986443;0;0;17549417;61882188;
46373;807006174;2019-12-31;2018;MILES;2660487;984224;1914319;31622814;37181844;2084209;5192955;189827;22481032;5192955;35140978;72322822;61540;3529572;0;216245;535031;180878;4523266;27051344;12716444;373391;0;15156060;55297239;59820505;2000000;0;541846;9960471;0;0;12502317;72322822;
46374;890406491;2019-12-31;2019;MILES;6917677;16591252;3433907;2584535;29527371;9129685;0;651982;35433;0;9817100;39344471;864458;2425775;0;0;1421225;3356106;8067564;0;0;2324552;0;10074597;12399149;20466713;891000;1831800;426565;8475131;0;7253262;18877758;39344471;
46375;890406491;2019-12-31;2018;MILES;11159011;12611654;2483689;1719615;27973969;9563539;0;651982;5739;0;10221260;38195229;500000;2256005;0;0;268662;8226367;11251034;0;0;2141915;0;7390249;9532164;20783198;891000;1831800;426565;7009404;0;7253262;17412031;38195229;
46376;901032289;2019-12-31;2019;MILES;435966;0;160377;0;596343;0;0;0;303195600;0;303195600;303791943;0;10106;0;0;0;0;10106;0;0;0;0;0;0;10106;3931128;0;85665836;118392871;0;95792002;303781837;303791943;
46377;901032289;2019-12-31;2018;MILES;47905;2756;812438;0;863099;0;0;0;264709540;0;264709540;265572639;0;0;0;0;375723;0;375723;0;0;0;0;0;0;375723;3931128;0;85665836;72150606;0;103449346;265196916;265572639;
46378;900552776;2019-12-31;2019;MILES;94613;1088791;0;0;1183404;6290406;0;0;6837519;0;13127925;14311329;0;10088;0;17461;30283;1556940;1614772;0;0;967111;0;0;967111;2581883;10000;2694752;3792704;286565;0;4945425;11729446;14311329;
46379;900552776;2019-12-31;2018;MILES;64210;1649311;0;0;1713521;854119;0;0;2868361;0;3722480;5436001;0;55487;0;13625;16713;2376527;2462352;0;0;0;0;0;0;2462352;10000;2694752;9372;259525;0;0;2973649;5436001;
46380;830095937;2019-12-31;2019;MILES;25663;237979;2816941;0;3080583;0;0;0;34169709;0;34169709;37250292;2425888;2554853;0;0;11920;0;4992661;0;0;3027175;0;0;3027175;8019836;400000;0;2218788;26611668;0;0;29230456;37250292;
46381;830095937;2019-12-31;2018;MILES;25113;237980;3566692;0;3829785;0;0;0;25383537;0;25383537;29213322;2588447;2036896;0;0;2158;0;4627501;0;0;2223559;0;0;2223559;6851060;400000;0;4396445;17565817;0;0;22362262;29213322;
46382;860009487;2019-12-31;2019;MILES;357865;35806598;1663656;0;37828119;1194680;0;7956160;201031775;0;210182615;248010734;0;367947;0;0;923543;46900;1338390;0;10984410;12696354;0;0;23680764;25019154;1241813;168561918;23380952;29253164;0;553733;222991580;248010734;
46383;860009487;2019-12-31;2018;MILES;422207;41836658;593098;0;42851963;1231186;0;7956160;195894666;0;205082012;247933975;0;3514580;0;0;2555550;48094;6118224;0;11709038;11318539;0;0;23027577;29145801;776133;168561918;10152413;38743977;0;553733;218788174;247933975;
46384;860027583;2019-12-31;2019;MILES;1296507;29194647;3259290;228090;33978534;1014513;0;118357797;0;0;119372310;153350844;11961485;11603867;0;0;167701;5720728;29453781;35181943;2471100;0;0;0;37653043;67106824;18657880;0;13874447;53711693;0;0;86244020;153350844;
46385;860027583;2019-12-31;2018;MILES;1154461;16437761;683194;223013;18498429;1130839;0;113550252;0;0;114681091;133179520;10457190;9053880;0;0;661234;5901499;26073803;0;2484659;0;0;33500000;35984659;62058462;18657880;0;3030000;49433178;0;0;71121058;133179520;
46386;891855774;2019-12-31;2019;MILES;44007;13214832;9616033;1941649;24816521;6411108;0;0;141931;0;6553039;31369560;207584;190413;0;0;0;12691420;13089417;9497027;5894422;279942;0;74829;15746220;28835637;3106608;0;474077;-1259998;0;213236;2533923;31369560;
46387;891855774;2019-12-31;2018;MILES;54464;12788712;10240628;2310374;25394178;6371924;0;0;70366;0;6442290;31836468;257248;281714;0;0;0;12700897;13239859;9214415;5861306;289342;0;104299;15469362;28709221;3106608;0;474077;-453438;0;0;3127247;31836468;
46388;890911296;2019-12-31;2019;MILES;107;8549;0;0;8656;0;0;0;7579423;0;7579423;7588079;0;0;0;0;0;0;0;0;6105842;0;0;0;6105842;6105842;3138;17178;1569;1460352;0;0;1482237;7588079;
46389;890911296;2019-12-31;2018;MILES;93;8558;0;0;8651;0;0;0;7616917;0;7616917;7625568;0;0;0;0;0;0;0;0;6103839;0;0;0;6103839;6103839;3138;17178;1569;1499844;0;0;1521729;7625568;
46390;800133177;2019-12-31;2019;MILES;1424999;1672253;1863098;0;4960350;155452;0;230023116;93898477;0;324077045;329037395;5220762;153980;0;20747;2534196;15399;7945084;6695761;0;7102746;0;0;13798507;21743591;1770000;0;976866;304546938;0;0;307293804;329037395;
46391;800133177;2019-12-31;2018;MILES;1306567;1182632;1849500;0;4338699;186251;0;215952255;76012683;0;292151189;296489888;3755403;2061740;0;0;2647695;12881;8477719;3378572;0;8048289;0;0;11426861;19904580;1770000;0;976866;273838442;0;0;276585308;296489888;
46392;900536676;2019-12-31;2019;MILES;191849;43382;1655668;0;1890899;978668;0;0;5902867;0;6881535;8772434;0;5304591;0;5681;85217;0;5395489;0;0;17000;0;0;17000;5412489;10520;762637;0;2586788;0;0;3359945;8772434;
46393;900536676;2019-12-31;2018;MILES;15892;18671;1144626;0;1179189;1575218;0;0;9521360;0;11096578;12275767;0;9937402;0;4663;61279;0;10003344;0;0;0;0;0;0;10003344;10500;762637;0;1499286;0;0;2272423;12275767;
46394;804006673;2019-12-31;2019;MILES;1847162;330565;1143300;0;3321027;207556;580233;0;-142353;580233;1225669;4546696;207962;275701;0;602867;442736;0;1529266;150000;1003;0;0;0;151003;1680269;1000000;527567;378853;960007;0;0;2866427;4546696;
46395;804006673;2019-12-31;2018;MILES;433869;358522;1420356;0;2212747;197755;709221;0;1097855;709221;2714052;4926799;60800;271103;0;504184;439140;0;1275227;960100;248103;0;0;0;1208203;2483430;1000000;527567;343034;572768;0;0;2443369;4926799;
46396;900010077;2019-12-31;2019;MILES;280617;54225;7392065;5773611;13500518;8183263;273512;0;4420596;273512;13150883;26651401;5887981;5939903;0;117298;53482;0;11998664;0;2426507;738603;0;0;3165110;15163774;1500000;0;378689;3856262;0;5752676;11487627;26651401;
46397;900010077;2019-12-31;2018;MILES;491231;53829;4370641;2937506;7853207;6614861;203941;0;1499059;203941;8521802;16375009;2873582;4156992;0;81956;90836;0;7203366;0;2161561;1618994;0;0;3780555;10983921;1500000;0;310119;1470241;0;2110728;5391088;16375009;
46398;830068483;2019-12-31;2019;MILES;431599;0;2717081;0;3148680;104907;0;3971839;589410;0;4666156;7814836;239876;632795;0;96471;393019;0;1362161;0;0;651947;0;880763;1532710;2894871;950000;912062;280312;2777591;0;0;4919965;7814836;
46399;830068483;2019-12-31;2018;MILES;218840;0;4298608;0;4517448;106660;0;3415588;537266;0;4059514;8576962;170283;724114;0;73944;213791;0;1182132;0;0;1019584;0;2537786;3557370;4739502;450000;0;280312;3107148;0;0;3837460;8576962;
46400;860071072;2019-12-31;2019;MILES;1546817;372423;4637245;87416;6643901;360822;1573484;11314137;14464872;1573484;29286799;35930700;0;346619;0;48101;586108;0;980828;0;17396079;1750096;0;0;19146175;20127003;903360;0;0;14900337;0;0;15803697;35930700;
46401;860071072;2019-12-31;2018;MILES;1156194;333748;1237231;79865;2807038;192691;1636434;7577591;14799898;1636434;25843048;28650086;0;621501;0;38454;1976;0;661931;0;17181306;2535706;0;0;19717012;20378943;903360;0;0;7367783;0;0;8271143;28650086;
46402;891855573;2019-12-31;2019;MILES;768463;0;3721233;2998515;7488211;6107289;525240;0;2055544;525240;9213313;16701524;287300;1750986;102431;292904;0;0;2433621;274785;519717;173329;384308;0;1352139;3785760;2999704;5245192;1168019;3246952;0;255897;12915764;16701524;
46403;891855573;2019-12-31;2018;MILES;1032290;63555;2100608;3139189;6335642;6358054;525240;0;2068729;525240;9477263;15812905;668991;1361606;0;232495;0;0;2263092;449829;793668;173329;96237;37700;1550763;3813855;1837508;5245192;1064559;2433698;0;1418093;11999050;15812905;
46404;830113477;2019-12-31;2019;MILES;1951580;0;7464029;0;9415609;114701216;364048;0;90006450;364048;205435762;214851371;8887723;3771796;0;5855;222569;3106269;15994212;0;0;29878933;0;8116272;37995205;53989417;19741401;654990;30656486;107861211;0;1947866;160861954;214851371;
46405;830113477;2019-12-31;2018;MILES;4671475;0;1488406;0;6159881;19505329;985800;74696937;74588032;985800;170761898;176921779;8581990;2725815;0;0;1108606;1505895;13922306;0;0;27240339;0;765376;28005715;41928021;17400033;632282;19596262;97365181;0;0;134993758;176921779;
46406;800146378;2019-12-31;2019;MILES;0;243;0;0;243;0;530738;0;19410822;530738;20472298;20472541;0;59304;0;0;0;0;59304;0;0;0;0;0;0;59304;520500;0;163646;19729091;0;0;20413237;20472541;
46407;800146378;2019-12-31;2018;MILES;0;0;0;0;0;0;530738;0;19410822;530738;20472298;20472298;0;53597;0;0;848;0;54445;0;0;0;0;0;0;54445;520500;0;144348;19753005;0;0;20417853;20472298;
46408;802013476;2019-12-31;2019;MILES;1262685;510979;0;0;1773664;0;0;10003685;8363663;0;18367348;20141012;0;5384566;0;0;19159;0;5403725;0;0;110302;0;0;110302;5514027;3000000;0;120000;11506985;0;0;14626985;20141012;
46409;802013476;2019-12-31;2018;MILES;1299891;2496317;0;0;3796208;0;0;10003685;6079685;0;16083370;19879578;0;6737054;0;0;151401;0;6888455;0;5295027;135673;0;0;5430700;12319155;240000;0;120000;7200423;0;0;7560423;19879578;
46410;805007674;2019-12-31;2019;MILES;330684;11461940;17303455;22450599;51546678;13811533;497633;19732615;5270064;497633;39809478;91356156;14349764;23814501;0;0;616637;7576106;46357008;8489011;0;1645823;0;0;10134834;56491842;9609437;79514;8252244;16923119;0;0;34864314;91356156;
46411;805007674;2019-12-31;2018;MILES;1570536;12387004;24598310;27361753;65917603;24618408;526914;7921942;4540284;526914;38134462;104052065;23273427;23779422;0;0;777860;15289927;63120636;5318668;0;1851015;0;0;7169683;70290319;9609437;79514;8196097;15876698;0;0;33761746;104052065;
46412;900508373;2019-12-31;2019;MILES;57726;891173;585087;1605234;3139220;475168;0;0;25000;0;500168;3639388;14380;134802;0;13238;228214;0;390634;0;0;0;0;0;0;390634;730000;0;85523;1683231;0;750000;3248754;3639388;
46413;900508373;2019-12-31;2018;MILES;2497795;12498;1660486;208000;4378779;438783;0;0;0;0;438783;4817562;229055;541583;0;17076;630636;0;1418350;371986;0;0;0;93257;465243;1883593;730000;0;36686;1417283;0;750000;2933969;4817562;
46414;900375188;2019-12-31;2019;MILES;2881285;0;223972;68495;3173752;27710038;0;0;10;0;27710048;30883800;0;220790;0;68889;78828;0;368507;0;0;0;0;0;0;368507;10464300;0;0;20050993;0;0;30515293;30883800;
46415;900375188;2019-12-31;2018;MILES;1698944;0;148258;76222;1923424;28488687;0;0;10;0;28488697;30412121;0;192651;0;69199;68821;0;330671;0;0;0;0;0;0;330671;10464300;0;0;19617150;0;0;30081450;30412121;
46416;900160972;2019-12-31;2019;MILES;17788;2012526;1907889;686316;4624519;9310722;0;0;178116;0;9488838;14113357;1379148;140210;0;5191;218929;0;1743478;6664068;0;1043966;0;9833;7717867;9461345;1030000;0;0;3622012;0;0;4652012;14113357;
46417;900160972;2019-12-31;2018;MILES;45822;2274723;3135747;0;5456292;8743573;0;0;181590;0;8925163;14381455;1353783;73124;0;3752;144825;0;1575484;7165205;0;1033925;0;118213;8317343;9892827;1030000;0;59007;3399621;0;0;4488628;14381455;
46418;900440779;2019-12-31;2019;MILES;350713;14565;1521817;91800;1978895;13910;0;0;0;0;13910;1992805;2936;251322;0;23329;471097;23654;772338;187718;0;0;0;0;187718;960056;85000;0;43136;904613;0;0;1032749;1992805;
46419;900440779;2019-12-31;2018;MILES;35678;64240;527804;871663;1499385;21539;0;0;0;0;21539;1520924;3015;145545;0;16494;272435;0;437489;198318;0;0;0;0;198318;635807;85000;0;43136;756981;0;0;885117;1520924;
46420;802009573;2019-12-31;2019;MILES;352911;2500009;7582;0;2860502;1430251;0;1322960;4584856;0;7338067;10198569;11695;0;0;0;30906;0;42601;263525;3398077;0;0;0;3661602;3704203;220000;0;104258;6170108;0;0;6494366;10198569;
46421;802009573;2019-12-31;2018;MILES;219736;2496440;0;0;2716176;1535234;0;1322960;4584856;0;7443050;10159226;12615;0;0;0;21514;0;34129;285325;5045741;0;0;0;5331066;5365195;220000;0;104258;4469773;0;0;4794031;10159226;
46422;900520983;2019-12-31;2019;MILES;1796321;0;103601;196161;2096083;794402;0;0;669948;0;1464350;3560433;0;159786;0;0;343855;30180;533821;369978;0;0;0;0;369978;903799;1801638;0;0;752106;0;102890;2656634;3560433;
46423;900520983;2019-12-31;2018;MILES;655003;0;514504;152806;1322313;745396;0;0;648212;0;1393608;2715921;0;225508;0;0;70828;22097;318433;492960;0;0;0;0;492960;811393;1801638;0;102890;0;0;0;1904528;2715921;
46424;811020687;2019-12-31;2019;MILES;15;134;0;0;149;0;0;0;10824211;0;10824211;10824360;0;14990;0;0;0;0;14990;0;0;0;0;0;0;14990;22000;0;113949;10673421;0;0;10809370;10824360;
46425;811020687;2019-12-31;2018;MILES;15;0;993;0;1008;0;0;0;8649953;0;8649953;8650961;0;4839;0;0;90;0;4929;0;0;0;0;0;0;4929;22000;0;113949;8510083;0;0;8646032;8650961;
46426;805023081;2019-12-31;2019;MILES;47992;150590;2285361;21108;2505051;1979624;866820;470857;17381175;866820;21565296;24070347;420000;1208688;0;65946;169885;18847;1883366;3967973;5500805;0;0;0;9468778;11352144;466000;564307;350044;11317797;0;20055;12718203;24070347;
46427;805023081;2019-12-31;2018;MILES;764731;426488;928421;0;2119640;1545310;4364222;470857;5939467;4364222;16684078;18803718;310000;634722;0;19053;231804;0;1195579;2983883;2557191;0;0;0;5541074;6736653;466000;564307;350044;10666659;0;20055;12067065;18803718;
46428;811039588;2019-12-31;2019;MILES;50890;11360386;2281;0;11413557;818287;655326;22238633;49585809;655326;73953381;85366938;0;744608;0;0;343605;36678;1124891;0;0;6024223;0;0;6024223;7149114;779750;10479413;44936099;22022562;0;0;78217824;85366938;
46429;811039588;2019-12-31;2018;MILES;27638;10268060;2300;0;10297998;840666;2318425;22760221;40295838;2318425;68533575;78831573;0;1224645;0;0;186912;34599;1446156;0;0;5827575;0;0;5827575;7273731;779750;10479413;43319077;16979602;0;0;71557842;78831573;
46430;815001778;2019-12-31;2019;MILES;5017696;876502;777712;139696;6811606;8824462;0;78781468;1046992;0;88652922;95464528;587453;5575824;0;0;1236167;0;7399444;5185858;0;20187544;0;0;25373402;32772846;4600398;0;8624583;49466701;0;0;62691682;95464528;
46431;815001778;2019-12-31;2018;MILES;8847425;489500;919715;364263;10620903;4318460;0;79826198;2208354;0;86353012;96973915;642395;8835939;0;0;1209742;0;10688076;5865739;0;20603567;0;0;26469306;37157382;4600398;0;6466637;48749498;0;0;59816533;96973915;
46432;900387774;2019-12-31;2019;MILES;101395;3536112;0;33056;3670563;408324;3133194;0;-3117167;3133194;3557545;7228108;1447561;1482652;0;42467;65780;0;3038460;0;6065;492493;0;170000;668558;3707018;1600000;0;42722;1878368;0;0;3521090;7228108;
46433;900387774;2019-12-31;2018;MILES;64422;1390528;11963;245225;1712138;464928;3277693;0;-3226985;3277693;3793329;5505467;1616709;627885;27254;6792;265824;0;2544464;0;9366;59914;0;104495;173775;2718239;1600000;0;42722;1144506;0;0;2787228;5505467;
46434;900730980;2019-12-31;2019;MILES;528;0;3790691;0;3791219;810000;0;0;26226506;0;27036506;30827725;0;3356753;0;0;35202;0;3391955;0;0;0;0;0;0;3391955;376008;0;0;6873966;0;20185796;27435770;30827725;
46435;900730980;2019-12-31;2018;MILES;11062;0;5660557;0;5671619;810000;0;0;32393662;0;33203662;38875281;0;3822595;0;0;23475;0;3846070;0;0;0;0;0;0;3846070;376001;0;0;8481631;0;26171579;35029211;38875281;
46436;900557788;2019-12-31;2019;MILES;905;1541;0;0;2446;0;0;0;34431296;0;34431296;34433742;0;0;0;0;0;0;0;4616448;0;0;0;0;4616448;4616448;1000;0;7926575;21889719;0;0;29817294;34433742;
46437;900557788;2019-12-31;2018;MILES;905;1541;0;0;2446;0;0;0;32713551;0;32713551;32715997;0;0;0;0;0;0;0;4610231;0;0;0;0;4610231;4610231;1000;0;6208849;21895917;0;0;28105766;32715997;
46438;800128984;2019-12-31;2019;MILES;1565082;278838;3753233;4341909;9939062;3679304;10000;0;1267151;10000;4966455;14905517;427433;2526618;0;201841;19321;1643123;4818336;997344;0;281934;0;660712;1939990;6758326;2307124;0;1629087;5250980;0;-1040000;8147191;14905517;
46439;800128984;2019-12-31;2018;MILES;512816;0;1782366;3474304;5769486;3870824;0;0;1294816;0;5165640;10935126;160000;633560;0;123123;20426;511549;1448658;0;0;194426;0;1308140;1502566;2951224;2307124;0;1617388;5099390;0;-1040000;7983902;10935126;
46440;890312379;2019-12-31;2019;MILES;2292496;0;3167113;0;5459609;8225713;0;0;72443738;0;80669451;86129060;11079;2182;0;7826;11712;0;32799;0;1775461;62998;0;36375;1874834;1907633;619000;13259334;14885910;4045718;0;51411465;84221427;86129060;
46441;890312379;2019-12-31;2018;MILES;474906;0;2885436;0;3360342;7978620;0;0;72911091;0;80889711;84250053;0;176500;0;6735;170877;0;354112;0;3332729;71929;0;636406;4041064;4395176;619000;13259334;12778101;2107809;0;51090633;79854877;84250053;
46442;900432290;2019-12-31;2019;MILES;5291;1535183;3800855;535844;5877173;1718;0;0;0;0;1718;5878891;0;6093797;0;0;0;760598;6854395;0;0;0;0;109556;109556;6963951;500001;2815000;0;-4400061;0;0;-1085060;5878891;
46443;900432290;2019-12-31;2018;MILES;38965;318907;4533840;2432887;7324599;4594;0;0;0;0;4594;7329193;1519211;4875454;0;0;0;1308153;7702818;0;0;0;0;318412;318412;8021230;500001;2815000;0;-4007038;0;0;-692037;7329193;
46444;811044788;2019-12-31;2019;MILES;451975;53108;869927;4261035;5636045;6154085;0;3052267;240201;0;9446553;15082598;0;4202621;0;195224;210847;8664;4617356;6027936;0;150383;0;0;6178319;10795675;997090;436901;60860;2792072;0;0;4286923;15082598;
46445;811044788;2019-12-31;2018;MILES;534583;492554;770305;4008411;5805853;9474448;0;0;291551;0;9765999;15571852;0;3681870;0;166057;205350;14130;4067407;7637095;0;157611;0;0;7794706;11862113;997090;436901;60860;2214888;0;0;3709739;15571852;
46446;891101084;2019-12-31;2019;MILES;224243;16624;5182806;1564926;6988599;844571;8300623;5725465;-6816541;8300623;16354741;23343340;36895;703134;0;24034;87492;0;851555;6236815;0;0;0;0;6236815;7088370;70000;0;127654;16057316;0;0;16254970;23343340;
46447;891101084;2019-12-31;2018;MILES;213274;11457;2100724;5070127;7395582;308955;6564433;5493604;-6090092;6564433;12841333;20236915;0;286273;0;14461;715499;0;1016233;3112249;209068;0;0;0;3321317;4337550;70000;0;127654;15701711;0;0;15899365;20236915;
46448;860000486;2019-12-31;2019;MILES;4405486;107447247;962195;0;112814928;46198;0;46636673;130999685;0;177682556;290497484;144270;3223;0;80826;549160;476539;1254018;50000000;0;5354699;0;0;55354699;56608717;120727080;5;51836812;44523278;0;16801592;233888767;290497484;
46449;860000486;2019-12-31;2018;MILES;1526485;107150417;5204018;0;113880920;73050;0;46636673;120961844;0;167671567;281552487;550483;3403;0;69941;457579;615813;1697219;50000000;0;4630484;0;0;54630484;56327703;120727080;5;48446887;39249220;0;16801592;225224784;281552487;
46450;860065280;2019-12-31;2019;MILES;495516;63186;1194155;1734618;3487475;2501056;0;0;0;0;2501056;5988531;83798;186872;0;183908;316964;401528;1173070;0;0;0;0;0;0;1173070;665000;0;345475;3804986;0;0;4815461;5988531;
46451;860065280;2019-12-31;2018;MILES;1241746;77602;1604480;1435711;4359539;2429405;0;0;29110;0;2458515;6818054;90580;390682;0;243890;630087;0;1355239;0;0;0;0;1006229;1006229;2361468;665000;0;345475;3446111;0;0;4456586;6818054;
46452;900975378;2019-12-31;2019;MILES;1164692;195313;8610838;19495717;29466560;18369;0;0;183;0;18552;29485112;8764479;211606;0;71593;237736;7635378;16920792;0;0;0;0;12331846;12331846;29252638;18000;0;0;214474;0;0;232474;29485112;
46453;900975378;2019-12-31;2018;MILES;1560345;4436823;0;12943712;18940880;2705;0;0;116483;0;119188;19060068;5463549;15035;0;22191;32813;10122417;15656005;0;0;0;0;3788096;3788096;19444101;18000;0;0;-402033;0;0;-384033;19060068;
46454;900784484;2019-12-31;2019;MILES;105306;0;2324482;0;2429788;0;0;0;8243546;0;8243546;10673334;0;0;0;0;14690;0;14690;0;0;5382;0;0;5382;20072;90050;31445;45025;10486742;0;0;10653262;10673334;
46455;900784484;2019-12-31;2018;MILES;127064;0;2368138;0;2495202;0;0;0;7354612;0;7354612;9849814;0;0;0;0;12902;13300;26202;0;0;0;0;0;0;26202;90050;31445;45025;9657092;0;0;9823612;9849814;
46456;800206075;2019-12-31;2019;MILES;919711;1661064;7600537;5247179;15428491;324340;0;0;194003;0;518343;15946834;2631735;7961250;97193;180777;647801;0;11518756;0;101829;0;0;0;101829;11620585;1052140;1119962;0;2154147;0;0;4326249;15946834;
46457;800206075;2019-12-31;2018;MILES;898518;1095354;6891993;4788832;13674697;305938;0;0;153578;0;459516;14134213;2143389;7032115;42759;184209;729694;0;10132166;0;121552;0;0;0;121552;10253718;1052140;1119962;172426;1535967;0;0;3880495;14134213;
46458;860031796;2019-12-31;2019;MILES;15794;1455160;2429382;7689937;11590273;17059875;0;0;129809;0;17189684;28779957;542053;12700284;393361;0;1740574;2089477;17465749;361810;0;1412079;0;0;1773889;19239638;7000000;0;286321;-976453;0;3230451;9540319;28779957;
46459;860031796;2019-12-31;2018;MILES;133068;1145031;6995693;9830788;18104580;17067474;0;0;188477;0;17255951;35360531;1700740;12399083;393361;0;1803702;3999171;20296057;484392;0;1498695;0;0;1983087;22279144;7000000;0;286321;2564615;0;3230451;13081387;35360531;
46460;860030478;2019-12-31;2019;MILES;5329466;847911;1838673;26088250;34104300;45101016;29360000;0;-27118929;29360000;76702087;110806387;0;11997622;986268;998212;1635554;1425696;17043352;0;0;12374072;0;0;12374072;29417424;4278622;24126;50287887;21416817;0;5381511;81388963;110806387;
46461;860030478;2019-12-31;2018;MILES;3674883;975783;1813227;27388464;33852357;45378433;28919358;0;-26740914;28919358;76476235;110328592;0;13427421;999553;1010822;532774;975797;16946367;0;0;11765872;0;0;11765872;28712239;4278622;24126;50280194;21651900;0;5381511;81616353;110328592;
46462;800168878;2019-12-31;2019;MILES;44281;600574;8512971;0;9157826;0;0;0;1481201;0;1481201;10639027;0;56968;0;0;0;0;56968;0;0;90538;0;0;90538;147506;20000;0;0;10230987;0;240534;10491521;10639027;
46463;800168878;2019-12-31;2018;MILES;305271;2021103;6084857;0;8411231;774;0;0;117701;0;118475;8529706;0;36316;0;0;396;0;36712;0;0;90538;0;0;90538;127250;20000;0;0;8141922;0;240534;8402456;8529706;
46464;830136481;2019-12-31;2019;MILES;3872;44548;0;17400;65820;23947;568540;1677945;11791421;568540;14630393;14696213;50385;1045701;0;0;8197;2500;1106783;0;647564;996749;0;0;1644313;2751096;1639053;2318785;350406;7294377;0;342496;11945117;14696213;
46465;830136481;2019-12-31;2018;MILES;4269;64058;0;18936;87263;877798;210658;0;11244856;210658;12543970;12631233;68503;916512;0;0;17749;0;1002764;847564;0;706448;0;0;1554012;2556776;1538600;1916472;350406;5926483;0;342496;10074457;12631233;
46466;860001978;2019-12-31;2019;MILES;3571771;365823;6845099;6748964;17531657;14109197;0;0;1932331;0;16041528;33573185;4143102;5169137;0;306538;296288;0;9915065;6117678;0;2066068;0;1982112;10165858;20080923;6918343;0;2141975;1706734;0;2725210;13492262;33573185;
46467;860001978;2019-12-31;2018;MILES;1825289;1262750;6249210;5755929;15093178;14263936;0;0;1174638;0;15438574;30531752;2048148;3509870;400797;377257;1498865;0;7834937;6481948;0;1828995;0;2004001;10314944;18149881;6918343;0;2168487;741106;0;2553935;12381871;30531752;
46468;900291294;2019-12-31;2019;MILES;187313;69242;7650132;1805518;9712205;2038002;0;0;136357;0;2174359;11886564;1763450;2079589;0;235320;421045;65704;4565108;0;0;157013;0;0;157013;4722121;2000000;143650;435093;4585700;0;0;7164443;11886564;
46469;900291294;2019-12-31;2018;MILES;654607;136581;6742361;239744;7773293;1632257;0;0;25729;0;1657986;9431279;1543695;1286220;0;173791;712266;15358;3731330;0;0;46581;0;0;46581;3777911;2000000;143650;269659;3240059;0;0;5653368;9431279;
46470;900048578;2019-12-31;2019;MILES;650418;1511890;4592943;4254257;11009508;1298848;414295;380000;-368545;414295;2138893;13148401;0;5297876;0;0;917489;865334;7080699;0;493052;53779;0;0;546831;7627530;400000;0;250000;4870871;0;0;5520871;13148401;
46471;900048578;2019-12-31;2018;MILES;535828;960690;3920408;3591935;9008861;1276179;0;380000;0;0;1656179;10665040;0;4993347;0;0;454890;727979;6176216;0;0;53779;0;15652;69431;6245647;400000;0;250000;3769393;0;0;4419393;10665040;
46472;830125479;2019-12-31;2019;MILES;331118;0;2112100;2018769;4461987;12296151;0;0;3017045;0;15313196;19775183;691355;3886690;0;18162;34196;0;4630403;0;0;909492;0;0;909492;5539895;5000000;0;857813;8377475;0;0;14235288;19775183;
46473;830125479;2019-12-31;2018;MILES;326712;0;3741015;1664232;5731959;12680027;0;0;1102931;0;13782958;19514917;925424;2830096;0;13107;111602;0;3880229;0;0;922259;0;0;922259;4802488;5000000;0;731885;8980544;0;0;14712429;19514917;
46474;860045379;2019-12-31;2019;MILES;3343430;7032165;45655183;15105717;71136495;3923561;6041294;0;-4643264;6041294;11362885;82499380;30508850;18927505;0;1263647;0;0;50700002;5793036;0;506429;0;0;6299465;56999467;12364045;466346;1438740;11230782;0;0;25499913;82499380;
46475;860045379;2019-12-31;2018;MILES;3295938;4366981;43156753;11933719;62753391;6899359;0;0;7598009;0;14497368;77250759;31282609;21348422;260000;1120087;0;593704;54604822;2715832;0;373208;0;0;3089040;57693862;12364045;466346;1161560;5564946;0;0;19556897;77250759;
46476;900701581;2019-12-31;2019;MILES;7366;451009;6915456;0;7373831;54107204;62545228;0;3383696;62545228;182581356;189955187;36492765;66845214;0;0;70226;7469383;110877588;75588409;9813272;0;0;35492456;120894137;231771725;1563328;42445117;0;-85824983;0;0;-41816538;189955187;
46477;900701581;2019-12-31;2018;MILES;3778;736633;6877491;0;7617902;56766548;60687206;0;7157826;60687206;185298786;192916688;22265117;7951180;0;0;481021;3036158;33733476;76418132;57397156;0;0;37087024;170902312;204635788;1563328;42445117;0;-55727545;0;0;-11719100;192916688;
46478;860505983;2019-12-31;2019;MILES;356728;28969965;74416897;51444640;155188230;35607647;0;265550;2927799;0;38800996;193989226;9488332;60183906;0;0;3708443;0;73380681;32227503;0;0;0;0;32227503;105608184;3000000;0;11541300;73839742;0;0;88381042;193989226;
46479;860505983;2019-12-31;2018;MILES;2292948;26035762;71054901;74082376;173465987;39377462;0;265550;2707741;0;42350753;215816740;23658658;65793175;0;0;1524143;0;90975976;0;0;0;0;18976517;18976517;109952493;3000000;0;11541300;91322947;0;0;105864247;215816740;
46480;860038579;2019-12-31;2019;MILES;1683606;59864;3337625;7614518;12695613;5276115;0;0;154525;0;5430640;18126253;1275907;4512537;0;0;108306;0;5896750;6070738;0;0;0;0;6070738;11967488;500000;357595;217474;2337627;0;2746069;6158765;18126253;
46481;860038579;2019-12-31;2018;MILES;447098;140968;3970558;7000143;11558767;5344411;0;0;169687;0;5514098;17072865;1155702;4700996;0;0;60022;0;5916720;5850205;0;0;0;0;5850205;11766925;500000;357595;152129;1550147;0;2746069;5305940;17072865;
46482;892001087;2019-12-31;2019;MILES;133524;0;118520;6751584;7003628;799665;0;7786431;7192740;0;15778836;22782464;3809539;2195026;0;27035;87945;0;6119545;2000000;0;203283;0;0;2203283;8322828;1290000;0;393272;12740723;0;35641;14459636;22782464;
46483;892001087;2019-12-31;2018;MILES;2771;0;181363;7040400;7224534;903897;0;6636431;7192740;0;14733068;21957602;1805065;2244577;0;17407;43776;0;4110825;3666666;0;203283;0;0;3869949;7980774;1290000;0;335835;12315352;0;35641;13976828;21957602;
46484;804001380;2019-12-31;2019;MILES;98657;10229063;6637384;36124250;53089354;5099005;0;9319701;8977898;0;23396604;76485958;3995924;7055244;1151076;403054;1005078;6451054;20061430;17332329;956079;957669;0;18350872;37596949;57658379;3500000;0;1626420;12417690;0;1283469;18827579;76485958;
46485;804001380;2019-12-31;2018;MILES;910576;3605370;2443144;24541610;31500700;5981486;0;8984910;12476203;0;27442599;58943299;8818428;3492796;1480059;288328;2505852;3469037;20054500;1891846;3272288;885614;0;14054747;20104495;40158995;3500000;0;1413275;13236055;0;634974;18784304;58943299;
46486;830042086;2019-12-31;2019;MILES;11946;544158;2403693;1544205;4504002;4680273;0;1001230;1169957;0;6851460;11355462;1008924;1418944;0;219158;28411;680315;3355752;1729724;692032;706432;0;351084;3479272;6835024;1270000;0;197729;1407019;0;1645690;4520438;11355462;
46487;830042086;2019-12-31;2018;MILES;15318;447994;2624474;1568669;4656455;4612638;0;610000;1178929;0;6401567;11058022;1579722;1610968;0;198698;20495;224421;3634304;1930771;528498;706432;0;361404;3527105;7161409;1270000;0;193021;787902;0;1645690;3896613;11058022;
46488;900018093;2019-12-31;2019;MILES;1205826;48000;333737;1181069;2768632;6104124;0;17922150;8432162;0;32458436;35227068;26706;1950541;0;42063;134194;372510;2526014;0;3727868;1604468;0;0;5332336;7858350;10500;3875263;146693;20254760;0;3081502;27368718;35227068;
46489;900018093;2019-12-31;2018;MILES;1660624;31980;331968;1127541;3152113;6114911;0;14736899;9969345;0;30821155;33973268;6573;54902;0;35930;269720;322510;689635;0;3794781;2453668;0;0;6248449;6938084;10500;3875263;146693;19921226;0;3081502;27035184;33973268;
46490;801001885;2019-12-31;2019;MILES;3138406;1106942;20612902;45871687;70729937;9618288;0;5169948;6626816;0;21415052;92144989;4134405;16722594;0;233111;206082;0;21296192;41042288;7181584;598356;0;0;48822228;70118420;4500000;0;2250000;15276569;0;0;22026569;92144989;
46491;801001885;2019-12-31;2018;MILES;1354246;812644;12898565;30069852;45135307;14437845;0;5169948;1183719;0;20791512;65926819;6168474;19498992;0;132954;206227;0;26006647;17880665;6049254;598356;0;0;24528275;50534922;3000000;0;2052141;10339756;0;0;15391897;65926819;
46492;800029899;2019-12-31;2019;MILES;16941774;3758027;34915644;6778647;62394092;13369986;0;10137675;27090655;0;50598316;112992408;11128044;11903180;0;630286;727533;1998921;26387964;0;19242231;2772585;0;11701747;33716563;60104527;1840949;999051;9195960;30419691;0;10432230;52887881;112992408;
46493;800029899;2019-12-31;2018;MILES;5637356;1820825;75930420;15267086;98655687;14441495;0;0;35739782;0;50181277;148836964;2433736;20678774;0;827457;655877;16492;24612336;0;48641373;2602493;0;20552091;71795957;96408293;1840949;999051;9195960;29960481;0;10432230;52428671;148836964;
46494;900546289;2019-12-31;2019;MILES;1045398;0;4395307;0;5440705;412250;0;0;0;0;412250;5852955;0;137797;0;0;401417;9074;548288;0;0;0;0;280000;280000;828288;1000000;0;393938;3630729;0;0;5024667;5852955;
46495;900546289;2019-12-31;2018;MILES;235542;0;4170054;296511;4702107;504497;0;0;0;0;504497;5206604;0;44054;0;0;169871;3101;217026;0;0;0;0;680000;680000;897026;1000000;0;321317;2988261;0;0;4309578;5206604;
46496;800172188;2019-12-31;2019;MILES;50176;1747359;3919764;0;5717299;237599;0;0;22559958;0;22797557;28514856;0;609280;0;642289;628062;0;1879631;0;0;1175031;0;0;1175031;3054662;2000000;0;9270690;14189504;0;0;25460194;28514856;
46497;800172188;2019-12-31;2018;MILES;54385;1826150;3028624;0;4909159;379342;0;0;17361747;0;17741089;22650248;0;741205;0;701496;772569;0;2215270;0;0;655210;0;0;655210;2870480;2000000;0;9508453;8271315;0;0;19779768;22650248;
46498;860048182;2019-12-31;2019;MILES;3073274;31010295;4003007;295572;38382148;108782100;0;0;2337922;0;111120022;149502170;20772240;2507234;0;449369;515641;344518;24589002;0;0;17919367;0;0;17919367;42508369;1220790;3699188;27174035;74899788;0;0;106993801;149502170;
46499;860048182;2019-12-31;2018;MILES;742311;29899182;2600338;303001;33544832;108738908;0;0;2478589;0;111217497;144762329;17156898;2294330;0;470017;452294;335015;20708554;0;0;18060507;0;0;18060507;38769061;1220790;3699188;26938472;74134818;0;0;105993268;144762329;
46500;900734687;2019-12-31;2019;MILES;50332;31291;956320;895828;1933771;2605477;3257849;0;4817430;3257849;13938605;15872376;0;1085157;0;0;90119;80805;1256081;0;3919295;9518;0;0;3928813;5184894;1496345;10467038;4856;-4123533;0;2842776;10687482;15872376;
46501;900734687;2019-12-31;2018;MILES;36319;10517;168945;0;215781;371848;2618999;0;8072210;2618999;13682056;13897837;0;71508;0;0;21927;0;93435;0;1172187;3415;0;0;1175602;1269037;1391230;9520999;4856;-224136;0;1935851;12628800;13897837;
46502;900089682;2019-12-31;2019;MILES;1896094;813568;38871;0;2748533;0;0;0;4101613;0;4101613;6850146;0;114;0;0;1428;0;1542;0;0;10793;0;0;10793;12335;2500;0;61;6835250;0;0;6837811;6850146;
46503;900089682;2019-12-31;2018;MILES;1035162;516741;1204016;0;2755919;0;0;0;4092745;0;4092745;6848664;0;1333;0;0;835;0;2168;0;0;2585;0;0;2585;4753;2500;0;61;6841350;0;0;6843911;6848664;
46504;892201182;2019-12-31;2019;MILES;1870025;8462619;12634922;3268504;26236070;13326004;0;0;0;0;13326004;39562074;2327171;1218265;0;0;472819;0;4018255;9677427;209034;0;0;0;9886461;13904716;2000000;0;330263;12352096;0;10974999;25657358;39562074;
46505;892201182;2019-12-31;2018;MILES;915992;7684634;13461193;2366082;24427901;12189031;0;0;562743;0;12751774;37179675;1804110;2319880;0;0;0;0;4123990;7585198;1297074;0;0;0;8882272;13006262;2000000;0;330263;10868151;0;10974999;24173413;37179675;
46506;900089682;2019-06-30;2019;MILES;1035162;516741;1204016;0;2755919;0;0;0;4092745;0;4092745;6848664;0;1333;0;0;835;0;2168;0;0;2585;0;0;2585;4753;2500;0;61;6841350;0;0;6843911;6848664;
46507;900089682;2019-06-30;2018;MILES;880381;611464;1220919;0;2712764;0;0;0;4084359;0;4084359;6797123;0;27;0;0;22218;0;22245;0;0;5694;0;0;5694;27939;2500;0;61;6766623;0;0;6769184;6797123;
46508;900018895;2019-12-31;2019;MILES;1330;28847;329737;0;359914;0;0;10850996;516466;0;11367462;11727376;156540;0;0;2908;16639;48829;224916;0;0;831101;0;0;831101;1056017;1400000;0;396374;8874985;0;0;10671359;11727376;
46509;900018895;2019-12-31;2018;MILES;23196;13785;448263;0;485244;0;0;10775583;78879;0;10854462;11339706;0;0;0;2215;48912;70;51197;0;0;823560;0;0;823560;874757;1400000;0;345139;8719810;0;0;10464949;11339706;
46510;800107494;2019-06-30;2019;MILES;1023750;5434593;41717906;0;48176249;184078;0;0;555157064;0;555341142;603517391;622994;31320733;0;135225;169498;0;32248450;0;0;0;0;0;0;32248450;12000000;11207593;6000000;542061348;0;0;571268941;603517391;
46511;800107494;2019-06-30;2018;MILES;538963;257831;29268;0;826062;178540;0;0;584203612;0;584382152;585208214;24055632;2125652;0;98722;294184;0;26574190;0;0;0;0;0;0;26574190;12000000;11207593;6000000;529426431;0;0;558634024;585208214;
46512;900621580;2019-12-31;2019;MILES;461145;10866;0;624919;1096930;25965;1170000;0;-1017035;1170000;1348930;2445860;0;685118;0;7041;57031;0;749190;422395;0;0;0;0;422395;1171585;500000;0;0;774275;0;0;1274275;2445860;
46513;900621580;2019-12-31;2018;MILES;914328;4990;0;506451;1425769;32802;820000;0;-566230;820000;1106572;2532341;0;670820;0;1355;168103;0;840278;465632;0;0;0;0;465632;1305910;500000;0;0;726431;0;0;1226431;2532341;
46514;800107494;2019-12-31;2019;MILES;4315267;8254444;47175;0;12616886;164535;27668;0;594377223;27668;594597094;607213980;0;813861;0;169855;440534;0;1424250;0;0;0;0;0;0;1424250;12000000;11207593;51200937;531381200;0;0;605789730;607213980;
46515;800107494;2019-12-31;2018;MILES;1023750;5434593;41717906;0;48176249;184078;0;0;555157064;0;555341142;603517391;622994;31275414;0;135225;214817;0;32248450;0;0;0;0;0;0;32248450;12000000;11207593;6000000;542061348;0;0;571268941;603517391;
46516;860000794;2019-12-31;2019;MILES;5079842;3733125;17092594;9576719;35482280;41226333;0;0;17595683;0;58822016;94304296;5531066;14796974;304000;38752;78103;5752082;26500977;9384719;0;4327458;0;0;13712177;40213154;2083929;11214942;3545041;37247230;0;0;54091142;94304296;
46517;860000794;2019-12-31;2018;MILES;1808188;3218860;16959619;10558780;32545447;41063899;0;0;17519773;0;58583672;91129119;7681901;14227642;202000;25981;215373;4903166;27256063;6139645;0;2643783;0;0;8783428;36039491;2083929;11214942;1385276;40405481;0;0;55089628;91129119;
46518;802021580;2019-12-31;2019;MILES;30783;91003;37162400;0;37284186;6026335;0;0;8698;0;6035033;43319219;410825;17561857;0;357791;67818;229845;18628136;2972014;21001688;0;0;0;23973702;42601838;13000;6776999;0;-6072618;0;0;717381;43319219;
46519;802021580;2019-12-31;2018;MILES;22882;426252;34381555;0;34830689;6357197;0;0;204;0;6357401;41188090;410825;15669365;0;659;44459;856302;16981610;2368389;21001072;0;0;0;23369461;40351071;13000;6776999;0;-5952980;0;0;837019;41188090;
46520;800239481;2019-12-31;2019;MILES;10068446;0;58458302;56039237;124565985;6223912;0;0;5041826;0;11265738;135831723;7687501;17297965;0;618832;398154;2079568;28082020;34483324;14931148;100643;0;24730265;74245380;102327400;10000000;0;3282933;20221390;0;0;33504323;135831723;
46521;800239481;2019-12-31;2018;MILES;8636939;0;53728947;52411098;114776984;6211996;0;0;6768584;0;12980580;127757564;22169234;26551837;0;428367;879529;1690840;51719807;18196650;0;100643;0;18428073;36725366;88445173;10000000;0;2199149;27113242;0;0;39312391;127757564;
46522;860508791;2019-12-31;2019;MILES;4937045;87;5963571;2617157;13517860;31649304;0;3351409;1274367;0;36275080;49792940;2779377;8123933;0;2446346;2142891;0;15492547;6327428;0;2463633;0;45609;8836670;24329217;1500000;0;756842;16201416;0;7005465;25463723;49792940;
46523;860508791;2019-12-31;2018;MILES;2562758;123764;6778368;3086716;12551606;30082743;0;3351409;1589165;0;35023317;47574923;3918051;7604131;226266;2211139;1532389;0;15491976;6242220;0;2274536;0;4714;8521470;24013446;1500000;0;756842;14575896;0;6728739;23561477;47574923;
46524;900483080;2019-12-31;2019;MILES;63833;11212;1730578;0;1805623;2578;900000;16729710;26454862;900000;44987150;46792773;33228;1618439;0;0;6536;0;1658203;441440;3571204;754882;0;0;4767526;6425729;1902000;3684840;2939571;7612736;0;24227897;40367044;46792773;
46525;900483080;2019-12-31;2018;MILES;49026;1342;1770954;0;1821322;29875;900000;7662797;-12006;900000;9480666;11301988;25308;725158;0;0;13902;0;764368;479692;3833731;0;0;0;4313423;5077791;1900000;0;1792544;1147027;0;1384626;6224197;11301988;
46526;890401385;2019-12-31;2019;MILES;382867;0;2657485;0;3040352;242267214;13365879;0;124800238;13365879;393799210;396839562;11070779;61851;0;25073;400130;449546;12007379;0;8174019;0;0;0;8174019;20181398;2735553;95266510;500000;278156101;0;0;376658164;396839562;
46527;890401385;2019-12-31;2018;MILES;370812;0;3083361;0;3454173;245001094;12188271;0;125038430;12188271;394416066;397870239;11954860;101302;0;13787;711497;2374318;15155764;0;5126286;0;0;0;5126286;20282050;2735553;95266510;500000;279086126;0;0;377588189;397870239;
46528;890917780;2019-12-31;2019;MILES;809973;1250471;17150688;4289488;23500620;2581239;0;0;518777;0;3100016;26600636;7258310;7154212;79282;903996;2354325;0;17750125;2146387;0;165305;0;263924;2575616;20325741;173207;3715673;95482;2290533;0;0;6274895;26600636;
46529;890917780;2019-12-31;2018;MILES;728369;327998;16455729;4295105;21807201;2272510;0;0;1003163;0;3275673;25082874;7087438;5747813;0;806540;242555;0;13884346;4803073;0;336829;0;254166;5394068;19278414;173207;3715673;95482;1820098;0;0;5804460;25082874;
46530;900878091;2019-12-31;2019;MILES;637154;0;767898;0;1405052;2300;23852830;0;-23429927;23852830;24278033;25683085;0;149177;0;0;200475;30617;380269;0;3028712;0;0;21896953;24925665;25305934;10000;0;5000;362151;0;0;377151;25683085;
46531;900878091;2019-12-31;2018;MILES;864141;0;11774;0;875915;3220;0;0;42020536;0;42023756;42899671;0;587202;0;0;528;30016;617746;0;8921209;0;0;33238187;42159396;42777142;10000;0;5000;107529;0;0;122529;42899671;
46532;860502290;2019-12-31;2019;MILES;291255;38673;9819895;0;10149823;93935;0;342665690;11700000;0;354459625;364609448;650000;4735320;0;39025;215577;2345176;7985098;0;1024982;28994692;0;0;30019674;38004772;350000;0;57028021;8274424;0;260952231;326604676;364609448;
46533;860502290;2019-12-31;2018;MILES;265565;25344;990470;0;1281379;95205;0;129054162;7624945;0;136774312;138055691;100573;66461;0;29498;271485;1087596;1555613;0;1024982;7273491;0;0;8298473;9854086;350000;0;28591861;33798328;0;65461416;128201605;138055691;
46534;890929497;2019-12-31;2019;MILES;3137172;353051;20433730;26322971;50246924;1771990;0;0;1848180;0;3620170;53867094;1382316;16573228;0;502692;617612;1183230;20259078;13524;2199968;907375;0;5654982;8775849;29034927;51640;1464760;783712;22532055;0;0;24832167;53867094;
46535;890929497;2019-12-31;2018;MILES;2005543;857729;16607869;22824278;42295419;1529494;0;0;1826161;0;3355655;45651074;2938328;12595445;0;485379;1054793;712943;17786888;19457;2104111;820766;0;4463828;7408162;25195050;51640;1464760;1483712;17455912;0;0;20456024;45651074;
46536;830051000;2019-12-31;2019;MILES;494059;86927;480055;865763;1926804;142946;0;0;765696;0;908642;2835446;328232;482454;45970;0;139768;106935;1103359;127053;0;0;0;0;127053;1230412;99431;0;49715;1407855;0;48033;1605034;2835446;
46537;830051000;2019-12-31;2018;MILES;339145;33680;814284;1045636;2232745;64961;0;0;805058;0;870019;3102764;432506;671044;28856;0;70579;225262;1428247;72017;0;0;0;0;72017;1500264;99431;0;49715;1405321;0;48033;1602500;3102764;
46538;901024791;2019-12-31;2019;MILES;13989;84452;811074;0;909515;0;0;0;7647870;0;7647870;8557385;0;519711;0;100387;182258;0;802356;0;21606;0;0;0;21606;823962;300000;0;714885;6718538;0;0;7733423;8557385;
46539;901024791;2019-12-31;2018;MILES;442;6005;36896;0;43343;0;0;0;7324416;0;7324416;7367759;0;50863;0;1871;0;31829;84563;0;21606;0;0;0;21606;106169;300000;0;714885;6246705;0;0;7261590;7367759;
46540;901035578;2019-12-31;2019;MILES;235791;49449;353177;0;638417;0;0;0;29220593;0;29220593;29859010;0;0;0;0;155314;0;155314;0;0;0;0;0;0;155314;100000;7935558;0;21668138;0;0;29703696;29859010;
46541;901035578;2019-12-31;2018;MILES;310575;26152;77;0;336804;0;0;0;23289987;0;23289987;23626791;0;3059;0;0;220256;0;223315;0;0;0;0;0;0;223315;100000;7935558;0;15367918;0;0;23403476;23626791;
46542;900049280;2019-12-31;2019;MILES;1322;943;0;0;2265;0;0;0;36101860;0;36101860;36104125;0;0;0;0;12;0;12;0;0;0;0;122751;122751;122763;2324;2752838;2324;27360136;0;5863740;35981362;36104125;
46543;900049280;2019-12-31;2018;MILES;1322;983;0;0;2305;0;0;0;36123264;0;36123264;36125569;0;0;0;0;40;0;40;0;0;0;0;122751;122751;122791;2324;2752838;2324;27381552;0;5863740;36002778;36125569;
46544;900127979;2019-12-31;2019;MILES;229378;1437;2640752;0;2871567;11876;0;15426172;23680219;0;39118267;41989834;1821456;7152;0;0;64092;0;1892700;0;0;2577803;0;0;2577803;4470503;30000;0;15000;23000541;0;14473790;37519331;41989834;
46545;900127979;2019-12-31;2018;MILES;784893;1949;2301979;0;3088821;12196;0;14365431;21498144;0;35875771;38964592;1331959;667995;0;0;50175;0;2050129;0;0;2477310;0;0;2477310;4527439;30000;0;15000;19894192;0;14497961;34437153;38964592;
46546;900211183;2019-12-31;2019;MILES;1094604;138906;9176014;4703661;15113185;552793;0;0;341216;0;894009;16007194;1310018;1856228;0;80537;229863;315;3476961;790121;0;12032;0;0;802153;4279114;200000;0;100000;11428080;0;0;11728080;16007194;
46547;900211183;2019-12-31;2018;MILES;1270169;69888;7039511;4805307;13184875;430725;0;0;300396;0;731121;13915996;1207428;2589153;0;94629;685372;2349;4578931;10281;0;14687;0;0;24968;4603899;200000;0;100000;9012097;0;0;9312097;13915996;
46548;901084385;2019-12-31;2019;MILES;38550;1022210;7303557;0;8364317;8744792;0;0;47966232;0;56711024;65075341;0;403309;0;693;1767158;0;2171160;0;1944123;0;0;0;1944123;4115283;596024;52180272;0;5584437;0;2599325;60960058;65075341;
46549;901084385;2019-12-31;2018;MILES;52645;161986;5096264;0;5310895;8523334;0;0;39894481;0;48417815;53728710;0;243620;0;0;240371;4433099;4917090;0;0;0;0;0;0;4917090;32022;46180273;0;2156832;0;442493;48811620;53728710;
46550;860034785;2019-12-31;2019;MILES;12295589;515076;4182428;0;16993093;4146215;0;0;44991710;0;49137925;66131018;0;3042594;0;5084;677322;0;3725000;0;0;395217;0;0;395217;4120217;11174;0;57867479;4132148;0;0;62010801;66131018;
46551;860034785;2019-12-31;2018;MILES;10460246;109589;5656028;0;16225863;4151884;0;0;45563222;0;49715106;65940969;0;3019416;0;5587;19718;0;3044721;0;0;312059;0;0;312059;3356780;11174;0;57798848;4774167;0;0;62584189;65940969;
46552;860034786;2019-12-31;2019;MILES;2680803;284427;942766;0;3907996;3461425;0;6557404;55231176;0;65250005;69158001;0;1609144;0;16925;363527;9500;1999096;0;0;752274;0;0;752274;2751370;11175;0;51411452;14984004;0;0;66406631;69158001;
46553;860034786;2019-12-31;2018;MILES;747303;187468;2395981;0;3330752;3525129;0;6557404;54859905;0;64942438;68273190;3765;2375792;0;19361;13785;9500;2422203;0;0;627363;0;0;627363;3049566;11175;0;52562719;12649730;0;0;65223624;68273190;
46554;890916099;2019-12-31;2019;MILES;7368;0;2442887;305650;2755905;2307005;0;0;1059519;0;3366524;6122429;3524;2125719;0;0;148852;31801;2309896;0;0;43314;0;0;43314;2353210;107000;1082474;0;2579745;0;0;3769219;6122429;
46555;890916099;2019-12-31;2018;MILES;37561;0;2512573;482134;3032268;2157680;0;0;1028939;0;3186619;6218887;0;2475624;0;0;116294;26001;2617919;0;0;41084;0;0;41084;2659003;107000;1082474;0;2370410;0;0;3559884;6218887;
46556;900735881;2019-12-31;2019;MILES;7861;18785;557176;0;583822;0;0;0;11133201;0;11133201;11717023;0;115793;0;0;7490;0;123283;0;0;947311;0;0;947311;1070594;28720;0;191174;10426535;0;0;10646429;11717023;
46557;900735881;2019-12-31;2018;MILES;10742;0;701556;0;712298;0;0;0;11133201;0;11133201;11845499;0;298688;0;0;405;0;299093;0;0;952708;0;0;952708;1251801;28720;0;44041;10520937;0;0;10593698;11845499;
46558;800213678;2019-12-31;2019;MILES;705011;170044;4335497;6901468;12112020;2172147;0;13961529;930000;0;17063676;29175696;878040;384817;274473;247978;272521;245299;2303128;1527059;0;0;0;771889;2298948;4602076;1491000;0;758675;22323945;0;0;24573620;29175696;
46559;800213678;2019-12-31;2018;MILES;42241;242074;4041190;6517519;10843024;2204273;0;13961529;930000;0;17095802;27938826;985470;301557;490402;221414;254807;193338;2446988;2160326;0;0;0;771659;2931985;5378973;1491000;0;758675;20310178;0;0;22559853;27938826;
46560;900161580;2019-12-31;2019;MILES;1596064;812453;10949789;0;13358306;679546;0;52605845;48000;0;53333391;66691697;0;6269021;0;0;204377;36374;6509772;23765932;0;0;302362;0;24068294;30578066;5500000;0;19572;1252464;0;29341595;36113631;66691697;
46561;900161580;2019-12-31;2018;MILES;1842767;686119;9785388;0;12314274;275348;0;41682702;60430;0;42018480;54332754;0;3546953;0;0;173986;343139;4064078;17238955;0;0;73587;0;17312542;21376620;5500000;0;272950;444677;0;26738507;32956134;54332754;
46562;900785179;2019-12-31;2019;MILES;97774;2837;0;0;100611;0;92636;0;9416247;92636;9601519;9702130;0;3959;0;9379;1331;0;14669;0;0;0;0;0;0;14669;74900;82021;7025;6086442;0;3437073;9687461;9702130;
46563;900785179;2019-12-31;2018;MILES;61575;0;0;0;61575;0;204908;0;11145535;204908;11555351;11616926;0;594;0;10081;236;0;10911;0;0;0;0;0;0;10911;74900;82021;7025;8004996;0;3437073;11606015;11616926;
46564;900158281;2019-12-31;2019;MILES;1330477;7834775;2431043;0;11596295;43340;0;36032820;2498017;0;38574177;50170472;1281828;10658245;0;0;828188;8447209;21215470;0;0;511064;0;7929831;8440895;29656365;500000;0;250000;19764107;0;0;20514107;50170472;
46565;900158281;2019-12-31;2018;MILES;976399;6761412;3384137;0;11121948;54668;0;34266557;1025230;0;35346455;46468403;2683204;9255425;0;0;718280;8315071;20971980;0;0;655951;0;10070803;10726754;31698734;500000;0;250000;14019669;0;0;14769669;46468403;
46566;900547281;2019-12-31;2019;MILES;45411;170038;1371206;0;1586655;6747992;0;6348968;30790157;0;43887117;45473772;606;97503;0;0;258805;0;356914;0;0;0;0;0;0;356914;10008;23915418;5004;14692689;0;6493739;45116858;45473772;
46567;900547281;2019-12-31;2018;MILES;2433;712526;1558897;0;2273856;6289391;0;6348968;27653995;0;40292354;42566210;0;168241;0;0;285362;0;453603;0;0;0;0;0;0;453603;10008;23915418;0;11534442;0;6652739;42112607;42566210;
46568;900206594;2019-12-31;2019;MILES;677109;10516;143199;73268;904092;7186562;0;168267;421425;0;7776254;8680346;4293;312867;0;50256;17649;60755;445820;277825;0;552709;0;0;830534;1276354;1000000;0;123245;6280747;0;0;7403992;8680346;
46569;900206594;2019-12-31;2018;MILES;473036;11887;121274;116212;722409;7229917;0;172007;361626;0;7763550;8485959;2352;345402;0;51110;29086;42335;470285;377094;0;556864;0;0;933958;1404243;1000000;0;97410;5984306;0;0;7081716;8485959;
46570;900779683;2019-12-31;2019;MILES;0;0;1528053;0;1528053;0;0;0;592579;0;592579;2120632;0;588690;0;0;19436;0;608126;0;240822;0;0;0;240822;848948;2234289;0;0;-962605;0;0;1271684;2120632;
46571;900779683;2019-12-31;2018;MILES;0;0;1438068;0;1438068;0;0;0;549191;0;549191;1987259;0;238138;0;0;13384;0;251522;0;240822;0;0;0;240822;492344;2222524;0;0;-727609;0;0;1494915;1987259;
46572;900228893;2019-12-31;2019;MILES;458066;1475760;706439;0;2640265;6779642;0;0;48099;0;6827741;9468006;0;92970;0;37911;81964;9000;221845;0;0;79967;0;0;79967;301812;8000000;545000;73598;547596;0;0;9166194;9468006;
46573;900228893;2019-12-31;2018;MILES;435965;1473438;684965;0;2594368;6931770;0;0;48099;0;6979869;9574237;0;335168;0;25690;106248;9000;476106;0;0;79967;0;0;79967;556073;8000000;545000;54774;418390;0;0;9018164;9574237;
46574;860065278;2019-12-31;2019;MILES;1477170;0;22967302;26485855;50930327;6403435;0;1718030;4829355;0;12950820;63881147;0;26502065;0;616126;841137;0;27959328;17762436;0;0;0;0;17762436;45721764;401462;2424380;846633;14486908;0;0;18159383;63881147;
46575;860065278;2019-12-31;2018;MILES;1759463;1269819;21743173;26912198;51684653;3153013;0;1718030;4716069;0;9587112;61271765;0;25680551;0;606928;1908081;0;28195560;17895598;0;0;0;0;17895598;46091158;401462;2424380;846633;11508132;0;0;15180607;61271765;
46576;830138674;2019-12-31;2019;MILES;313042;54666;18403;0;386111;1160473;0;0;341765;0;1502238;1888349;0;826075;0;0;0;0;826075;0;0;0;0;0;0;826075;40000;0;559213;463061;0;0;1062274;1888349;
46577;830138674;2019-12-31;2018;MILES;41894;119840;66374;0;228108;1065154;0;0;15250;0;1080404;1308512;67640;0;0;5005;0;1697;74342;0;193918;0;0;0;193918;268260;40000;0;559213;441039;0;0;1040252;1308512;
46578;900713882;2019-12-31;2019;MILES;43117;36657;2402464;0;2482238;0;0;0;24442795;0;24442795;26925033;607001;383272;0;54579;0;358193;1403045;0;0;0;0;25476832;25476832;26879877;10000;0;0;35156;0;0;45156;26925033;
46579;900713882;2019-12-31;2018;MILES;10295;35461;2058538;0;2104294;0;73454;0;16263952;73454;16410860;18515154;1000000;306355;0;46246;6942;221145;1580688;16900319;0;0;0;0;16900319;18481007;10000;0;0;24147;0;0;34147;18515154;
46580;860067786;2019-12-31;2019;MILES;3336263;61228;2803061;778797;6979349;22571167;70841;650921;5683393;70841;29047163;36026512;450000;2258840;0;430372;282524;710724;4132460;600000;1988279;3077055;0;4442762;10108096;14240556;50000;0;1854373;19617746;0;263837;21785956;36026512;
46581;860067786;2019-12-31;2018;MILES;2772910;23596;2692215;789700;6278421;21999899;70841;650921;4627021;70841;27419523;33697944;135142;1817659;0;263298;245630;834017;3295746;0;1988278;3045895;131944;3844390;9010507;12306253;50000;0;1854373;19354581;0;132737;21391691;33697944;
46582;860067786;2019-06-30;2019;MILES;2772910;23596;2692215;789700;6278421;21999898;70841;650921;4627024;70841;27419525;33697946;135142;1817659;0;263298;245630;834017;3295746;0;1988278;3045895;131944;3844390;9010507;12306253;50000;0;1854373;19354583;0;132737;21391693;33697946;
46583;860067786;2019-06-30;2018;MILES;2658911;75569;2097288;862493;5694261;22025966;149342;650921;4179308;149342;27154879;32849140;95992;1609552;0;363489;406958;733933;3209924;0;1988278;3017692;90278;3555518;8651766;11861690;50000;0;227720;20576993;0;132737;20987450;32849140;
46584;802014683;2019-12-31;2019;MILES;76963;106026;251031;85304;519324;22109199;2867509;0;-2307509;2867509;25536708;26056032;972944;437978;0;38769;259768;0;1709459;1975371;0;1945942;0;0;3921313;5630772;200000;0;0;2158998;0;18066262;20425260;26056032;
46585;802014683;2019-12-31;2018;MILES;5568;63484;2262945;25173;2357170;22682370;0;0;560000;0;23242370;25599540;643092;636310;0;0;172778;11843;1464023;1929276;0;1991832;0;0;3921108;5385131;200000;0;0;1948147;0;18066262;20214409;25599540;
46586;900241492;2019-12-31;2019;MILES;17992;316237;2409655;0;2743884;276646;0;0;2471;0;279117;3023001;21622;89437;0;9233;0;0;120292;0;0;0;0;384244;384244;504536;40000;0;0;2478465;0;0;2518465;3023001;
46587;900241492;2019-12-31;2018;MILES;211145;128066;2167373;0;2506584;281896;0;0;3313;0;285209;2791793;237010;183863;0;29597;0;0;450470;0;0;0;0;239796;239796;690266;40000;0;0;2061527;0;0;2101527;2791793;
46588;900915689;2019-12-31;2019;MILES;153941;4147773;327294;0;4629008;1032698;0;0;0;0;1032698;5661706;0;66060;0;0;0;10359;76419;106407;115007;0;0;0;221414;297833;2157500;0;0;3206373;0;0;5363873;5661706;
46589;900915689;2019-12-31;2018;MILES;289042;3036988;300275;0;3626305;992672;0;0;0;0;992672;4618977;12896;32161;0;5892;448857;21509;521315;139239;0;0;0;0;139239;660554;2157500;0;0;1800923;0;0;3958423;4618977;
46590;900957696;2019-12-31;2019;MILES;1172898;0;5395294;0;6568192;0;0;0;20229075;0;20229075;26797267;0;13425219;0;8205;42583;0;13476007;0;13174054;0;0;0;13174054;26650061;50000;0;25000;72206;0;0;147206;26797267;
46591;900957696;2019-12-31;2018;MILES;34617;0;1110114;0;1144731;0;0;0;17902414;0;17902414;19047145;0;17347741;0;7940;52366;0;17408047;0;1504798;0;0;0;1504798;18912845;50000;0;25000;59300;0;0;134300;19047145;
46592;804003084;2019-12-31;2019;MILES;2256348;0;18106110;1796901;22159359;9902070;0;1326773;458605;0;11687448;33846807;6081281;2385899;0;1473098;0;0;9940278;7505771;0;1029355;2868590;12964;11416680;21356958;3880680;0;1018724;5109158;0;2481287;12489849;33846807;
46593;804003084;2019-12-31;2018;MILES;1463255;0;12090353;379787;13933395;8723745;0;1326773;462867;0;10513385;24446780;1788555;3662347;0;801011;0;0;6251913;3770573;0;1145547;1288840;1304479;7509439;13761352;2578360;0;976306;4649475;0;2481287;10685428;24446780;
46594;900224988;2019-12-31;2019;MILES;31785;0;67405;0;99190;3839758;763946;0;979885;763946;6347535;6446725;0;2689;0;2708;20759;0;26156;0;910503;230721;0;0;1141224;1167380;1220000;1880000;110328;2069017;0;0;5279345;6446725;
46595;900224988;2019-12-31;2018;MILES;264734;6168;70196;0;341098;3877758;696184;0;1047647;696184;6317773;6658871;0;49337;0;1417;24187;0;74941;0;3401401;210350;0;0;3611751;3686692;1200000;0;103190;1668989;0;0;2972179;6658871;
46596;830070685;2019-12-31;2019;MILES;68031;1316626;7519578;0;8904235;461446;0;0;6633250;0;7094696;15998931;1016512;614362;157941;0;794335;1623838;4206988;1684800;1374694;0;0;0;3059494;7266482;15000;0;1375157;7342292;0;0;8732449;15998931;
46597;830070685;2019-12-31;2018;MILES;143220;438159;8354623;0;8936002;348773;0;0;6470304;0;6819077;15755079;225000;3001068;7067;0;988035;1482562;5703732;681621;3058031;0;0;562;3740214;9443946;15000;0;2080886;4215247;0;0;6311133;15755079;
46598;900883185;2019-12-31;2019;MILES;24781;600;3886154;0;3911535;0;20242;0;6641970;20242;6682454;10593989;0;2664117;0;35146;13057;0;2712320;0;5530125;0;0;0;5530125;8242445;50000;0;25000;2276544;0;0;2351544;10593989;
46599;900883185;2019-12-31;2018;MILES;2346;851;3772147;0;3775344;0;7;0;6552109;7;6552123;10327467;0;5060430;0;6392;81;0;5066903;0;1943380;0;0;0;1943380;7010283;50000;0;25000;3242184;0;0;3317184;10327467;
46600;900227389;2019-12-31;2019;MILES;118683;359518;15596160;0;16074361;5566310;0;14175142;44684928;0;64426380;80500741;1313100;44045004;0;1301231;95503;0;46754838;1485194;0;4232;0;0;1489426;48244264;2569000;0;1700182;24795405;0;3191890;32256477;80500741;
46601;900227389;2019-12-31;2018;MILES;5681944;233863;9369486;0;15285293;5526960;0;13938402;39798077;0;59263439;74548732;6397054;31515985;0;1105558;147721;0;39166318;2227584;0;4232;0;0;2231816;41398134;2569000;0;1700182;25689526;0;3191890;33150598;74548732;
46602;819000976;2019-12-31;2019;MILES;1601758;4402211;20326093;0;26330062;10527281;0;0;364283;0;10891564;37221626;3221160;6086571;0;878492;4133884;3213693;17533800;1750664;0;301842;0;0;2052506;19586306;322180;0;116057;17197083;0;0;17635320;37221626;
46603;819000976;2019-12-31;2018;MILES;2436149;3499547;12942152;0;18877848;10821539;0;180500;347756;0;11349795;30227643;3318051;5046836;0;917362;2260797;579251;12122297;913767;0;435165;0;0;1348932;13471229;362960;0;116057;16277397;0;0;16756414;30227643;
46604;830043098;2019-12-31;2019;MILES;1672770;59519;621095;0;2353384;226857;0;10307223;620830;0;11154910;13508294;1500635;2138575;0;9136;0;4063;3652409;0;0;754493;0;709909;1464402;5116811;300000;0;122961;1260475;0;6708047;8391483;13508294;
46605;830043098;2019-12-31;2018;MILES;984394;47948;479509;0;1511851;257959;0;10474498;580663;0;11313120;12824971;1944444;1397227;0;5757;0;1633;3349061;0;0;750476;0;709909;1460385;4809446;300000;0;482339;525139;0;6708047;8015525;12824971;
46606;860047379;2019-12-31;2019;MILES;311539;501100;4214821;5252858;10280318;3945235;0;0;524990;0;4470225;14750543;4101619;2933856;0;0;167536;144922;7347933;2083802;0;0;0;0;2083802;9431735;1792000;1050000;354347;2122461;0;0;5318808;14750543;
46607;860047379;2019-12-31;2018;MILES;819305;504289;3602694;5503242;10429530;2760945;0;0;18376;0;2779321;13208851;3733659;2555337;0;0;168688;187867;6645551;1998613;0;0;0;0;1998613;8644164;1600000;1050000;320739;1593948;0;0;4564687;13208851;
46608;900123097;2019-12-31;2019;MILES;204132;17385;739619;0;961136;0;2545615;6595936;-2387973;2545615;9299193;10260329;0;15753;0;0;438579;218427;672759;0;0;252574;0;0;252574;925333;1990000;0;214140;7130856;0;0;9334996;10260329;
46609;900123097;2019-12-31;2018;MILES;375965;639033;0;0;1014998;5240078;1372734;5940705;-1190092;1372734;12736159;13751157;0;324369;0;0;69765;222720;616854;0;6533506;610157;0;0;7143663;7760517;1990000;0;214140;1463106;0;2323394;5990640;13751157;
46610;800143586;2019-12-31;2019;MILES;5375568;11092131;108334652;21151759;145954110;59942871;0;2486992;24401297;0;86831160;232785270;0;38820906;2932275;0;0;8738393;50491574;0;63536830;0;0;21341214;84878044;135369618;3000000;0;1500000;85170650;0;7745002;97415652;232785270;
46611;800143586;2019-12-31;2018;MILES;7670262;15830261;96795338;18583728;138879589;66638185;0;2496449;8814093;0;77948727;216828316;0;13881635;2431557;0;0;9211730;25524922;0;63928130;0;0;28598367;92526497;118051419;3000000;0;1500000;86531895;0;7745002;98776897;216828316;
46612;811041400;2019-12-31;2019;MILES;4420838;816499;878820;0;6116157;29025068;9285405;0;135671795;9285405;183267673;189383830;0;173272;735578;13334;33947;0;956131;0;15445698;5022127;0;267083;20734908;21691039;500000;10719018;32155137;8797674;0;115520962;167692791;189383830;
46613;811041400;2019-12-31;2018;MILES;8669807;639441;1607675;100;10917023;27146620;6792994;0;121455362;6792994;162187970;173104993;0;332937;1400151;12016;38867;0;1783971;0;11725747;5008327;0;119552;16853626;18637597;500000;10719018;32155137;10936936;0;100156305;154467396;173104993;
46614;860091073;2019-12-31;2019;MILES;7182;5084509;0;0;5091691;0;0;0;7840171;0;7840171;12931862;639725;977612;0;0;870472;43377;2531186;0;0;0;0;6191743;6191743;8722929;1850000;0;175000;1998115;0;185818;4208933;12931862;
46615;860091073;2019-12-31;2018;MILES;803042;7424719;114;0;8227875;2968;0;0;7848233;0;7851201;16079076;1166715;1625094;0;0;673376;64396;3529581;0;0;0;0;9984557;9984557;13514138;350000;0;175000;1854120;0;185818;2564938;16079076;
46616;800091068;2019-12-31;2019;MILES;64413;3416275;8346206;690786;12517680;67442916;12157280;23585891;76363051;12157280;191706418;204224098;8016397;4634205;0;784168;303264;350751;14088785;6678771;0;7279299;0;0;13958070;28046855;1206000;0;142048403;32922840;0;0;176177243;204224098;
46617;800091068;2019-12-31;2018;MILES;1326246;5718495;9688438;760387;17493566;67188189;6805439;25693905;74007905;6805439;180500877;197994443;4983289;3497137;0;386105;175212;164967;9206710;5755393;0;6826532;0;0;12581925;21788635;1005000;0;142048403;33152405;0;0;176205808;197994443;
46618;860521086;2019-12-31;2019;MILES;423;0;1642633;0;1643056;924647;0;0;1992460;0;2917107;4560163;0;1116893;0;0;0;81251;1198144;0;0;271869;0;108329;380198;1578342;47989;0;25036;2908796;0;0;2981821;4560163;
46619;860521086;2019-12-31;2018;MILES;1426;0;1488131;0;1489557;936036;0;0;1992460;0;2928496;4418053;0;1029994;0;0;8027;81251;1119272;0;0;275627;0;189580;465207;1584479;47989;0;25036;2760549;0;0;2833574;4418053;
46620;812007988;2019-12-31;2019;MILES;30830;0;993719;63810;1088359;5581726;0;272146;192266;0;6046138;7134497;67521;204745;6412;34153;11191;110400;434422;0;0;0;0;494288;494288;928710;10000;0;8767;6187020;0;0;6205787;7134497;
46621;812007988;2019-12-31;2018;MILES;72012;0;930744;79960;1082716;5670395;0;245180;201593;0;6117168;7199884;101759;158840;0;38375;9910;70294;379178;0;0;0;0;580218;580218;959396;10000;0;8767;6221721;0;0;6240488;7199884;
46622;832009995;2019-12-31;2019;MILES;551311;0;3706320;1044190;5301821;5037473;0;0;0;0;5037473;10339294;856532;488301;0;60472;899884;9096;2314285;0;0;395539;0;0;395539;2709824;800000;0;304965;3468815;0;3055690;7629470;10339294;
46623;832009995;2019-12-31;2018;MILES;282942;0;3338235;946562;4567739;4856887;0;0;0;0;4856887;9424626;1027331;428840;0;48933;283012;6203;1794319;0;0;331116;0;0;331116;2125435;800000;0;267296;1975874;0;4256021;7299191;9424626;
46624;860509995;2019-12-31;2019;MILES;70093;21040;24944;0;116077;2067211;0;4635622;15331100;0;22033933;22150010;0;493;0;0;24929;0;25422;0;223670;1080858;0;0;1304528;1329950;5000;0;2500;20812560;0;0;20820060;22150010;
46625;860509995;2019-12-31;2018;MILES;262405;59786;13155;0;335346;2145855;0;4593067;13797870;0;20536792;20872138;0;850;0;0;156851;26954;184655;0;231340;941511;0;0;1172851;1357506;5000;0;2500;19507132;0;0;19514632;20872138;
46626;900983292;2019-12-31;2019;MILES;31916;6808;0;0;38724;0;9793452;0;2461348;9793452;22048252;22086976;0;0;0;0;3003;0;3003;0;18018146;0;0;0;18018146;18021149;4140000;0;0;-74173;0;0;4065827;22086976;
46627;900983292;2019-12-31;2018;MILES;56573;12882;0;0;69455;0;9769648;0;2484354;9769648;22023650;22093105;0;0;0;0;21232;0;21232;0;17995201;0;0;0;17995201;18016433;4140000;0;0;-63328;0;0;4076672;22093105;
46628;900236889;2019-12-31;2019;MILES;2522;3000000;485624;69639;3557785;4379531;1185980;0;2058885;1185980;8810376;12368161;0;816957;74064;91654;91863;0;1074538;2187599;8119578;0;518561;161554;10987292;12061830;610000;0;0;-303669;0;0;306331;12368161;
46629;900236889;2019-12-31;2018;MILES;44342;3000000;206866;375054;3626262;4379530;2666146;0;-2143032;2666146;7568790;11195052;0;3318944;107789;139564;70584;709;3637590;2277268;1071837;4325346;0;0;7674451;11312041;610000;0;139663;-866652;0;0;-116989;11195052;
46630;900091695;2019-12-31;2019;MILES;2919882;1372355;6802513;42332;11137082;179202;0;0;713844;0;893046;12030128;0;3349019;0;0;300305;2604901;6254225;0;0;0;0;0;0;6254225;498230;4264751;1049195;-36273;0;0;5775903;12030128;
46631;900091695;2019-12-31;2018;MILES;1668524;2850064;7309683;166516;11994787;244866;0;17243926;1401675;0;18890467;30885254;0;3788324;0;0;599374;2825097;7212795;0;0;55035;0;7976380;8031415;15244210;598230;9841590;4547538;653686;0;0;15641044;30885254;
46632;890929069;2019-12-31;2019;MILES;4561339;0;2177187;0;6738526;22772169;0;0;8685877;0;31458046;38196572;0;0;0;6101;585005;1841913;2433019;0;2514370;2928614;0;0;5442984;7876003;144000;0;4111624;20546713;0;5518232;30320569;38196572;
46633;890929069;2019-12-31;2018;MILES;4148155;0;332373;0;4480528;23333559;0;0;6511780;0;29845339;34325867;0;0;0;38311;398848;120605;557764;0;3045046;2646928;0;0;5691974;6249738;144000;0;2702439;19677393;0;5552297;28076129;34325867;
46634;900406895;2019-12-31;2019;MILES;5598;116751;16100;1157879;1296328;0;0;506460;6456519;0;6962979;8259307;0;9536;6104;0;2978;806725;825343;0;6499744;62850;0;13644;6576238;7401581;360000;0;19084;478642;0;0;857726;8259307;
46635;900406895;2019-12-31;2018;MILES;6262;77938;32924;1157879;1275003;789;0;466318;6552313;0;7019420;8294423;0;5743;0;12159;1696;805680;825278;0;6497066;62850;0;13644;6573560;7398838;360000;0;19084;516501;0;0;895585;8294423;
46636;810006984;2019-12-31;2019;MILES;9816995;0;179030;0;9996025;15467764;3570451;0;183311;3570451;22791977;32788002;0;1358355;0;1924;38703;0;1398982;0;0;840427;0;0;840427;2239409;1078431;720736;18718387;10031039;0;0;30548593;32788002;
46637;810006984;2019-12-31;2018;MILES;11861923;0;1334754;0;13196677;15077780;1790357;0;845651;1790357;19504145;32700822;0;1332772;0;0;694988;0;2027760;0;0;1060563;0;0;1060563;3088323;1078431;720736;18718387;9094945;0;0;29612499;32700822;
46638;900132984;2019-12-31;2019;MILES;54860;1447233;1233753;0;2735846;190622;0;0;0;0;190622;2926468;0;1321822;0;0;162311;59549;1543682;0;0;0;194231;0;194231;1737913;150000;0;83468;955087;0;0;1188555;2926468;
46639;900132984;2019-12-31;2018;MILES;38548;915748;248323;0;1202619;199351;0;0;0;0;199351;1401970;0;73806;0;25648;234204;0;333658;0;0;0;85649;188455;274104;607762;150000;0;83468;560740;0;0;794208;1401970;
46640;900481088;2019-12-31;2019;MILES;514953;12027351;2512981;12421;15067706;16013417;10512056;0;-7625368;10512056;29412161;44479867;24988;54882;0;27533;735809;1007968;1851180;0;0;1582;0;0;1582;1852762;2158002;36358414;0;4110689;0;0;42627105;44479867;
46641;900481088;2019-12-31;2018;MILES;6303736;13812093;3049407;0;23165236;16810882;284356;0;2347063;284356;19726657;42891893;6027;252535;0;19891;477298;0;755751;0;0;246191;0;0;246191;1001942;2158002;36358414;673745;2699790;0;0;41889951;42891893;
46642;900628894;2019-12-31;2019;MILES;769362;2926660;18515122;1015179;23226323;443584;35988;0;-35267;35988;480293;23706616;1900000;8616733;471652;235950;13114;11214243;22451692;0;0;0;0;0;0;22451692;10193;0;5097;1239634;0;0;1254924;23706616;
46643;900628894;2019-12-31;2018;MILES;2178361;200000;7292382;462850;10133593;80086;799698;0;-798977;799698;880505;11014098;98091;1294340;471652;89014;209928;6659188;8822213;0;0;0;0;0;0;8822213;10193;0;5097;2176595;0;0;2191885;11014098;
46644;890800788;2019-12-31;2019;MILES;1362486;3102773;33922737;69606980;107994976;8865998;0;0;16045739;0;24911737;132906713;45141317;46024503;0;0;1329926;2375189;94870935;15943393;0;251446;0;0;16194839;111065774;15400000;0;1834922;4606017;0;0;21840939;132906713;
46645;890800788;2019-12-31;2018;MILES;1358294;9116565;32712348;69124092;112311299;8271692;0;3024292;429421;0;11725405;124036704;45989226;42354574;0;0;1899231;2281191;92524222;10070560;0;415749;0;0;10486309;103010531;15400000;0;1592610;4033563;0;0;21026173;124036704;
46646;800018183;2019-12-31;2019;MILES;268760;637465;1974744;0;2880969;38129007;4854574;1394638;10348651;4854574;59581444;62462413;1026667;254916;0;0;5727;404480;1691790;0;0;347598;0;0;347598;2039388;3000000;0;51459186;5963839;0;0;60423025;62462413;
46647;800018183;2019-12-31;2018;MILES;5070913;448370;1470286;0;6989569;36115058;4788526;1394638;9424573;4788526;56511321;63500890;0;543889;0;0;1565;1302660;1848114;0;0;643920;0;0;643920;2492034;3000000;0;51459186;6549670;0;0;61008856;63500890;
46648;900572879;2019-12-31;2019;MILES;1207629;1975530;886943;3078090;7148192;575955;0;0;0;0;575955;7724147;121949;354658;0;7363;99625;3509716;4093311;0;2429180;909;0;230066;2660155;6753466;6000;0;3000;961681;0;0;970681;7724147;
46649;900572879;2019-12-31;2018;MILES;436692;2339749;804034;4816546;8397021;614752;0;0;0;0;614752;9011773;1233448;522758;16075;7331;108790;882067;2770469;0;0;1240;0;5390404;5391644;8162113;6000;0;3000;840660;0;0;849660;9011773;
46650;900594497;2019-12-31;2019;MILES;937983;0;1444564;18794;2401341;0;0;0;1461190;0;1461190;3862531;0;18469;0;0;54971;2075726;2149166;0;0;0;0;0;0;2149166;250000;750000;1760;101005;0;610600;1713365;3862531;
46651;900594497;2019-12-31;2018;MILES;76903;0;5298727;185362;5560992;0;0;0;421060;0;421060;5982052;0;57562;0;0;105501;5089238;5252301;0;0;0;0;0;0;5252301;100000;0;1520;17631;0;610600;729751;5982052;
46652;830009986;2019-12-31;2019;MILES;4245962;37552;118102;0;4401616;13395358;164422;0;8927893;164422;22652095;27053711;0;197853;0;0;74559;31316;303728;2250000;2108236;74427;0;0;4432663;4736391;2600;12499900;5522;8362460;0;1446838;22317320;27053711;
46653;830009986;2019-12-31;2018;MILES;4268242;25768;1645931;0;5939941;12037634;1246383;0;8139512;1246383;22669912;28609853;0;187172;0;0;129100;19756;336028;2250000;3829518;76751;0;0;6156269;6492297;2600;12499900;5522;8162696;0;1446838;22117556;28609853;
46654;830032586;2019-12-31;2019;MILES;660570;387414;457666;0;1505650;48912;0;0;13362416;0;13411328;14916978;10614;0;0;259736;21624;211006;502980;0;0;829236;67614;68;896918;1399898;25000;0;38737;2459211;0;10994132;13517080;14916978;
46655;830032586;2019-12-31;2018;MILES;1115580;594641;482304;0;2192525;40452;0;0;11873936;0;11914388;14106913;14130;0;0;267892;4938;3643;290603;0;0;829236;215368;0;1044604;1335207;25000;0;38737;3036463;0;9671506;12771706;14106913;
46656;890926395;2019-12-31;2019;MILES;525522;467303;4612162;134988;5739975;39440;0;0;740745;0;780185;6520160;315378;4223092;0;172949;200552;56017;4967988;103889;0;120054;0;0;223943;5191931;180000;0;359037;789192;0;0;1328229;6520160;
46657;890926395;2019-12-31;2018;MILES;83490;1225384;4453977;96675;5859526;44676;0;0;709925;0;754601;6614127;486794;3858220;0;142910;400988;33053;4921965;192388;0;87088;0;0;279476;5201441;180000;0;359037;873649;0;0;1412686;6614127;
46658;829002285;2019-12-31;2019;MILES;688219;1946499;3409395;0;6044113;605409;0;0;0;0;605409;6649522;1048938;763102;0;0;0;0;1812040;2141435;933276;0;0;0;3074711;4886751;200000;0;39563;1413401;0;109807;1762771;6649522;
46659;829002285;2019-12-31;2018;MILES;284398;0;5294284;0;5578682;781320;0;0;0;0;781320;6360002;0;835490;0;0;0;0;835490;2267629;922758;0;0;0;3190387;4025877;200000;0;39563;1984755;0;109807;2334125;6360002;
46660;800083486;2019-12-31;2019;MILES;462445;75274;14653421;10102422;25293562;4144636;0;0;4715097;0;8859733;34153295;2168416;10294147;565602;653521;1634885;63320;15379891;5064223;0;0;0;0;5064223;20444114;1300000;0;4115710;7775503;0;517968;13709181;34153295;
46661;800083486;2019-12-31;2018;MILES;710846;60113;8557178;8853818;18181955;4261048;0;0;3791473;0;8052521;26234476;2724903;4975347;404520;707953;1141986;6327;9961036;0;0;0;0;5570681;5570681;15531717;1300000;0;4115710;4352705;0;934344;10702759;26234476;
46662;890924789;2019-12-31;2019;MILES;6474459;210700;5944012;0;12629171;1524917;0;0;0;0;1524917;14154088;23793;973110;0;268980;1225736;3224399;5716018;0;0;0;0;0;0;5716018;30000;0;15000;8393070;0;0;8438070;14154088;
46663;890924789;2019-12-31;2018;MILES;4542929;185656;5661699;0;10390284;1513515;0;0;0;0;1513515;11903799;168813;1030997;0;247451;992221;2686217;5125699;0;0;0;0;0;0;5125699;30000;0;15000;6733100;0;0;6778100;11903799;
46664;901029487;2019-12-31;2019;MILES;1000;0;0;0;1000;0;0;0;28638585;0;28638585;28639585;0;0;0;0;5;6;11;0;0;0;0;0;0;11;1000;0;0;-2;0;28638576;28639574;28639585;
46665;901029487;2019-12-31;2018;MILES;1000;0;0;0;1000;0;0;0;26026009;0;26026009;26027009;0;0;0;0;12;0;12;0;0;0;0;0;0;12;1000;0;0;-6;0;26026003;26026997;26027009;
46666;900413588;2019-12-31;2019;MILES;1664832;1439944;8240115;0;11344891;1204900;0;0;2423374;0;3628274;14973165;208486;958231;0;2147850;1295958;297964;4908489;204874;0;0;0;0;204874;5113363;1422720;0;684904;7752178;0;0;9859802;14973165;
46667;900413588;2019-12-31;2018;MILES;3662186;411375;10670554;0;14744115;992423;0;0;185689;0;1178112;15922227;275209;4535045;0;2316148;1401932;171131;8699465;365617;0;11412;0;0;377029;9076494;1422720;0;343872;5079141;0;0;6845733;15922227;
46668;900377085;2019-12-31;2019;MILES;1885777;10795564;26585609;0;39266950;3412249;0;0;1275887;0;4688136;43955086;2878557;7597832;1713658;5323037;3188417;1217438;21918939;2213415;0;0;0;64721;2278136;24197075;9050027;3562562;0;7145422;0;0;19758011;43955086;
46669;900377085;2019-12-31;2018;MILES;2846268;6783549;25421058;0;35050875;4017267;0;0;428849;0;4446116;39496991;2421108;4811638;1574681;4129878;2616607;3750422;19304334;0;0;4424;0;7577;12001;19316335;9050027;3562562;0;7568067;0;0;20180656;39496991;
46670;860067697;2019-12-31;2019;MILES;2652245;34971173;20094154;674331;58391903;2046894;3377708;7712689;38938963;3377708;55453962;113845865;8886017;20136432;0;1255963;3280862;0;33559274;0;5364101;573137;0;2119149;8056387;41615661;1932000;265980;25926902;43337461;0;767861;72230204;113845865;
46671;860067697;2019-12-31;2018;MILES;8630189;18384294;7051387;99572;34165442;9727402;1876059;0;44244259;1876059;57723779;91889221;0;21463236;0;1179376;3709687;1300000;27652299;0;4745672;225078;0;4723238;9693988;37346287;1932000;265980;19350159;32226934;0;767861;54542934;91889221;
46672;860027091;2019-12-31;2019;MILES;9500187;321373;8937786;0;18759346;150830;0;0;159487;0;310317;19069663;0;3794936;0;0;1370833;1056244;6222013;0;0;0;0;3244853;3244853;9466866;500000;0;5565334;3537463;0;0;9602797;19069663;
46673;860027091;2019-12-31;2018;MILES;9047235;94481;7133314;0;16275030;67444;0;0;109489;0;176933;16451963;0;2453759;0;0;1490270;859556;4803585;0;0;0;0;3098526;3098526;7902111;500000;0;4410373;3639479;0;0;8549852;16451963;
46674;890916585;2019-12-31;2019;MILES;207634;585127;26203;0;818964;500844;0;0;9963455;0;10464299;11283263;0;346593;0;0;25656;0;372249;0;0;75581;0;0;75581;447830;90841;2294190;0;8450402;0;0;10835433;11283263;
46675;890916585;2019-12-31;2018;MILES;609751;362526;0;0;972277;500844;0;0;7772858;0;8273702;9245979;0;26417;0;0;24836;0;51253;0;0;0;0;0;0;51253;90841;2294190;0;6809695;0;0;9194726;9245979;
46676;860040584;2019-12-31;2019;MILES;2250494;4165888;18472727;4426837;29315946;171151100;15820261;49899813;78976675;15820261;331668110;360984056;12992495;16136958;0;1259746;1005143;0;31394342;54845573;48949761;21318348;0;3201317;128314999;159709341;5380000;1866628;77929579;116098508;0;0;201274715;360984056;
46677;860040584;2019-12-31;2018;MILES;8064925;4338878;20390184;4718452;37512439;167978909;14789613;48190807;78895742;14789613;324644684;362157123;22746714;14664463;0;1287408;3116737;0;41815322;52032755;47701194;21084255;0;3275195;124093399;165908721;5380000;1866628;77929579;111072195;0;0;196248402;362157123;
46678;900854052;2019-12-31;2019;MILES;3934;30087;2303462;0;2337483;1985159;0;0;603765;0;2588924;4926407;0;10236;0;10890;16998;0;38124;0;2641682;353;0;0;2642035;2680159;2000000;0;134536;111712;0;0;2246248;4926407;
46679;900854052;2019-12-31;2018;MILES;281155;26169;1740719;0;2048043;1991232;0;0;603765;0;2594997;4643040;0;89743;0;1443;17396;0;108582;0;2399792;130;0;0;2399922;2508504;2000000;0;134536;0;0;0;2134536;4643040;
46680;890902584;2019-12-31;2019;MILES;1825814;433131;535052;181971;2975968;26753912;5000000;0;5792134;5000000;42546046;45522014;0;487279;0;76164;150456;328192;1042091;0;0;3704044;0;2494387;6198431;7240522;800131;5009683;3663586;28808092;0;0;38281492;45522014;
46681;890902584;2019-12-31;2018;MILES;1125450;843467;744261;211887;2925065;26163833;4200000;0;5883555;4200000;40447388;43372453;0;335323;0;93435;5627;215917;650302;0;0;3704044;0;2522253;6226297;6876599;800131;5009683;4663586;26022454;0;0;36495854;43372453;
46682;900387959;2019-12-31;2019;MILES;2454278;7971;415873;0;2878122;3252463;30631;1057513;5266107;30631;9637345;12515467;5641;3447;0;0;27313;0;36401;0;0;215058;0;0;215058;251459;6136000;0;2107696;1839900;0;2180412;12264008;12515467;
46683;900387959;2019-12-31;2018;MILES;2496658;8778;780698;0;3286134;2027160;247905;925634;4132554;247905;7581158;10867292;71;249500;0;0;56500;0;306071;0;0;166471;0;0;166471;472542;6136000;0;1694169;1225785;0;1338796;10394750;10867292;
46684;890103384;2019-12-31;2019;MILES;796898;963602;14382443;0;16142943;57629553;0;0;1110913;0;58740466;74883409;1620297;4061057;0;132620;38369;53988;5906331;0;13646996;5394316;0;0;19041312;24947643;20000;0;0;49915766;0;0;49935766;74883409;
46685;890103384;2019-12-31;2018;MILES;431696;410623;15478213;0;16320532;57676911;0;0;1110913;0;58787824;75108356;2449840;3368768;0;174842;160477;94323;6248250;0;13904873;5394316;0;0;19299189;25547439;20000;0;0;49540917;0;0;49560917;75108356;
46686;900398294;2019-12-31;2019;MILES;394752;0;375948;439697;1210397;1391971;541333;0;-329870;541333;2144767;3355164;0;494491;0;7631;75277;0;577399;812269;704498;0;240737;24364;1781868;2359267;550000;0;165857;280040;0;0;995897;3355164;
46687;900398294;2019-12-31;2018;MILES;7090;0;188317;236411;431818;1391970;466637;0;-150133;466637;2175111;2606929;0;108749;0;38521;0;0;147270;694016;1271599;17143;0;0;1982758;2130028;550000;0;165857;-238956;0;0;476901;2606929;
46688;900396689;2019-12-31;2019;MILES;1635598;0;1896345;0;3531943;214478;1435550;0;21361334;1435550;24446912;27978855;0;931114;0;0;243971;0;1175085;0;1220780;1801141;0;0;3021921;4197006;1282740;271260;1834438;20393411;0;0;23781849;27978855;
46689;900396689;2019-12-31;2018;MILES;555252;0;0;0;555252;26910;2830856;0;21131601;2830856;26820223;27375475;0;276149;0;0;37662;0;313811;0;1220780;1869698;0;0;3090478;3404289;1282740;271260;1834438;20582748;0;0;23971186;27375475;
46690;900291186;2019-12-31;2019;MILES;262492;3124224;5761125;866376;10014217;2906611;0;1206256;2944812;0;7057679;17071896;9078605;2838314;0;102843;0;445178;12464940;0;0;588975;0;0;588975;13053915;260000;1255056;130000;1728129;0;644796;4017981;17071896;
46691;900291186;2019-12-31;2018;MILES;944231;1134704;13081436;1572756;16733127;4348447;0;0;1322327;0;5670774;22403901;5458964;9799212;0;72619;425022;3284899;19040716;0;0;0;0;0;0;19040716;260000;1255056;120000;718334;0;1009795;3363185;22403901;
46692;900251493;2019-12-31;2019;MILES;602575;11328801;445364;127075;12503815;7135166;0;0;119827;0;7254993;19758808;9464341;1823867;0;105941;127582;0;11521731;0;0;830829;0;260000;1090829;12612560;20000;0;10000;7116248;0;0;7146248;19758808;
46693;900251493;2019-12-31;2018;MILES;150146;8124042;569656;185793;9029637;7305417;0;0;119827;0;7425244;16454881;7488489;2360095;0;104193;204175;0;10156952;0;0;800540;0;260000;1060540;11217492;20000;0;10000;5207389;0;0;5237389;16454881;
46694;860001986;2019-12-31;2019;MILES;1364049;7138536;19995180;19827144;48324909;7430536;0;0;7792608;0;15223144;63548053;4868483;13796410;0;6672599;304000;769003;26410495;2443674;8952415;8646;0;5888813;17293548;43704043;4000000;0;2000000;13644702;0;199308;19844010;63548053;
46695;860001986;2019-12-31;2018;MILES;2485149;4911712;18411628;19285492;45093981;7810361;0;0;6554731;0;14365092;59459073;3674358;10571520;0;6785136;437280;141051;21609345;1677188;10576368;546742;0;7131002;19931300;41540645;4000000;0;2000000;11719120;0;199308;17918428;59459073;
46696;900191597;2019-12-31;2019;MILES;3943;18838;46166;295000;363947;0;5117925;506460;-4090540;5117925;6651770;7015717;0;100166;131411;0;4302;683851;919730;0;3506104;0;0;396957;3903061;4822791;2007000;0;446774;-260848;0;0;2192926;7015717;
46697;900191597;2019-12-31;2018;MILES;44605;15211;45342;295000;400158;3009;5248852;353715;-4143634;5248852;6710794;7110952;0;88353;1453;19990;8744;361761;480301;0;3131397;0;0;654004;3785401;4265702;2007000;0;494774;343476;0;0;2845250;7110952;
46698;811000289;2019-12-31;2019;MILES;4935;324445;5223856;4291207;9844443;1883629;0;0;180424;0;2064053;11908496;3206951;1518628;0;117798;749920;0;5593297;0;1765302;110121;0;28940;1904363;7497660;968164;704050;403573;2335049;0;0;4410836;11908496;
46699;811000289;2019-12-31;2018;MILES;177497;383473;4481968;4143018;9185956;1851034;0;0;101294;0;1952328;11138284;3244336;1660301;0;107383;410111;0;5422131;90330;2105139;90502;0;17704;2303675;7725806;968164;704050;387137;1353127;0;0;3412478;11138284;
46700;900326887;2019-12-31;2019;MILES;306285;0;2822126;0;3128411;0;0;0;6281559;0;6281559;9409970;0;192321;0;0;15244;0;207565;0;2002000;572064;0;0;2574064;2781629;411000;0;0;6217341;0;0;6628341;9409970;
46701;900326887;2019-12-31;2018;MILES;287596;0;2823567;0;3111163;0;0;0;5327821;0;5327821;8438984;0;248920;0;0;27692;0;276612;0;2002000;257331;0;0;2259331;2535943;411000;0;0;5492041;0;0;5903041;8438984;
46702;830065485;2019-12-31;2019;MILES;180646;1221412;1640479;0;3042537;651584;0;0;209869;0;861453;3903990;1230260;247364;0;361237;301795;695060;2835716;0;0;0;0;5607;5607;2841323;150000;0;401883;510784;0;0;1062667;3903990;
46703;830065485;2019-12-31;2018;MILES;394371;0;2213511;0;2607882;279377;105261;0;139989;105261;629888;3237770;567940;714719;24176;523188;217011;0;2047034;136852;0;20748;0;0;157600;2204634;150000;0;401883;481253;0;0;1033136;3237770;
46704;830511288;2019-12-31;2019;MILES;1096589;0;5866901;0;6963490;27843;0;86009056;61183281;0;147220180;154183670;0;2808568;0;0;497155;11955350;15261073;0;0;5092542;0;241400;5333942;20595015;16894000;17225860;71959343;27509452;0;0;133588655;154183670;
46705;830511288;2019-12-31;2018;MILES;409085;0;3564786;0;3973871;17649;0;96226330;50572070;0;146816049;150789920;0;525686;0;0;72423;11555350;12153459;0;0;4863740;0;1531696;6395436;18548895;16894000;17225860;64375801;33745364;0;0;132241025;150789920;
46706;900566287;2019-12-31;2019;MILES;103179067;1184161;59913909;0;164277137;0;0;0;687282932;0;687282932;851560069;0;13420;0;0;133121;0;146541;0;0;0;0;0;0;146541;14371008;431437090;42677858;362927572;0;0;851413528;851560069;
46707;900566287;2019-12-31;2018;MILES;166519396;0;9342500;0;175861896;0;0;0;629360309;0;629360309;805222205;0;26009;0;0;320411;0;346420;0;0;0;0;0;0;346420;14371008;431437090;41036774;318030913;0;0;804875785;805222205;
46708;890937084;2019-12-31;2019;MILES;53749;852383;31104877;0;32011009;0;0;796891;11394015;0;12190906;44201915;1118445;8916918;0;0;345553;0;10380916;3438242;9188930;935632;0;0;13562804;23943720;3089402;0;47371;17121422;0;0;20258195;44201915;
46709;890937084;2019-12-31;2018;MILES;98128;477095;27886710;0;28461933;0;0;3064010;9142249;0;12206259;40668192;922852;5477536;0;0;274482;0;6674870;3961287;11222367;722853;0;0;15906507;22581377;3089402;0;47371;14950042;0;0;18086815;40668192;
46710;860073093;2019-12-31;2019;MILES;63462150;737514;28334651;0;92534315;30460204;0;21933729;135632805;0;188026738;280561053;0;21054984;0;172357;431706;30000;21689047;33189466;0;8640290;0;0;41829756;63518803;723692;0;391555;215927003;0;0;217042250;280561053;
46711;860073093;2019-12-31;2018;MILES;43874016;112946;8920773;0;52907735;31138873;0;17014491;172194009;0;220347373;273255108;0;31453001;0;150571;769078;30000;32402650;32546317;0;7401239;0;0;39947556;72350206;723692;0;391555;199789655;0;0;200904902;273255108;
46712;890933379;2019-12-31;2019;MILES;195222;35904;453794;233132;918052;244009;0;0;708330;0;952339;1870391;83186;440829;0;0;134775;0;658790;0;0;0;0;0;0;658790;200000;0;93580;918021;0;0;1211601;1870391;
46713;890933379;2019-12-31;2018;MILES;431047;24706;360806;291305;1107864;280839;0;0;533330;0;814169;1922033;286060;374646;0;0;102027;0;762733;0;0;0;0;0;0;762733;200000;0;88348;870952;0;0;1159300;1922033;
46714;830002287;2019-12-31;2019;MILES;7672285;121824;6944004;13329352;28067465;18864;0;0;3786016;0;3804880;31872345;345801;1701022;0;0;1806;0;2048629;0;0;851;0;0;851;2049480;4868520;7144106;7938280;9871959;0;0;29822865;31872345;
46715;830002287;2019-12-31;2018;MILES;8251466;33345;6464708;14462569;29212088;16576;0;0;3715487;0;3732063;32944151;118947;1776123;0;0;90070;0;1985140;0;0;74222;0;0;74222;2059362;3876560;233060;1938280;24836889;0;0;30884789;32944151;
46716;900329899;2019-12-31;2019;MILES;2750;0;22539514;0;22542264;0;1325551;0;4544257;1325551;7195359;29737623;0;0;0;0;10051;0;10051;0;18312;437432;0;0;455744;465795;10603144;0;197042;18471642;0;0;29271828;29737623;
46717;900329899;2019-12-31;2018;MILES;53394;4357;0;0;57751;1567949;3790688;0;12650566;3790688;21799891;21857642;0;666;0;0;16833;0;17499;34995;0;449803;0;0;484798;502297;10603144;0;197042;10555159;0;0;21355345;21857642;
46718;890404389;2019-12-31;2019;MILES;2048904;0;12113727;2733446;16896077;191909386;4734995;0;81640875;4734995;283020251;299916328;7821698;18703279;0;2133287;2728623;0;31386887;88821209;1919491;170973;0;7356719;98268392;129655279;261800;1471516;190761;168336972;0;0;170261049;299916328;
46719;890404389;2019-12-31;2018;MILES;2150320;0;10399981;2737476;15287777;192587899;590841;0;85785029;590841;279554610;294842387;14530197;15088837;0;2015650;2493798;0;34128482;83921661;2595394;117416;0;7784887;94419358;128547840;261800;1471516;190761;164370470;0;0;166294547;294842387;
46720;830052685;2019-12-31;2019;MILES;88262;9034;10637302;3448312;14182910;3694315;2529759;416195;6359802;2529759;15529830;29712740;3619703;377662;137091;0;7097;1878656;6020209;12906864;0;333648;0;0;13240512;19260721;2500000;2502297;4092707;1357015;0;0;10452019;29712740;
46721;830052685;2019-12-31;2018;MILES;823013;4682;11927701;2555679;15311075;3728708;2567303;413708;6240631;2567303;15517653;30828728;8353943;2931460;189735;0;497430;946329;12918897;8553044;0;333648;0;0;8886692;21805589;2500000;2430432;3838045;254662;0;0;9023139;30828728;
46722;900414586;2019-12-31;2019;MILES;62604;185456;638729;0;886789;271540;0;0;443540;0;715080;1601869;0;39729;0;0;27321;0;67050;0;0;0;0;8998;8998;76048;19165;0;0;1506656;0;0;1525821;1601869;
46723;900414586;2019-12-31;2018;MILES;102832;40391;590282;0;733505;278610;0;0;506832;0;785442;1518947;0;23348;0;0;60742;0;84090;0;0;0;0;7702;7702;91792;19165;0;0;1407990;0;0;1427155;1518947;
46724;900959486;2019-12-31;2019;MILES;39223;0;1356021;173812;1569056;12065609;150000;0;1443179;150000;13808788;15377844;126286;608772;0;34461;0;0;769519;69298;13722947;0;0;0;13792245;14561764;1000000;0;0;-183920;0;0;816080;15377844;
46725;900959486;2019-12-31;2018;MILES;113245;0;782938;31502;927685;9291753;150000;0;1238016;150000;10829769;11757454;75079;754411;0;22226;0;0;851716;210905;9876880;0;0;0;10087785;10939501;1000000;0;0;-182047;0;0;817953;11757454;
46726;900329596;2019-12-31;2019;MILES;0;0;0;0;0;0;0;0;2460107;0;2460107;2460107;0;95024;0;0;0;0;95024;0;0;0;0;0;0;95024;1500000;960000;0;-94917;0;0;2365083;2460107;
46727;900329596;2019-12-31;2018;MILES;0;0;0;0;0;0;0;0;2460000;0;2460000;2460000;0;87043;0;0;290;0;87333;0;0;0;0;0;0;87333;1500000;960000;0;-87333;0;0;2372667;2460000;
46728;900772587;2019-12-31;2019;MILES;613627;108865;13795150;0;14517642;0;0;0;38351890;0;38351890;52869532;0;719548;0;0;82778;0;802326;0;0;1957659;0;0;1957659;2759985;20200;314746;0;49774601;0;0;50109547;52869532;
46729;900772587;2019-12-31;2018;MILES;572408;108830;11876965;0;12558203;0;0;0;32852006;0;32852006;45410209;0;3304;0;0;215712;0;219016;0;0;1926075;0;0;1926075;2145091;20200;314746;0;42930172;0;0;43265118;45410209;
46730;800177786;2019-12-31;2019;MILES;34623;0;161;0;34784;0;0;0;84289308;0;84289308;84324092;0;0;0;0;3;0;3;0;0;5466583;0;0;5466583;5466586;2592500;4345919;1203717;70715370;0;0;78857506;84324092;
46731;800177786;2019-12-31;2018;MILES;14;0;150;0;164;0;0;0;84489329;0;84489329;84489493;0;63018;0;0;5;0;63023;0;0;7253629;0;0;7253629;7316652;2450000;0;1225000;73497841;0;0;77172841;84489493;
46732;820004286;2019-12-31;2019;MILES;115153;147381;1043171;178323;1484028;130824;0;0;0;0;130824;1614852;0;54376;0;6427;0;0;60803;264986;0;0;112294;0;377280;438083;473073;0;66580;637116;0;0;1176769;1614852;
46733;820004286;2019-12-31;2018;MILES;579288;105708;158132;183323;1026451;136923;0;0;0;0;136923;1163374;0;38715;0;8534;0;0;47249;6893;0;0;78531;0;85424;132673;473073;0;40744;516884;0;0;1030701;1163374;
46734;900040184;2019-12-31;2019;MILES;3674;0;2647888;1482750;4134312;121809;0;1332448;376456;0;1830713;5965025;0;1767358;0;1454;10813;0;1779625;0;0;0;0;1011980;1011980;2791605;40000;0;20000;639693;0;2473727;3173420;5965025;
46735;900040184;2019-12-31;2018;MILES;30225;0;2441123;1425000;3896348;30671;0;1402050;342457;0;1775178;5671526;0;1852247;0;369;27975;0;1880591;0;0;0;0;964979;964979;2845570;40000;0;20000;619662;0;2146294;2825956;5671526;
46736;900098985;2019-12-31;2019;MILES;74967;0;39808757;758908;40642632;217294;0;0;2845998;0;3063292;43705924;63913;24023367;367073;255955;5052663;0;29762971;0;0;2263967;0;1898717;4162684;33925655;1540000;0;516598;7723671;0;0;9780269;43705924;
46737;900098985;2019-12-31;2018;MILES;275559;0;24063339;580997;24919895;5669276;0;0;694679;0;6363955;31283850;1974444;18029698;74022;326686;1231867;0;21636717;513889;0;2160195;0;3285759;5959843;27596560;1540000;0;274472;1872818;0;0;3687290;31283850;
46738;900200392;2019-12-31;2019;MILES;182828;8549;159690;0;351067;1714553;6588122;0;-6213122;6588122;8677675;9028742;13629;33792;0;24452;8504;52581;132958;0;1064396;0;0;0;1064396;1197354;500000;0;245740;7085648;0;0;7831388;9028742;
46739;900200392;2019-12-31;2018;MILES;148010;3582;171974;0;323566;1918674;7521494;0;-6696494;7521494;10265168;10588734;7529;2633836;0;21312;8300;0;2670977;0;0;0;0;135458;135458;2806435;500000;245740;0;7036559;0;0;7782299;10588734;
46740;830511286;2019-12-31;2019;MILES;239236;140576;1193420;0;1573232;594579;792773;23429811;26238605;792773;51848541;53421773;2120680;1916072;0;0;115318;0;4152070;0;0;1568903;0;6920571;8489474;12641544;14220000;0;2246692;24153537;0;160000;40780229;53421773;
46741;830511286;2019-12-31;2018;MILES;486318;282406;557006;0;1325730;609237;1373948;24636239;24126329;1373948;52119701;53445431;1891614;2547282;0;0;118468;0;4557364;633333;325209;1291162;0;7762521;10012225;14569589;14220000;0;2047760;22608082;0;0;38875842;53445431;
46742;901216288;2019-12-31;2019;MILES;1000;1260924;0;0;1261924;3400000;0;0;0;0;3400000;4661924;0;0;0;0;14808;0;14808;3301383;0;0;0;0;3301383;3316191;1253320;0;0;92413;0;0;1345733;4661924;
46743;901216288;2019-12-31;2018;MILES;1000;1252320;0;0;1253320;3400000;0;0;0;0;3400000;4653320;0;0;0;0;0;0;0;3400000;0;0;0;0;3400000;3400000;1253320;0;0;0;0;0;1253320;4653320;
46744;804010786;2019-12-31;2019;MILES;714241;1340511;8453714;0;10508466;4967742;0;0;54680;0;5022422;15530888;810251;968840;0;61187;278367;786750;2905395;1987193;4739279;24957;0;0;6751429;9656824;200000;0;521818;5152246;0;0;5874064;15530888;
46745;804010786;2019-12-31;2018;MILES;475266;379063;10412648;0;11266977;3354601;0;0;141407;0;3496008;14762985;1232294;577420;0;42273;230560;895441;2977988;1451196;4921452;52457;0;0;6425105;9403093;200000;0;484130;4675762;0;0;5359892;14762985;
46746;860058389;2019-12-31;2019;MILES;7687010;9977660;12006083;818591;30489344;10961796;2560800;5660828;-2044784;2560800;19699440;50188784;3508265;4053516;0;1066318;84842;8125675;16838616;8386463;1533718;1077121;0;2708558;13705860;30544476;2000000;0;982780;16661528;0;0;19644308;50188784;
46747;860058389;2019-12-31;2018;MILES;3049877;1365512;7596767;0;12012156;11598008;0;4892314;975571;0;17465893;29478049;899866;1457461;745265;262924;92301;68418;3526235;2505318;2205380;241741;0;205253;5157692;8683927;2000000;0;958259;17835863;0;0;20794122;29478049;
46748;901256988;2019-12-31;2019;MILES;1;0;0;0;1;0;0;0;17911635;0;17911635;17911636;0;0;0;0;0;6863;6863;0;0;0;0;0;0;6863;500000;1777818;2747893;7481665;0;5397397;17904773;17911636;
46749;901256988;2019-12-31;2018;MILES;1;0;0;0;1;0;0;0;17911635;0;17911635;17911636;0;0;0;0;0;6863;6863;0;0;0;0;0;0;6863;500000;1777818;2747893;7481665;0;5397397;17904773;17911636;
46750;900296087;2019-12-31;2019;MILES;3649966;81416;891809;0;4623191;33157717;0;240590;65785433;0;99183740;103806931;0;3997000;0;0;53034;0;4050034;0;0;9665121;0;0;9665121;13715155;10515;15443903;63756;51072924;0;23500678;90091776;103806931;
46751;900296087;2019-12-31;2018;MILES;2619479;9217;815526;0;3444222;29648045;0;240590;49221638;0;79110273;82554495;0;29077;0;0;169705;0;198782;0;0;6831229;0;0;6831229;7030011;10515;15443903;63756;51226322;0;8779988;75524484;82554495;
46752;900428286;2019-12-31;2019;MILES;438370;494775;2235765;0;3168910;0;0;0;202;0;202;3169112;27609;719297;0;26555;692013;198727;1664201;0;0;0;0;0;0;1664201;10000;0;38881;1456030;0;0;1504911;3169112;
46753;900428286;2019-12-31;2018;MILES;782335;447586;983596;0;2213517;0;0;0;202;0;202;2213719;10263;535940;0;21627;388684;296328;1252842;0;0;0;0;0;0;1252842;10000;0;38881;911996;0;0;960877;2213719;
46754;804017887;2019-12-31;2019;MILES;1501855;0;26011396;166617633;194130884;2637105;91366836;0;103941053;91366836;289311830;483442714;1100000;23630841;0;793554;1267133;98554635;125346163;200573931;71725402;4000918;0;0;276300251;401646414;900000;35788204;689227;8141977;0;36276892;81796300;483442714;
46755;804017887;2019-12-31;2018;MILES;149407;0;24487876;177239222;201876505;3179952;62274496;0;76922548;62274496;204651492;406527997;1100000;21719945;0;759381;961581;29551430;54092337;208310090;57409817;3658009;0;0;269377916;323470253;900000;35788204;689227;9403421;0;36276892;83057744;406527997;
46756;830088172;2019-12-31;2019;MILES;59137;179834;567058;2168176;2974205;1792128;0;0;37262;0;1829390;4803595;43337;823335;0;57744;144273;0;1068689;0;0;2607;0;764428;767035;1835724;250000;0;75000;2642871;0;0;2967871;4803595;
46757;830088172;2019-12-31;2018;MILES;206668;683864;2116359;1840714;4847605;876852;0;0;29554;0;906406;5754011;27791;1183702;0;44203;317418;0;1573114;0;0;7369;0;1291511;1298880;2871994;250000;0;75000;2557017;0;0;2882017;5754011;
46758;900394584;2019-12-31;2019;MILES;692813;18919;1518584;0;2230316;2322403;0;2585282;1892896;0;6800581;9030897;0;575074;0;10061;50956;0;636091;0;0;110809;0;40794;151603;787694;2760000;0;757822;4725381;0;0;8243203;9030897;
46759;900394584;2019-12-31;2018;MILES;1060628;18334;1127415;0;2206377;2354646;0;2605318;1329381;0;6289345;8495722;0;717780;0;10311;52888;0;780979;0;0;110809;0;40794;151603;932582;2760000;0;194308;4608832;0;0;7563140;8495722;
46760;900604884;2019-12-31;2019;MILES;3101752;0;16565457;0;19667209;0;94822993;11014294;-73669557;94822993;126990723;146657932;0;31522;0;0;337864;26515;395901;91053790;0;0;0;0;91053790;91449691;3805700;34246733;0;17155808;0;0;55208241;146657932;
46761;900604884;2019-12-31;2018;MILES;1507134;997875;0;0;2505009;0;115749402;0;-87408852;115749402;144089952;146594961;0;573513;0;0;0;77231;650744;111307545;0;182;0;0;111307727;111958471;3805700;34246733;0;-3415943;0;0;34636490;146594961;
46762;900951486;2019-12-31;2019;MILES;332696;0;2152478;0;2485174;0;20442104;0;4524781;20442104;45408989;47894163;0;47516;0;0;57387;0;104903;0;28840122;0;18323005;0;47163127;47268030;50000;0;0;576133;0;0;626133;47894163;
46763;900951486;2019-12-31;2018;MILES;2572748;0;2111187;0;4683935;0;1329815;0;23455583;1329815;26115213;30799148;0;12076;0;0;48;0;12124;0;11843603;0;18323005;0;30166608;30178732;50000;0;0;570416;0;0;620416;30799148;
46764;901051294;2019-12-31;2019;MILES;609308;272458;1906778;1633848;4422392;5606;1412253;0;-232580;1412253;2597532;7019924;200000;1830381;0;0;171101;0;2201482;0;4535945;0;0;0;4535945;6737427;100000;0;0;182497;0;0;282497;7019924;
46765;901051294;2019-12-31;2018;MILES;84238;245804;1931209;368833;2630084;3968;1114350;0;241702;1114350;2474370;5104454;0;1490938;0;0;169847;0;1660785;0;3235081;0;0;0;3235081;4895866;100000;0;0;108588;0;0;208588;5104454;
46766;800041787;2019-12-31;2019;MILES;4204919;728803;7337652;5997563;18268937;4390295;0;4831333;0;0;9221628;27490565;732877;3053009;1863258;456212;0;0;6105356;0;0;496707;0;0;496707;6602063;2030297;0;1688563;17169642;0;0;20888502;27490565;
46767;800041787;2019-12-31;2018;MILES;2003351;0;5960346;6202420;14166117;5401112;0;2974670;0;0;8375782;22541899;1512149;2428296;1216135;636280;0;0;5792860;0;0;496707;0;0;496707;6289567;2030297;0;1327653;12894382;0;0;16252332;22541899;
46768;811026400;2019-12-31;2019;MILES;2669321;207;9292601;43761158;55723287;1936492;0;0;10565011;0;12501503;68224790;11299153;21762341;0;57083;1479499;22415415;57013491;0;0;50707;0;206;50913;57064404;52000;3095964;491516;6257908;0;1262998;11160386;68224790;
46769;811026400;2019-12-31;2018;MILES;3524163;2288255;6211100;43992814;56016332;1936492;0;0;12414056;0;14350548;70366880;12835054;6685493;0;71889;836277;37136307;57565020;0;0;50707;0;2040596;2091303;59656323;52000;3095964;491516;5808079;0;1262998;10710557;70366880;
46770;900391796;2019-12-31;2019;MILES;42902;13947525;1014724;675000;15680151;8115803;755061;354332;729295;755061;10709552;26389703;0;184105;0;2072;136081;0;322258;0;0;277489;0;0;277489;599747;737012;6453108;368505;18231331;0;0;25789956;26389703;
46771;900391796;2019-12-31;2018;MILES;101199;13987324;1769726;675000;16533249;5468736;1170687;1093244;85600;1170687;8988954;25522203;0;152052;0;1561;145326;0;298939;0;0;197235;0;0;197235;496174;737012;6453108;300242;17535667;0;0;25026029;25522203;
46772;900391795;2019-12-31;2019;MILES;109400;11694129;976615;675000;13455144;10444372;755061;371922;498026;755061;12824442;26279586;0;78418;0;0;148803;125881;353102;0;0;233787;0;0;233787;586889;759700;6657300;379850;17895847;0;0;25692697;26279586;
46773;900391795;2019-12-31;2018;MILES;10576;12438157;1762119;675000;14885852;8096541;1170402;750171;-76020;1170402;11111496;25997348;0;52323;0;0;132363;88518;273204;0;0;226089;0;0;226089;499293;759700;6657300;251344;17829711;0;0;25498055;25997348;
46774;802015298;2019-12-31;2019;MILES;50635;362961;2694683;2101074;5209353;168512;2274696;0;-573793;2274696;4144111;9353464;2552635;2318438;0;79723;419614;42179;5412589;1997682;0;2240;0;0;1999922;7412511;2158720;0;87948;-607188;0;301473;1940953;9353464;
46775;802015298;2019-12-31;2018;MILES;251689;384194;3009850;2799662;6445395;2532215;576499;0;363405;576499;4048618;10494013;3793770;3065492;0;132816;300998;0;7293076;1358041;0;2240;0;0;1360281;8653357;1831720;0;87948;-380485;0;301473;1840656;10494013;
46776;860514592;2019-12-31;2019;MILES;5748719;115780748;1496856;6780457;129806780;14521250;0;0;4249382;0;18770632;148577412;0;120689756;0;2506593;1277164;0;124473513;0;0;2258739;0;0;2258739;126732252;101500;0;64994;21068461;0;610205;21845160;148577412;
46777;860514592;2019-12-31;2018;MILES;24718492;88171292;1449430;5372005;119711219;6858260;0;0;3738086;0;10596346;130307565;0;105703835;0;1917011;1141846;0;108762692;0;0;2258733;0;0;2258733;111021425;101500;0;64994;18509441;0;610205;19286140;130307565;
46778;830096590;2019-12-31;2019;MILES;1587799;2341169;7950380;4055875;15935223;3487508;5400329;0;-597656;5400329;13690510;29625733;5354072;5529785;0;613578;2248118;93487;13839040;6064071;339502;81595;0;0;6485168;20324208;1133096;881311;465674;6821444;0;0;9301525;29625733;
46779;830096590;2019-12-31;2018;MILES;1705395;2628497;7686041;2756823;14776756;1948793;10606253;0;-9176048;10606253;13985251;28762007;5190957;4938035;0;502754;2124214;81558;12837518;9452052;542538;81145;0;0;10075735;22913253;1133096;881311;141637;3692710;0;0;5848754;28762007;
46780;811012295;2019-12-31;2019;MILES;1060450;2075;9167887;720080;10950492;76370193;0;3095808;31203564;0;110669565;121620057;4415218;3688246;0;0;1216135;554005;9873604;12666669;0;16904827;0;0;29571496;39445100;2000000;0;1887392;10210087;0;68077478;82174957;121620057;
46781;811012295;2019-12-31;2018;MILES;598563;58739;3938190;409293;5004785;76216949;0;3095808;30640656;0;109953413;114958198;4655356;4069189;0;0;1056994;439976;10221515;8159351;0;17698772;0;0;25858123;36079638;2000000;0;1887392;7581604;0;67409564;78878560;114958198;
46782;900736492;2019-12-31;2019;MILES;1317;6787;2028;0;10132;0;324051;0;4903032;324051;5551134;5561266;0;72877;0;72373;11365;0;156615;0;3172061;0;0;0;3172061;3328676;100002;904798;0;1227790;0;0;2232590;5561266;
46783;900736492;2019-12-31;2018;MILES;50;3357;0;0;3407;0;241438;0;4962687;241438;5445563;5448970;0;75331;0;0;6614;0;81945;0;3172061;0;0;0;3172061;3254006;100002;904798;0;1190164;0;0;2194964;5448970;
46784;900098195;2019-12-31;2019;MILES;687;0;1511147;93245;1605079;2606399;0;0;0;0;2606399;4211478;0;231586;0;0;0;0;231586;1284929;496378;0;0;0;1781307;2012893;2000000;0;147514;51071;0;0;2198585;4211478;
46785;900098195;2019-12-31;2018;MILES;44;0;1291686;681422;1973152;4540865;0;0;0;0;4540865;6514017;18411;31262;0;0;61794;0;111467;1902138;83070;0;0;1315180;3300388;3411855;2000000;0;147514;954648;0;0;3102162;6514017;
46786;900655891;2019-12-31;2019;MILES;3755872;0;99879458;4284847;107920177;16245083;0;0;103391094;0;119636177;227556354;8466349;19633279;0;1181078;218230;0;29498936;2693233;1085720;0;0;125323001;129101954;158600890;38600000;21400000;0;8955464;0;0;68955464;227556354;
46787;900655891;2019-12-31;2018;MILES;2713983;0;71832571;3726188;78272742;18110410;0;0;86922857;0;105033267;183306009;520822;36056597;0;987018;1650284;0;39214721;8228018;2750242;0;0;68588460;79566720;118781441;38400000;0;11600000;14524568;0;0;64524568;183306009;
46788;900332892;2019-12-31;2019;MILES;150492;172275;2874070;0;3196837;254152;0;0;44349;0;298501;3495338;174694;504124;0;0;244152;204084;1127054;244141;0;0;0;0;244141;1371195;100000;0;1967870;56273;0;0;2124143;3495338;
46789;900332892;2019-12-31;2018;MILES;335119;29466;3523758;0;3888343;287206;0;0;73797;0;361003;4249346;170446;884593;0;0;525666;239055;1819760;379240;0;0;0;0;379240;2199000;100000;0;922822;1027524;0;0;2050346;4249346;
46790;860068394;2019-12-31;2019;MILES;57628;8005;17877;0;83510;0;0;0;68731645;0;68731645;68815155;0;0;0;0;0;0;0;0;10063712;1351731;0;0;11415443;11415443;200800;0;0;23799485;0;33399427;57399712;68815155;
46791;860068394;2019-12-31;2018;MILES;57628;8312;17877;0;83817;0;0;0;64897452;0;64897452;64981269;0;0;0;0;181;0;181;0;0;0;0;10052268;10052268;10052449;200800;0;0;22589927;0;32138093;54928820;64981269;
46792;900540792;2019-12-31;2019;MILES;1179942;0;2592961;0;3772903;252944;0;0;15922;0;268866;4041769;24087;1029757;0;0;0;76750;1130594;0;0;0;29070;2445366;2474436;3605030;70643;0;0;366096;0;0;436739;4041769;
46793;900540792;2019-12-31;2018;MILES;653760;0;2948791;0;3602551;137871;0;0;0;0;137871;3740422;0;271524;0;0;0;0;271524;0;0;0;30152;3070978;3101130;3372654;70643;0;0;297125;0;0;367768;3740422;
46794;800187291;2019-12-31;2019;MILES;914340;1005643;9737866;2621599;14279448;17230612;0;0;76412;0;17307024;31586472;2421894;1399264;0;333948;668976;34987;4859069;2054152;417892;996692;0;2347952;5816688;10675757;500000;0;500000;19910715;0;0;20910715;31586472;
46795;800187291;2019-12-31;2018;MILES;907968;837830;12686789;849992;15282579;16627427;0;0;76412;0;16703839;31986418;999286;1622118;0;262906;721060;1658094;5263464;1990355;3161478;996692;0;847850;6996375;12259839;500000;0;475792;18750787;0;0;19726579;31986418;
46796;900391392;2019-12-31;2019;MILES;7778;6312183;133336;0;6453297;2194795;0;0;75177;0;2269972;8723269;0;6264;0;0;9555;0;15819;0;1508725;2054297;0;0;3563022;3578841;40000;220000;0;4884428;0;0;5144428;8723269;
46797;900391392;2019-12-31;2018;MILES;2012;6163972;128604;0;6294588;1792759;0;0;75177;0;1867936;8162524;0;25575;0;0;12294;0;37869;0;1662155;1830537;0;0;3492692;3530561;40000;220000;0;4371963;0;0;4631963;8162524;
46798;830080150;2019-12-31;2019;MILES;222534;1423744;7747627;7892734;17286639;120281;480271;0;-341973;480271;738850;18025489;2681980;7675712;0;179685;1675166;405533;12618076;0;0;79438;0;0;79438;12697514;2937872;0;247870;2142233;0;0;5327975;18025489;
46799;830080150;2019-12-31;2018;MILES;553327;1370241;6468036;6644310;15035914;119092;467233;0;-340684;467233;712874;15748788;5024558;6576944;0;148135;645609;133874;12529120;0;0;29960;0;0;29960;12559080;2373244;0;185491;630973;0;0;3189708;15748788;
46800;900176591;2019-12-31;2019;MILES;1598750;1717676;5614563;0;8930989;755136;0;0;1299594;0;2054730;10985719;65167;5198736;0;1623586;171594;0;7059083;0;1799799;0;91503;214732;2106034;9165117;750000;0;125000;945602;0;0;1820602;10985719;
46801;900176591;2019-12-31;2018;MILES;4817438;0;11319239;0;16136677;967679;0;0;1440424;0;2408103;18544780;0;14301946;0;1406034;0;70108;15778088;0;751561;0;0;26520;778081;16556169;250000;0;125000;1613611;0;0;1988611;18544780;
46802;800109193;2019-12-31;2019;MILES;23334;5305;39200;0;67839;0;0;6610773;15136688;0;21747461;21815300;0;1525;0;0;5712;0;7237;0;447865;1833335;0;0;2281200;2288437;26500;0;13250;19487113;0;0;19526863;21815300;
46803;800109193;2019-12-31;2018;MILES;20714;0;153553;0;174267;0;0;6610773;15030200;0;21640973;21815240;0;102751;0;0;22960;0;125711;0;306366;1823539;0;0;2129905;2255616;26500;0;13250;19519874;0;0;19559624;21815240;
46804;890942985;2019-12-31;2019;MILES;382102;3361783;5769833;40000;9553718;362147;0;0;593808;0;955955;10509673;0;95260;0;31835;294273;0;421368;855660;0;0;1074684;0;1930344;2351712;322500;0;602286;7233175;0;0;8157961;10509673;
46805;890942985;2019-12-31;2018;MILES;575398;3468526;5833260;40000;9917184;362380;0;0;116407;0;478787;10395971;0;839654;0;57028;165031;0;1061713;182663;0;0;1769199;0;1951862;3013575;322500;0;602286;6457610;0;0;7382396;10395971;
46806;900133295;2019-12-31;2019;MILES;42890;2033466;891204;0;2967560;3618169;0;3374798;14497948;0;21490915;24458475;0;3083;0;0;238510;0;241593;0;0;585425;0;607839;1193264;1434857;999900;658520;677520;19792523;0;895155;23023618;24458475;
46807;900133295;2019-12-31;2018;MILES;36214;1982846;863375;0;2882435;2297837;0;3419277;12592391;0;18309505;21191940;0;7556;0;1170;220157;0;228883;0;0;97703;0;1054340;1152043;1380926;999900;658520;677520;17475074;0;0;19811014;21191940;
46808;900678990;2019-12-31;2019;MILES;77367;119116;7180;130608;334271;44223;2034942;0;24919671;2034942;29033778;29368049;17997;23652;0;41576;130453;8028209;8241887;0;0;11389;0;0;11389;8253276;21226000;2361940;0;-2473167;0;0;21114773;29368049;
46809;900678990;2019-12-31;2018;MILES;33163;120238;0;130608;284009;72236;18220774;0;-16292326;18220774;20221458;20505467;1898;21811;0;37772;255518;0;316999;0;0;11389;0;0;11389;328388;20347001;2331412;0;-2501334;0;0;20177079;20505467;
46810;900062992;2019-12-31;2019;MILES;527088;213989;7824116;9716484;18281677;11799643;0;0;739804;0;12539447;30821124;3618816;4399614;0;299999;607594;0;8926023;0;1781107;576736;0;227212;2585055;11511078;850000;0;6525000;11935046;0;0;19310046;30821124;
46811;900062992;2019-12-31;2018;MILES;160311;93213;7762708;11900711;19916943;11975978;0;0;1073174;0;13049152;32966095;4371611;6295715;0;312825;625937;0;11606088;0;1475427;891736;0;488271;2855434;14461522;850000;0;6525000;11129573;0;0;18504573;32966095;
46812;890917499;2019-12-31;2019;MILES;5750520;551165;12669972;0;18971657;2632365;517267;0;157023711;517267;160690610;179662267;0;4461290;0;109974;548260;312669;5432193;0;15402912;11104132;0;1578653;28085697;33517890;6520676;0;2935669;136688032;0;0;146144377;179662267;
46813;890917499;2019-12-31;2018;MILES;43084;751487;16052663;0;16847234;815665;295706;0;136560070;295706;137967147;154814381;0;1640723;0;0;738695;0;2379418;0;15818649;10393062;0;4614;26216325;28595743;6520676;0;2973140;116724822;0;0;126218638;154814381;
46814;900027991;2019-12-31;2019;MILES;1369278;3158294;960912;262181;5750665;4985332;0;0;63680;0;5049012;10799677;408888;1444131;0;18549;354446;48154;2274168;1352531;0;360989;0;0;1713520;3987688;300000;0;150000;3332302;0;3029687;6811989;10799677;
46815;900027991;2019-12-31;2018;MILES;432247;2810970;1032733;274939;4550889;1702778;0;0;5176;0;1707954;6258843;575193;607788;0;6840;15540;149145;1354506;2004726;0;15783;0;0;2020509;3375015;300000;0;150000;2433828;0;0;2883828;6258843;
46816;890103197;2019-12-31;2019;MILES;3600725;696153;21024254;0;25321132;34604968;0;0;32611875;0;67216843;92537975;4361819;7037948;0;0;4334374;3264891;18999032;7166667;0;3418954;0;0;10585621;29584653;2096118;2246757;10138639;9546630;0;38925178;62953322;92537975;
46817;890103197;2019-12-31;2018;MILES;2809326;864659;21625602;0;25299587;34635122;0;0;33504827;0;68139949;93439536;7877650;5737865;0;0;4763551;2185890;20564956;3839006;0;3662304;0;0;7501310;28066266;2096118;2344977;10138463;11927504;0;38866208;65373270;93439536;
46818;860013791;2019-12-31;2019;MILES;745488;257640;3651703;0;4654831;11566642;14321943;0;448348;14321943;40658876;45313707;0;333925;0;23282;142377;0;499584;0;3231396;590797;0;20;3822213;4321797;200000;0;1934633;38857277;0;0;40991910;45313707;
46819;860013791;2019-12-31;2018;MILES;1045023;241603;3179134;0;4465760;8978730;14188928;0;253249;14188928;37609835;42075595;0;231752;0;21395;305357;0;558504;0;3703043;583677;0;114;4286834;4845338;200000;0;1934633;35095624;0;0;37230257;42075595;
46820;890901298;2019-12-31;2019;MILES;2010955;21361;27575332;34177461;63785109;24015684;0;0;1074486;0;25090170;88875279;30152553;12757146;0;0;1862314;1204267;45976280;0;10596325;0;592694;0;11189019;57165299;1930000;55000;2231669;18497089;0;8996222;31709980;88875279;
46821;890901298;2019-12-31;2018;MILES;4338009;0;28728836;39059774;72126619;24269382;0;0;1017984;0;25287366;97413985;30580580;21622489;0;0;1258260;1012743;54474072;0;11468575;0;635954;0;12104529;66578601;1930000;55000;2231669;17622493;0;8996222;30835384;97413985;
46822;800093320;2019-12-31;2019;MILES;17322866;18974;43265644;3484934;64092418;24613107;0;2048636;14808663;0;41470406;105562824;428293;6611866;0;4008945;2508534;20646046;34203684;0;0;1850530;0;1494313;3344843;37548527;5500627;0;9021438;53492232;0;0;68014297;105562824;
46823;800093320;2019-12-31;2018;MILES;4195531;12961;45117560;1201331;50527383;17763881;0;2197402;10066682;0;30027965;80555348;1800023;6430499;0;5176161;2396966;6693052;22496701;0;0;1171089;0;0;1171089;23667790;5500627;0;8622864;42764067;0;0;56887558;80555348;
46824;900473596;2019-12-31;2019;MILES;265125;1164452;1341282;7777522;10548381;2706226;0;0;20462;0;2726688;13275069;451331;1468067;0;48695;10248;1189763;3168104;3131668;0;30751;0;17457;3179876;6347980;2000000;0;405744;4521345;0;0;6927089;13275069;
46825;900473596;2019-12-31;2018;MILES;305784;1850679;3986716;3357392;9500571;5649114;0;0;19739;0;5668853;15169424;3619241;545591;0;56412;21364;3948080;8190688;2218333;0;36829;0;221169;2476331;10667019;850000;0;295208;3357197;0;0;4502405;15169424;
46826;900669995;2019-12-31;2019;MILES;46900;38687;42489;0;128076;2514242;0;0;4904594;0;7418836;7546912;0;109724;0;3155;57989;0;170868;695319;0;75170;0;0;770489;941357;140792;1223760;0;5241003;0;0;6605555;7546912;
46827;900669995;2019-12-31;2018;MILES;322662;43542;211793;0;577997;1021586;0;0;4519816;0;5541402;6119399;0;49936;0;5784;72246;0;127966;0;0;101961;0;0;101961;229927;140792;1223760;0;4524920;0;0;5889472;6119399;
46828;830081895;2019-12-31;2019;MILES;116627;6657699;3477132;7792;10259250;46184512;124615622;0;-124610628;124615622;170805128;181064378;0;7087820;0;558861;5183539;21084764;33914984;0;139026098;0;0;1862866;140888964;174803948;22544;0;0;-109586740;0;115824626;6260430;181064378;
46829;830081895;2019-12-31;2018;MILES;110901;71446;164088;3079;349514;29784790;52122851;0;-52117213;52122851;81913279;82262793;0;6099238;0;569620;764511;15345546;22778915;0;184258075;0;0;1862687;186120762;208899677;22544;0;0;-100367275;0;-26292153;-126636884;82262793;
46830;830095375;2019-12-31;2019;MILES;10965;8362782;19638601;20681;28033029;26998683;0;0;1665134;0;28663817;56696846;249;6904;0;10082;255255;0;272490;21502323;0;0;0;0;21502323;21774813;80000;0;11616;9173924;0;25656493;34922033;56696846;
46831;830095375;2019-12-31;2018;MILES;13053;8365877;15556757;20681;23956368;27079616;0;0;1664836;0;28744452;52700820;249;6243;0;19142;259611;0;285245;16914438;0;0;0;0;16914438;17199683;80000;0;11616;9753028;0;25656493;35501137;52700820;
46832;900486495;2019-12-31;2019;MILES;7737;1587161;1605626;489778;3690302;0;0;0;142891;0;142891;3833193;0;1093000;0;0;2324;0;1095324;0;0;178749;0;1969853;2148602;3243926;6982739;8278589;0;-14672061;0;0;589267;3833193;
46833;900486495;2019-12-31;2018;MILES;1099;1581371;2930802;541658;5054930;8982;0;0;1450619;0;1459601;6514531;0;2442311;0;212;4625;0;2447148;0;0;624486;0;2102160;2726646;5173794;6982739;8278589;0;-13920591;0;0;1340737;6514531;
46834;813000052;2019-12-31;2019;MILES;314330;772816;9924516;6222596;17234258;2091841;0;0;173843;0;2265684;19499942;5239844;4014557;0;161144;970467;83856;10469868;0;0;0;1235593;0;1235593;11705461;500000;0;317689;5864283;0;1112509;7794481;19499942;
46835;813000052;2019-12-31;2018;MILES;374602;544948;3749066;3531790;8200406;1720770;0;0;211239;0;1932009;10132415;452036;1841795;0;130484;421663;75178;2921156;0;0;0;0;28000;28000;2949156;500000;0;425130;5291161;0;966968;7183259;10132415;
46836;860352594;2019-12-31;2019;MILES;246200;198103;1719073;47786;2211162;1700942;0;0;134901;0;1835843;4047005;0;706873;0;158593;116774;0;982240;0;0;0;0;307663;307663;1289903;281250;0;2307031;168821;0;0;2757102;4047005;
46837;860352594;2019-12-31;2018;MILES;458456;143474;1266493;11849;1880272;1850597;0;0;153237;0;2003834;3884106;0;483997;0;138908;251596;0;874501;0;0;0;0;407324;407324;1281825;281250;0;1960400;360631;0;0;2602281;3884106;
46838;900403392;2019-12-31;2019;MILES;3215068;16277;0;0;3231345;0;0;0;476268279;0;476268279;479499624;0;3441;0;0;0;1676;5117;0;0;0;0;0;0;5117;27000000;18000000;388904206;45590301;0;0;479494507;479499624;
46839;900403392;2019-12-31;2018;MILES;26637756;0;1037189;0;27674945;0;0;0;419409775;0;419409775;447084720;0;3015;0;0;337126;19252;359393;0;0;0;0;0;0;359393;27000000;18000000;354386587;47338740;0;0;446725327;447084720;
46840;830016191;2019-12-31;2019;MILES;181023;26023261;1143999;625402;27973685;16540114;3466023;104429151;-3466023;3466023;124435288;152408973;47189;4001672;0;0;95331;0;4144192;0;637025;95563;0;0;732588;4876780;60000;11070000;34317453;2168878;0;99915862;147532193;152408973;
46841;830016191;2019-12-31;2018;MILES;1095569;20862797;747346;0;22705712;17497629;6103465;107377667;-5879295;6103465;131202931;153908643;73200;1559494;0;0;380173;0;2012867;0;1091150;188789;0;0;1279939;3292806;60000;11070000;33809921;24275840;0;81400076;150615837;153908643;
46842;891701294;2019-12-31;2019;MILES;440152;704733;4464293;256737;5865915;30984633;2107448;0;-1911214;2107448;33288315;39154230;669847;692531;0;238970;820383;193016;2614747;464062;0;1651557;0;0;2115619;4730366;600300;0;180683;17127309;0;16515572;34423864;39154230;
46843;891701294;2019-12-31;2018;MILES;558983;1040143;3860343;274054;5733523;31015246;1441835;0;-1333590;1441835;32565326;38298849;503794;998431;0;249956;709860;193010;2655051;465761;0;1651557;0;0;2117318;4772369;600300;0;101693;16308915;0;16515572;33526480;38298849;
46844;830010893;2019-12-31;2019;MILES;459653;298918;9927781;5753253;16439605;1859074;1301263;0;-619792;1301263;3841808;20281413;479697;3761575;0;511576;751425;0;5504273;490766;5452575;0;0;0;5943341;11447614;500000;0;1137817;7195982;0;0;8833799;20281413;
46845;830010893;2019-12-31;2018;MILES;634970;300946;2899578;5595708;9431202;1898044;1141489;0;-460018;1141489;3721004;13152206;840930;1456516;0;372283;413192;0;3082921;720476;2067454;0;0;0;2787930;5870851;500000;0;1137817;5643538;0;0;7281355;13152206;
46846;860046192;2019-12-31;2019;MILES;1608880;1987857;2256148;365810;6218695;57066379;0;121905;350649;0;57538933;63757628;16530;1248667;0;727854;707509;854697;3555257;258114;0;7591845;0;0;7849959;11405216;5750176;0;2685235;860358;0;43056643;52352412;63757628;
46847;860046192;2019-12-31;2018;MILES;1905456;947859;2363508;431560;5648383;58271177;0;100000;416177;0;58787354;64435737;588742;1831631;0;609819;430465;826670;4287327;254311;0;7794735;0;0;8049046;12336373;5750176;0;2685235;607310;0;43056643;52099364;64435737;
46848;900082494;2019-12-31;2019;MILES;999708;0;12866;0;1012574;2145663;1518000;0;-1294000;1518000;3887663;4900237;0;810;0;0;9964;0;10774;4640669;0;0;0;0;4640669;4651443;100000;0;5239;143555;0;0;248794;4900237;
46849;900082494;2019-12-31;2018;MILES;981494;0;9015;0;990509;2001463;1274399;0;-1050399;1274399;3499862;4490371;0;287;0;0;8577;0;8864;4290353;0;0;0;0;4290353;4299217;100000;0;3797;87357;0;0;191154;4490371;
46850;900445600;2019-12-31;2019;MILES;0;0;484169;0;484169;200000;0;0;891000;0;1091000;1575169;0;1608416;0;0;0;0;1608416;0;0;0;0;0;0;1608416;30000;0;0;-63247;0;0;-33247;1575169;
46851;900445600;2019-12-31;2018;MILES;0;0;484169;0;484169;200000;0;0;891000;0;1091000;1575169;0;1597300;0;0;10732;0;1608032;0;0;0;0;0;0;1608032;30000;0;0;-62863;0;0;-32863;1575169;
46852;800224899;2019-12-31;2019;MILES;428774;266532;798985;30160;1524451;168249;0;0;1763;0;170012;1694463;0;556159;0;0;0;0;556159;0;0;7695;0;0;7695;563854;400000;0;123727;606882;0;0;1130609;1694463;
46853;800224899;2019-12-31;2018;MILES;286738;0;838966;42500;1168204;182661;0;0;2250;0;184911;1353115;369034;31945;0;2220;21778;0;424977;255440;0;3371;0;0;258811;683788;400000;0;123727;145600;0;0;669327;1353115;
46854;801003893;2019-12-31;2019;MILES;724708;0;148123;246530;1119361;10913927;0;0;7154515;0;18068442;19187803;101471;508573;0;0;143568;230258;983870;0;1916562;262134;0;340655;2519351;3503221;750913;0;1444050;13489619;0;0;15684582;19187803;
46855;801003893;2019-12-31;2018;MILES;589834;0;277506;239364;1106704;10939824;0;0;7030341;0;17970165;19076869;0;699865;0;0;227722;234562;1162149;171471;1917406;276720;0;469529;2835126;3997275;750913;0;1444050;12884631;0;0;15079594;19076869;
46856;800096890;2019-12-31;2019;MILES;6099442;1714683;43305026;0;51119151;5576669;0;0;217731;0;5794400;56913551;0;9294997;0;0;490568;0;9785565;4337216;14134417;0;0;8880007;27351640;37137205;1050;0;525;18738670;0;1036101;19776346;56913551;
46857;800096890;2019-12-31;2018;MILES;3594430;285326;37955179;0;41834935;6590609;0;0;217231;0;6807840;48642775;3057054;8302531;0;0;705217;0;12064802;3318455;16749998;0;0;0;20068453;32133255;1050;0;525;15471844;0;1036101;16509520;48642775;
46858;900205090;2019-12-31;2019;MILES;1899325;2516980;2501955;0;6918260;0;0;0;469361;0;469361;7387621;0;2653073;0;812565;828573;0;4294211;0;0;0;0;0;0;4294211;300000;0;819318;1974092;0;0;3093410;7387621;
46859;900205090;2019-12-31;2018;MILES;1415266;1394594;2011674;0;4821534;0;0;0;113399;0;113399;4934933;0;1219742;0;921684;666390;0;2807816;0;0;0;0;0;0;2807816;300000;0;850518;976599;0;0;2127117;4934933;
46860;901039894;2019-12-31;2019;MILES;9905;0;2043056;0;2052961;184235;0;0;174835;0;359070;2412031;43278;164648;27463;70419;151411;0;457219;0;0;0;0;386747;386747;843966;500000;0;55897;1012168;0;0;1568065;2412031;
46861;901039894;2019-12-31;2018;MILES;36062;104806;1033511;0;1174379;304615;0;0;213171;0;517786;1692165;72095;140601;15738;64463;98899;0;391796;47373;0;0;0;386445;433818;825614;500000;0;55897;310654;0;0;866551;1692165;
46862;900193192;2019-12-31;2019;MILES;297570;6326907;953177;5841582;13419236;316501;10005819;0;-9965664;10005819;10362475;23781711;5852034;7073138;0;0;1255029;0;14180201;0;6778408;0;0;8758816;15537224;29717425;1500000;0;50231;-7485945;0;0;-5935714;23781711;
46863;900193192;2019-12-31;2018;MILES;201941;6416470;1145571;6980227;14744209;316501;16869627;0;-16824870;16869627;17230885;31975094;6171674;6805986;0;0;751415;0;13729075;0;19013548;0;0;0;19013548;32742623;1500000;0;50231;-2317760;0;0;-767529;31975094;
46864;830023291;2019-12-31;2019;MILES;1217904;1192073;2696943;0;5106920;2876484;0;0;486258;0;3362742;8469662;94854;4731123;0;0;0;0;4825977;189708;55270;0;0;0;244978;5070955;600000;0;310447;1628670;0;859590;3398707;8469662;
46865;830023291;2019-12-31;2018;MILES;103701;749127;2731364;621049;4205241;3110472;0;0;877638;0;3988110;8193351;161519;4164981;0;0;0;67156;4393656;646075;330528;0;0;0;976603;5370259;600000;0;259481;1104021;0;859590;2823092;8193351;
46866;901225491;2019-12-31;2019;MILES;350644;508247;1126825;0;1985716;32908;0;0;0;0;32908;2018624;0;117697;0;8463;264267;0;390427;0;0;149679;0;753362;903041;1293468;50000;0;0;595499;0;79657;725156;2018624;
46867;901225491;2019-12-31;2018;MILES;0;0;0;0;0;15076;0;0;-15076;0;0;0;0;0;0;0;0;0;0;0;0;0;0;0;0;0;0;0;0;0;0;0;0;0;
46868;900042295;2019-12-31;2019;MILES;0;14012;98811;0;112823;0;2801706;0;44763915;2801706;50367327;50480150;0;3203;0;0;0;0;3203;0;2316700;8447088;0;0;10763788;10766991;40200;0;0;25049209;0;14623750;39713159;50480150;
46869;900042295;2019-12-31;2018;MILES;0;24889;0;0;24889;0;2790054;0;22309148;2790054;27889256;27914145;0;732;0;0;0;0;732;0;2269164;6264561;0;0;8533725;8534457;40200;0;0;7736007;0;11603481;19379688;27914145;
46870;830506392;2019-12-31;2019;MILES;32015;218363;2850490;687218;3788086;17644229;142250;464313;-135966;142250;18257076;22045162;1240064;2097432;0;237497;0;72162;3647155;8663967;5669862;150914;0;0;14484743;18131898;1350000;0;25000;2297011;0;241253;3913264;22045162;
46871;830506392;2019-12-31;2018;MILES;1276718;198700;1905402;443787;3824607;8582770;1275640;464313;-1275459;1275640;10322904;14147511;777811;1765514;0;200364;0;51139;2794828;7810283;872331;111629;0;0;8794243;11589071;500000;0;25000;1792189;0;241251;2558440;14147511;
46872;830038192;2019-12-31;2019;MILES;355115;538532;4830352;1413727;7137726;3565266;0;0;778838;0;4344104;11481830;1299196;1840839;388627;732680;1421;61525;4324288;1919272;0;39265;0;0;1958537;6282825;1200000;400000;857464;2741541;0;0;5199005;11481830;
46873;830038192;2019-12-31;2018;MILES;282008;296005;4793331;916385;6287729;1976754;0;0;878076;0;2854830;9142559;682529;1710454;336515;468796;712171;4299;3914764;1010985;0;55928;0;0;1066913;4981677;1100000;0;857464;2203418;0;0;4160882;9142559;
46874;890929898;2019-12-31;2019;MILES;9858;276209;16618345;0;16904412;0;0;0;1178101;0;1178101;18082513;0;5542128;0;0;144536;0;5686664;0;0;0;0;0;0;5686664;58215;8206785;25000;4105849;0;0;12395849;18082513;
46875;890929898;2019-12-31;2018;MILES;16705;344565;14754324;0;15115594;0;0;0;1359566;0;1359566;16475160;0;3657280;0;0;272160;0;3929440;0;0;0;0;0;0;3929440;58215;8206785;25000;4255720;0;0;12545720;16475160;
46876;800114750;2019-12-31;2019;MILES;45321;0;0;0;45321;646689;276315;0;-276315;276315;923004;968325;0;57864;0;0;58675;0;116539;0;0;0;0;0;0;116539;240000;0;600829;10957;0;0;851786;968325;
46877;800114750;2019-12-31;2018;MILES;51399;0;0;0;51399;646689;298295;0;-298295;298295;944984;996383;0;80735;0;0;47647;0;128382;0;0;0;0;0;0;128382;240000;0;689764;-61763;0;0;868001;996383;
46878;860401492;2019-12-31;2019;MILES;2387794;2662568;7562455;550383;13163200;5743299;3472618;0;-3309113;3472618;9379422;22542622;1129947;3710867;44843;157116;603339;0;5646112;0;2175824;927368;2798409;0;5901601;11547713;30000;0;66511;10898398;0;0;10994909;22542622;
46879;860401492;2019-12-31;2018;MILES;492098;2848949;8054348;265061;11660456;5951135;0;0;2113759;0;8064894;19725350;0;7118694;0;123080;429140;0;7670914;0;0;0;0;2180289;2180289;9851203;30000;0;66511;9777636;0;0;9874147;19725350;
46880;860040094;2019-12-31;2019;MILES;5370979;65758634;39231733;10007084;120368430;91243114;67992224;0;-54463935;67992224;172763627;293132057;0;24597109;1934998;0;8718867;564801;35815775;0;3276927;0;0;28988;3305915;39121690;29369386;0;46639480;178001501;0;0;254010367;293132057;
46881;860040094;2019-12-31;2018;MILES;3778158;40199349;39916747;12298471;96192725;98468328;75977563;0;-64760429;75977563;185663025;281855750;0;33020022;2529173;0;10861829;348140;46759164;0;0;0;0;27780;27780;46786944;29369386;0;46639480;159059940;0;0;235068806;281855750;
46882;900541599;2019-12-31;2019;MILES;58296;214393;567525;0;840214;11616;0;0;8363057;0;8374673;9214887;1434;425840;0;26821;16195;0;470290;0;3432672;288;0;0;3432960;3903250;1006452;0;0;2760997;0;1544188;5311637;9214887;
46883;900541599;2019-12-31;2018;MILES;389520;90672;406133;0;886325;13807;0;0;5880743;0;5894550;6780875;1087;471835;0;23870;11007;0;507799;0;3487897;288;0;0;3488185;3995984;1006452;0;0;1297097;0;481342;2784891;6780875;
46884;830106197;2019-12-31;2019;MILES;18638891;0;10873138;0;29512029;1358143;5986442;0;8197259;5986442;21528286;51040315;0;2317629;0;133469;144026;0;2595124;2382238;0;554935;0;0;2937173;5532297;600000;0;0;33732558;0;11175460;45508018;51040315;
46885;830106197;2019-12-31;2018;MILES;20514502;0;5323033;0;25837535;1399288;7901810;0;6285273;7901810;23488181;49325716;0;1211317;0;113285;63616;0;1388218;4409883;0;66856;0;0;4476739;5864957;600000;0;0;31731861;0;11128898;43460759;49325716;
46886;800127199;2019-12-31;2019;MILES;2742646;15925;782970;0;3541541;1393127;283200;0;-253798;283200;1705729;5247270;1674;60673;0;24047;0;0;86394;0;0;95322;0;0;95322;181716;70073;0;3246304;1749177;0;0;5065554;5247270;
46887;800127199;2019-12-31;2018;MILES;3321841;13587;349201;0;3684629;1436530;239271;0;12531487;239271;14446559;18131188;19756;6846;0;21501;20286;0;68389;0;0;95504;0;0;95504;163893;70073;6387528;6907393;4602301;0;0;17967295;18131188;
46888;860038800;2019-12-31;2019;MILES;2646384;441483;558702;11265;3657834;7034563;5018745;30851705;7630929;5018745;55554687;59212521;2354721;348918;0;45453;63542;36478;2849112;8430893;3498397;257658;0;0;12186948;15036060;16646521;50292149;21303485;-30922913;0;-13142781;44176461;59212521;
46889;860038800;2019-12-31;2018;MILES;3230914;632610;2614330;44703;6522557;7178232;3379111;30843722;8660777;3379111;53440953;59963510;2534184;2857178;0;41895;65853;230153;5729263;9410885;2003530;308804;0;0;11723219;17452482;16491922;47354767;21303485;-29655623;0;-12983523;42511028;59963510;
46890;830105897;2019-12-31;2019;MILES;228212;414518;1397723;0;2040453;550791;0;0;463963;0;1014754;3055207;3009;257903;0;21488;593859;0;876259;0;490252;0;0;0;490252;1366511;100000;0;81549;1090183;0;416964;1688696;3055207;
46891;830105897;2019-12-31;2018;MILES;72826;136873;936418;0;1146117;652608;0;0;601313;0;1253921;2400038;43764;120482;0;21994;476508;0;662748;0;583394;0;0;0;583394;1246142;100000;0;81549;555383;0;416964;1153896;2400038;
46892;900843896;2019-12-31;2019;MILES;11247;4544;12301974;277500;12595265;0;0;0;80119;0;80119;12675384;21813;74960;0;0;7322;0;104095;0;12187434;0;0;0;12187434;12291529;500000;0;0;-116145;0;0;383855;12675384;
46893;900843896;2019-12-31;2018;MILES;68119;1190;14565550;32530;14667389;0;0;0;69385;0;69385;14736774;0;128689;0;0;15173;0;143862;4786627;9494631;0;0;0;14281258;14425120;500000;0;0;-188346;0;0;311654;14736774;
46894;890927999;2019-12-31;2019;MILES;1963530;91607;1147390;0;3202527;861404;0;0;4217619;0;5079023;8281550;0;1153;0;0;269902;0;271055;0;0;0;0;0;0;271055;44000;240528;10000;7715967;0;0;8010495;8281550;
46895;890927999;2019-12-31;2018;MILES;1433682;73297;984923;0;2491902;911867;0;0;4198803;0;5110670;7602572;0;1282680;0;0;195228;0;1477908;0;0;0;0;0;0;1477908;44000;240528;10000;5830136;0;0;6124664;7602572;
46896;900130997;2019-12-31;2019;MILES;112733;25706;4301048;9538453;13977940;14485461;3464153;750000;-2507396;3464153;19656371;33634311;831839;1517192;0;65377;407731;0;2822139;2201470;5272227;0;0;4094042;11567739;14389878;4250000;0;69939;14924494;0;0;19244433;33634311;
46897;900130997;2019-12-31;2018;MILES;263631;0;3388228;9898575;13550434;14588688;5620340;750000;-4631844;5620340;21947524;35497958;1014717;1929589;0;141239;315202;0;3400747;2060107;6703543;0;0;4297720;13061370;16462117;4250000;0;64715;14721126;0;0;19035841;35497958;
46898;822000897;2019-12-31;2019;MILES;858201;465410;5123801;2056702;8504114;21579599;0;0;4474142;0;26053741;34557855;1919391;4326018;0;0;139084;562447;6946940;12182298;0;1935406;0;2106660;16224364;23171304;1500000;0;533554;9352997;0;0;11386551;34557855;
46899;822000897;2019-12-31;2018;MILES;420221;162386;2783414;1900312;5266333;19696350;0;0;4533656;0;24230006;29496339;882144;4697313;0;0;96344;556421;6232222;7939294;0;2139599;0;2482797;12561690;18793912;1500000;0;176911;9025516;0;0;10702427;29496339;
46900;891101599;2019-12-31;2019;MILES;45184;1657;642501;227534;916876;117068;4403726;2760821;-2552337;4403726;9133004;10049880;0;132944;0;46550;43108;0;222602;0;1336184;0;0;1625880;2962064;3184666;700;0;5800;6858714;0;0;6865214;10049880;
46901;891101599;2019-12-31;2018;MILES;291039;23484;1030562;0;1345085;0;2686461;2379254;-828472;2686461;6923704;8268789;0;94612;0;52024;281200;0;427836;0;804906;0;0;306524;1111430;1539266;700;0;5800;6723023;0;0;6729523;8268789;
46902;860529097;2019-12-31;2019;MILES;760202;95967;828997;0;1685166;1031250;0;0;10443862;0;11475112;13160278;0;2179575;0;0;6855;0;2186430;0;0;125555;0;187964;313519;2499949;818960;0;4505518;3698273;0;1637578;10660329;13160278;
46903;860529097;2019-12-31;2018;MILES;507242;122854;1826725;0;2456821;1145812;0;0;8182267;0;9328079;11784900;0;2233021;0;0;186568;0;2419589;0;0;55744;0;240242;295986;2715575;818960;0;4505518;3668769;0;76078;9069325;11784900;
46904;860523097;2019-12-31;2019;MILES;575032;31859;124453;0;731344;7372067;0;0;13715154;0;21087221;21818565;0;695705;0;0;4240;0;699945;0;0;4915078;0;0;4915078;5615023;813500;0;224177;14639790;0;526075;16203542;21818565;
46905;860523097;2019-12-31;2018;MILES;44637;51774;407650;0;504061;7377160;0;0;11685636;0;19062796;19566857;0;195500;0;0;37365;0;232865;0;0;4363666;0;0;4363666;4596531;813500;0;224177;13406574;0;526075;14970326;19566857;
46906;900680899;2019-12-31;2019;MILES;2149744;320885;12901499;13502181;28874309;104651;0;0;47128;0;151779;29026088;472500;2386303;0;116902;507228;5280351;8763284;5501084;0;0;0;8992307;14493391;23256675;300000;9000;0;5460413;0;0;5769413;29026088;
46907;900680899;2019-12-31;2018;MILES;252203;572296;6446046;5729353;12999898;19683;0;0;50796;0;70479;13070377;0;1691260;0;111242;103587;1038846;2944935;911167;0;0;0;6600995;7512162;10457097;300000;9000;0;2304280;0;0;2613280;13070377;
46908;830028496;2019-12-31;2019;MILES;32671;6628165;14241;269678;6944755;2999226;0;0;0;0;2999226;9943981;0;858595;0;186984;203287;599640;1848506;0;0;35999;0;2609352;2645351;4493857;400000;0;200000;4850124;0;0;5450124;9943981;
46909;830028496;2019-12-31;2018;MILES;103463;5342616;4853;352327;5803259;3219281;0;0;0;0;3219281;9022540;0;1253522;0;0;665046;600315;2518883;0;0;7392;0;1458850;1466242;3985125;400000;0;200000;4437415;0;0;5037415;9022540;
46910;830067699;2019-12-31;2019;MILES;226491;33509;5387283;62778137;68425420;805606;0;0;5869938;0;6675544;75100964;167859;756995;0;276338;928827;15016138;17146157;50030134;0;197427;0;0;50227561;67373718;2050000;0;172054;1199328;0;4305864;7727246;75100964;
46911;830067699;2019-12-31;2018;MILES;1643304;0;4075919;53707581;59426804;866211;0;0;5827637;0;6693848;66120652;347182;1333571;0;363749;799600;16169731;19013833;39318280;0;258398;0;0;39576678;58590511;2050000;0;129089;1045188;0;4305864;7530141;66120652;
46912;900049598;2019-12-31;2019;MILES;1781260;0;5928845;0;7710105;63387;2526700;0;-1304448;2526700;3812339;11522444;34936;3759320;0;66183;0;0;3860439;1406147;0;0;0;0;1406147;5266586;73000;5915193;5000;262665;0;0;6255858;11522444;
46913;900049598;2019-12-31;2018;MILES;71323;0;8574585;0;8645908;104619;1791662;0;-1037421;1791662;2650522;11296430;34968;345181;0;51432;0;0;431581;4165885;2749054;0;0;0;6914939;7346520;20000;2936564;5000;988346;0;0;3949910;11296430;
46914;900392900;2019-12-31;2019;MILES;905;0;22712156;0;22713061;2727379;0;5838204;1559066;0;10124649;32837710;2005;2058411;0;38216;275877;0;2374509;0;2434488;655647;0;0;3090135;5464644;1050000;0;33849;26289217;0;0;27373066;32837710;
46915;900392900;2019-12-31;2018;MILES;10987040;0;15520442;0;26507482;2736841;0;5780400;1859172;0;10376413;36883895;709;2178372;0;52377;2444359;0;4675817;0;4420960;651759;0;0;5072719;9748536;1050000;0;333849;25751510;0;0;27135359;36883895;
46916;830092830;2019-12-31;2019;MILES;205715;0;8562308;10376074;19144097;7660579;0;0;10371;0;7670950;26815047;9719060;6447530;0;0;0;0;16166590;0;0;0;0;0;0;16166590;3250000;0;3295329;4103128;0;0;10648457;26815047;
46917;830092830;2019-12-31;2018;MILES;829209;0;8467995;9839478;19136682;6632120;0;0;0;0;6632120;25768802;9465218;6424964;0;0;0;0;15890182;0;0;0;0;0;0;15890182;3250000;0;2677635;3950985;0;0;9878620;25768802;
46918;817000499;2019-12-31;2019;MILES;335179;2561609;10915961;4522702;18335451;1479481;4748433;15077635;-3329111;4748433;22724871;41060322;0;11411419;0;0;0;0;11411419;13967432;8306735;0;0;0;22274167;33685586;5877855;0;0;1496881;0;0;7374736;41060322;
46919;817000499;2019-12-31;2018;MILES;774816;2674947;10425238;8211013;22086014;1824678;4761456;15077635;-3342134;4761456;23083091;45169105;0;11756073;0;264669;2386729;0;14407471;0;8306735;0;13967432;0;22274167;36681638;5877855;0;0;2609612;0;0;8487467;45169105;
46920;830128700;2019-12-31;2019;MILES;804431;1936983;2378441;1500342;6620197;120559;0;0;0;0;120559;6740756;672291;600163;0;60020;50927;0;1383401;195341;1364197;0;0;0;1559538;2942939;1000000;0;418878;2378939;0;0;3797817;6740756;
46921;830128700;2019-12-31;2018;MILES;340382;1655049;4006322;1486667;7488420;295395;0;0;0;0;295395;7783815;714502;725497;0;143370;41452;0;1624821;0;1341095;0;0;1219814;2560909;4185730;1000000;0;334466;2263619;0;0;3598085;7783815;
46922;900583096;2019-12-31;2019;MILES;900;0;6808403;0;6809303;0;72331;0;84153668;72331;84298330;91107633;0;13628;0;0;60316;0;73944;0;0;20082141;0;0;20082141;20156085;900000;26144325;0;43907223;0;0;70951548;91107633;
46923;900583096;2019-12-31;2018;MILES;900;0;6868714;0;6869614;0;73105;0;84256035;73105;84402245;91271859;0;0;0;0;60316;0;60316;0;59302;20111011;0;0;20170313;20230629;900000;26144325;0;43996905;0;0;71041230;91271859;
46924;830087099;2019-12-31;2019;MILES;4022423;933795;4320296;563404;9839918;3794688;0;0;5293389;0;9088077;18927995;2100134;5235907;0;0;0;1459968;8796009;1299840;2243961;0;0;38000;3581801;12377810;1615000;0;785422;4149763;0;0;6550185;18927995;
46925;830087099;2019-12-31;2018;MILES;3020607;544967;3331650;375354;7272578;3940979;0;0;5792447;0;9733426;17006004;1447782;4572844;0;0;0;888449;6909075;2133084;1959790;504461;0;55000;4652335;11561410;1615000;0;727138;3102456;0;0;5444594;17006004;
46926;800133796;2019-12-31;2019;MILES;41097;0;962273;0;1003370;12690734;3216761;0;19960092;3216761;39084348;40087718;0;10901;0;3851;137663;0;152415;0;1647998;1134629;0;0;2782627;2935042;8056000;0;2249662;26847014;0;0;37152676;40087718;
46927;800133796;2019-12-31;2018;MILES;155730;0;882996;0;1038726;10397511;4142000;0;18100988;4142000;36782499;37821225;0;12533;0;0;145751;0;158284;0;532222;1250424;0;0;1782646;1940930;8056000;0;2249662;25574633;0;0;35880295;37821225;
46928;890204496;2019-12-31;2019;MILES;1092671;10700388;1863538;8241312;21897909;2971545;6778585;38214106;-4359457;6778585;50383364;72281273;861870;3575757;1143553;174674;38001;0;5793855;6722775;744425;2819031;0;0;10286231;16080086;6856630;0;862600;48481957;0;0;56201187;72281273;
46929;890204496;2019-12-31;2018;MILES;1054782;0;3348112;2547590;6950484;2817533;2877374;62772356;-619777;2877374;70724860;77675344;903989;1001597;1143553;176371;100556;0;3326066;12843804;531548;3998603;0;0;17373955;20700021;6856630;0;862600;49256093;0;0;56975323;77675344;
46930;900443000;2019-12-31;2019;MILES;2734257;3539607;11770210;1463466;19507540;3400940;0;0;1440214;0;4841154;24348694;831124;8680692;0;0;556508;3245867;13314191;0;0;1261227;0;0;1261227;14575418;285967;1064896;126406;8296007;0;0;9773276;24348694;
46931;900443000;2019-12-31;2018;MILES;629036;1695107;10381239;1633200;14338582;2855102;0;0;517292;0;3372394;17710976;1223753;7223041;0;0;413274;312888;9172956;0;0;257020;0;0;257020;9429976;285967;1064896;126406;6803731;0;0;8281000;17710976;
46932;800179336;2019-12-31;2019;MILES;489422;3203260;3119608;615315;7427605;8855997;0;0;40509;0;8896506;16324111;479408;3878822;0;0;452030;1279990;6090250;0;0;1116938;0;547127;1664065;7754315;3250000;0;2603923;2715873;0;0;8569796;16324111;
46933;800179336;2019-12-31;2018;MILES;610715;2198217;2818172;618987;6246091;9639609;0;0;31621;0;9671230;15917321;1260986;3820902;0;0;435710;0;5517598;204165;612083;1077984;0;0;1894232;7411830;3250000;0;2603923;2651568;0;0;8505491;15917321;
46934;900409146;2019-12-31;2019;MILES;273;21894676;42000;0;21936949;0;0;0;0;0;0;21936949;0;18726583;0;0;1070;0;18727653;177086;0;0;0;0;177086;18904739;4500000;0;0;-1467790;0;0;3032210;21936949;
46935;900409146;2019-12-31;2018;MILES;56082;4922145;1219808;0;6198035;575033;0;0;0;0;575033;6773068;0;4066641;0;0;106053;0;4172694;177083;0;0;0;0;177083;4349777;4500000;0;0;-2076709;0;0;2423291;6773068;
46936;805014799;2019-12-31;2019;MILES;38598;162041;6622757;0;6823396;11563812;0;0;36284213;0;47848025;54671421;562674;22329418;0;0;145588;0;23037680;2790347;0;2483049;0;0;5273396;28311076;11502676;1177109;542258;-3104923;0;16243225;26360345;54671421;
46937;805014799;2019-12-31;2018;MILES;10608;987;18953483;0;18965078;10974382;0;0;37036795;0;48011177;66976255;562674;34544865;0;0;80375;0;35187914;3015302;0;2253941;0;0;5269243;40457157;11502676;1177109;542258;-2946170;0;16243225;26519098;66976255;
46938;900022996;2019-12-31;2019;MILES;985358;77527;7999;0;1070884;14448753;507008;806089;-51496;507008;16217362;17288246;112358;819285;0;0;60377;0;992020;1032487;94074;80915;0;7210064;8417540;9409560;1500000;4124000;0;2254686;0;0;7878686;17288246;
46939;900022996;2019-12-31;2018;MILES;973007;186603;1320867;0;2480477;12331398;673252;806089;-319708;673252;14164283;16644760;112358;1384338;0;0;30277;0;1526973;1534811;135535;82549;0;5767961;7520856;9047829;10000;0;5614000;1972931;0;0;7596931;16644760;
46940;860531897;2019-12-31;2019;MILES;959364;1135007;6469160;0;8563531;1255415;0;0;792434;0;2047849;10611380;561549;3077336;3248155;227333;220525;58237;7393135;24444;0;0;0;1006408;1030852;8423987;281284;0;86350;1480347;0;339412;2187393;10611380;
46941;860531897;2019-12-31;2018;MILES;920273;1056389;4033815;0;6010477;1309908;0;208212;434052;0;1952172;7962649;210840;3065077;1694423;195134;29483;256509;5451466;59360;0;0;0;751851;811211;6262677;281284;0;86350;992926;0;339412;1699972;7962649;
46942;890405083;2019-12-31;2019;MILES;1222317;1540451;732950;0;3495718;1493871;0;5803458;438207;0;7735536;11231254;357573;1655729;0;10405;179445;23871;2227023;2290291;97380;0;0;0;2387671;4614694;986000;0;3500;5627060;0;0;6616560;11231254;
46943;890405083;2019-12-31;2018;MILES;1862238;768891;1476635;0;4107764;1500000;0;5803458;438207;0;7741665;11849429;693902;498511;0;2655;243845;3179;1442092;1873056;94236;0;0;0;1967292;3409384;986000;0;3500;7450545;0;0;8440045;11849429;
46944;811033699;2019-12-31;2019;MILES;298238;4220011;23714;0;4541963;2279960;11078691;0;-10370761;11078691;14066581;18608544;0;254327;0;0;72420;0;326747;0;16473823;0;0;0;16473823;16800570;1050;0;525;1214198;0;592201;1807974;18608544;
46945;811033699;2019-12-31;2018;MILES;273848;25104;12544865;0;12843817;2380074;0;0;707930;0;3088004;15931821;0;272866;0;0;74609;0;347475;0;13848854;0;0;0;13848854;14196329;1050;0;525;1141716;0;592201;1735492;15931821;
46946;901138599;2019-12-31;2019;MILES;16030082;0;50;0;16030132;28466163;0;0;47221763;0;75687926;91718058;0;7223;0;0;189529;0;196752;0;0;0;0;0;0;196752;769195;78622516;0;12129595;0;0;91521306;91718058;
46947;901138599;2019-12-31;2018;MILES;15929907;0;0;0;15929907;29080934;0;0;41546872;0;70627806;86557713;7766;1623046;0;0;452947;0;2083759;0;0;0;0;0;0;2083759;769195;78622516;0;5082243;0;0;84473954;86557713;
46948;900088596;2019-12-31;2019;MILES;1628835;150410;159994;0;1939239;320985;0;6931398;41519995;0;48772378;50711617;623260;605813;0;0;0;0;1229073;1422084;0;0;0;0;1422084;2651157;384097;4604128;0;12633984;0;30438251;48060460;50711617;
46949;900088596;2019-12-31;2018;MILES;2640291;179259;0;0;2819550;254503;0;6931398;41205532;0;48391433;51210983;0;31839;0;15074;257667;0;304580;553790;0;209534;0;0;763324;1067904;413937;4604128;0;12643980;0;32481034;50143079;51210983;
46950;890201798;2019-12-31;2019;MILES;1243101;882021;12541056;1564825;16231003;27961140;0;17566700;12248732;0;57776572;74007575;6400749;8683718;0;935236;171223;8215753;24406679;17002712;2056327;822219;0;7438087;27319345;51726024;6413588;2910664;2898786;10058513;0;0;22281551;74007575;
46951;890201798;2019-12-31;2018;MILES;421924;1399372;13152041;999434;15972771;25980879;0;23139918;15228276;0;64349073;80321844;8162718;7172610;0;1030871;173996;2686502;19226697;19916723;4466080;881145;0;7665201;32929149;52155846;6355228;2650000;2882816;16277954;0;0;28165998;80321844;
46952;900026196;2019-12-31;2019;MILES;217405;81276;7773486;0;8072167;9783009;0;0;580336;0;10363345;18435512;1473184;288392;0;3023;99424;2615440;4479463;6124245;0;847664;0;0;6971909;11451372;2231147;2856263;81647;1815083;0;0;6984140;18435512;
46953;900026196;2019-12-31;2018;MILES;299783;54597;7337894;0;7692274;10077479;0;0;794154;0;10871633;18563907;1402838;318096;0;2460;93969;5729657;7547020;3089856;0;970382;0;0;4060238;11607258;2231147;2856263;81647;1787592;0;0;6956649;18563907;
46954;900330500;2019-12-31;2019;MILES;1181895;4565850;1703049;0;7450794;205260;0;0;334201;0;539461;7990255;0;4270330;0;931857;208152;5518;5415857;0;0;0;0;0;0;5415857;3992000;45578672;-621381;-46374893;0;0;2574398;7990255;
46955;900330500;2019-12-31;2018;MILES;439690;3898671;1125777;0;5464138;406250;0;0;400716;0;806966;6271104;0;2660696;0;826728;212532;44737;3744693;0;0;0;0;0;0;3744693;3992000;45578506;-652422;-46391673;0;0;2526411;6271104;
46956;900142698;2019-12-31;2019;MILES;236158;4333325;5094627;508494;10172604;1273657;0;5528541;11177;0;6813375;16985979;1314532;1429073;0;0;199933;1603747;4547285;5010668;0;391579;0;0;5402247;9949532;3000000;0;0;512230;0;3524217;7036447;16985979;
46957;900142698;2019-12-31;2018;MILES;327929;2440179;3777642;276388;6822138;66063;0;1363019;870766;0;2299848;9121986;0;132576;0;0;76982;839281;1048839;0;0;0;0;4602947;4602947;5651786;3000000;0;0;470200;0;0;3470200;9121986;
46958;900428596;2019-12-31;2019;MILES;0;403655;0;0;403655;11499;0;0;27320105;0;27331604;27735259;0;9165071;0;40170;462779;0;9668020;0;0;0;0;2014267;2014267;11682287;9000;0;4500;16039472;0;0;16052972;27735259;
46959;900428596;2019-12-31;2018;MILES;14686;20442364;1214084;0;21671134;499;0;0;49065261;0;49065760;70736894;19457652;9171630;0;25975;450693;0;29105950;0;0;0;0;4138886;4138886;33244836;9000;0;4500;37478558;0;0;37492058;70736894;
46960;900538000;2019-12-31;2019;MILES;12720;1034962;528081;43055;1618818;1513715;0;0;153300;0;1667015;3285833;0;317161;0;9568;44964;8306;379999;360077;0;11036;0;0;371113;751112;400000;0;1711167;423554;0;0;2534721;3285833;
46961;900538000;2019-12-31;2018;MILES;4237;1001469;224564;14556;1244826;1526273;0;0;75342;0;1601615;2846441;374152;92458;0;6126;15984;21866;510586;43333;0;55217;0;0;98550;609136;400000;0;1578338;258967;0;0;2237305;2846441;
46962;802023767;2019-12-31;2019;MILES;31023;0;580189;74186;685398;3899;0;0;33476;0;37375;722773;99596;0;0;0;13519;484495;597610;0;0;0;0;0;0;597610;100000;0;6617;18546;0;0;125163;722773;
46963;802023767;2019-12-31;2018;MILES;54259;12219;370558;14186;451222;4679;0;0;1276;0;5955;457177;90184;103431;0;0;27020;112409;333044;0;0;0;0;0;0;333044;100000;0;6617;17516;0;0;124133;457177;
46964;860041299;2019-12-31;2019;MILES;57597;0;18222;0;75819;14427851;9277267;0;27730107;9277267;60712492;60788311;13204250;730025;0;0;0;0;13934275;0;0;693702;0;0;693702;14627977;2633370;0;171248;23660928;0;19694788;46160334;60788311;
46965;860041299;2019-12-31;2018;MILES;50241;0;61597;0;111838;15577154;11829922;0;25979669;11829922;65216667;65328505;13681110;0;0;0;0;0;13681110;0;2194;693702;116890;29;812815;14493925;2633370;0;171248;28487660;0;19542302;50834580;65328505;
46966;900622996;2019-12-31;2019;MILES;2714878;758723;500000;0;3973601;0;146239;0;29726892;146239;30019370;33992971;0;631699;0;0;14661;0;646360;27165515;0;0;0;3176885;30342400;30988760;6003;12838591;0;-9840383;0;0;3004211;33992971;
46967;900622996;2019-12-31;2018;MILES;3383409;1519837;2000000;0;6903246;0;195618;0;25557980;195618;25949216;32852462;0;390523;0;0;48139;0;438662;30793905;0;3975;0;0;30797880;31236542;6002;8785288;0;-7175370;0;0;1615920;32852462;
46968;890913155;2019-12-31;2019;MILES;46268;236886;848438;2040307;3171899;34360;0;0;785919;0;820279;3992178;256939;710853;0;130445;34861;0;1133098;599525;590806;0;0;19535;1209866;2342964;411563;1602590;0;-364939;0;0;1649214;3992178;
46969;890913155;2019-12-31;2018;MILES;241263;441162;899735;2774367;4356527;61176;0;0;652292;0;713468;5069995;194872;1196392;0;127885;223876;22936;1765961;454702;402273;0;0;17695;874670;2640631;411563;1602590;0;415211;0;0;2429364;5069995;
46970;900458900;2019-12-31;2019;MILES;59502;123308;428156;169919;780885;69422;0;5556305;4555721;0;10181448;10962333;0;16203;0;38479;491097;0;545779;2098513;1213049;0;0;0;3311562;3857341;3790000;0;-86742;3401734;0;0;7104992;10962333;
46971;900458900;2019-12-31;2018;MILES;125918;47893;259838;239578;673227;139055;0;5553244;4527608;0;10219907;10893134;59658;5633;0;24686;1191291;0;1281268;2193122;828121;0;0;0;3021243;4302511;3790000;0;0;2800623;0;0;6590623;10893134;
46972;900707301;2019-12-31;2019;MILES;1947324;170398;4777153;2280694;9175569;1063997;0;0;233063;0;1297060;10472629;0;665104;0;0;137798;134381;937283;0;6239404;259520;0;1870379;8369303;9306586;200000;0;0;966043;0;0;1166043;10472629;
46973;900707301;2019-12-31;2018;MILES;1691062;11500;5382358;5841500;12926420;1074550;0;0;194619;0;1269169;14195589;474164;3552628;0;0;192768;162708;4382268;0;4545615;0;0;2263145;6808760;11191028;200000;0;-1627763;4432324;0;0;3004561;14195589;
46974;900327596;2019-12-31;2019;MILES;0;893;40456;182872;224221;0;0;0;0;0;0;224221;0;4499197;0;0;161409;9236354;13896960;0;0;0;0;0;0;13896960;150000;0;0;-13822739;0;0;-13672739;224221;
46975;900327596;2019-12-31;2018;MILES;0;260;9171;80113;89544;0;0;0;0;0;0;89544;0;4488648;0;0;160983;8705395;13355026;0;0;0;0;0;0;13355026;150000;0;0;-13415482;0;0;-13265482;89544;
46976;890900197;2019-12-31;2019;MILES;711912;1018432;11328760;13668771;26727875;1624417;0;12622122;2874956;0;17121495;43849370;4814671;8641764;0;0;235255;3934407;17626097;2695277;0;1901560;0;4364006;8960843;26586940;2000000;0;8464700;6739135;0;58595;17262430;43849370;
46977;890900197;2019-12-31;2018;MILES;424559;837919;12221744;11956210;25440432;2123775;0;10012207;530315;0;12666297;38106729;1099489;10587006;0;393331;396239;4418485;16894550;1453146;0;844824;0;4812553;7110523;24005073;2000000;0;911749;11139130;0;50777;14101656;38106729;
46978;830510787;2019-12-31;2019;MILES;774995;0;8019064;2360804;11154863;1096360;0;0;331243;0;1427603;12582466;5098;5174404;0;474174;66938;149951;5870565;0;0;0;0;0;0;5870565;123000;0;178193;6405873;0;4835;6711901;12582466;
46979;830510787;2019-12-31;2018;MILES;728549;0;7655625;2891044;11275218;801548;0;0;264666;0;1066214;12341432;38451;5340616;0;442898;286396;347540;6455901;0;0;0;0;0;0;6455901;123000;0;178193;5579503;0;4835;5885531;12341432;
46980;800166199;2019-12-31;2019;MILES;2964716;22869129;63379350;0;89213195;48691108;0;0;2904424;0;51595532;140808727;22936765;24107809;0;0;4925819;8070071;60040464;0;0;1679519;17173063;0;18852582;78893046;5000000;0;2499036;42455921;0;11960724;61915681;140808727;
46981;800166199;2019-12-31;2018;MILES;3022416;21742296;62436270;0;87200982;32321016;0;0;2856777;0;35177793;122378775;26996393;17756454;0;0;9782633;7939934;62475414;0;0;31835;10895430;0;10927265;73402679;5000000;0;2527231;41448865;0;0;48976096;122378775;
46982;900365998;2019-12-31;2019;MILES;80967;9904;1005512;7952412;9048795;4799804;0;50000;156204;0;5006008;14054803;24828;3028302;0;0;129908;2202049;5385087;0;1322292;1397049;0;28745;2748086;8133173;1500000;0;0;798393;0;3623237;5921630;14054803;
46983;900365998;2019-12-31;2018;MILES;8917;5686;116713;2992455;3123771;2081146;0;0;0;0;2081146;5204917;76058;213206;0;0;181091;63540;533895;0;2742218;0;0;0;2742218;3276113;500000;0;0;641998;0;786806;1928804;5204917;
46984;830093499;2019-12-31;2019;MILES;231;74612;8303239;0;8378082;2161587;0;780867;1139541;0;4081995;12460077;1500000;644568;0;5702;44268;433154;2627692;3241091;0;382730;0;0;3623821;6251513;1453528;1568004;143901;3043131;0;0;6208564;12460077;
46985;830093499;2019-12-31;2018;MILES;487951;434;6242647;0;6731032;2210755;0;780867;1112953;0;4104575;10835607;1500000;112877;0;4848;13179;25096;1656000;2404815;0;366823;0;0;2771638;4427638;1453528;1568004;143901;3242536;0;0;6407969;10835607;
46986;830080000;2019-12-31;2019;MILES;193801;1925112;3719865;24799447;30638225;1353715;0;0;7041959;0;8395674;39033899;0;9909085;66456;180259;846609;931861;11934270;0;0;0;0;28409;28409;11962679;5000000;19700000;1115231;1255989;0;0;27071220;39033899;
46987;830080000;2019-12-31;2018;MILES;431349;2233826;1271417;21713130;25649722;2172862;0;0;5419099;0;7591961;33241683;0;7336848;67535;143029;528460;241554;8317426;0;0;0;0;27277;27277;8344703;5000000;19700000;673697;-476717;0;0;24896980;33241683;
46988;830035896;2019-12-31;2019;MILES;6325021;1420660;9551596;22431163;39728440;1137264;0;2497289;549259;0;4183812;43912252;8145007;18008990;0;211809;105258;0;26471064;7964165;433656;176002;0;0;8573823;35044887;2000000;0;646399;6220966;0;0;8867365;43912252;
46989;830035896;2019-12-31;2018;MILES;3476580;2005459;11200816;18053592;34736447;1216957;0;2497289;830360;0;4544606;39281053;10235812;14476756;0;203247;73653;0;24989468;6342983;444957;384283;0;0;7172223;32161691;2000000;0;492678;4626684;0;0;7119362;39281053;
46990;900536270;2019-12-31;2019;MILES;1594407;1743689;3431013;2317083;9086192;717523;0;0;16928;0;734451;9820643;1685908;1059557;23000;852216;2308308;0;5928989;182199;0;0;0;0;182199;6111188;893613;0;2269646;546196;0;0;3709455;9820643;
46991;900536270;2019-12-31;2018;MILES;3043753;2395796;3657092;1146985;10243626;749615;0;0;8680;0;758295;11001921;1546872;1674706;0;875231;2641902;0;6738711;892911;0;0;0;0;892911;7631622;1243613;0;1312757;813929;0;0;3370299;11001921;
46992;804004100;2019-12-31;2019;MILES;2681387;1929882;31800608;532070;36943947;7009047;0;0;147856;0;7156903;44100850;9927922;8817182;0;1132430;1230434;0;21107968;8055605;3535080;114162;0;0;11704847;32812815;2000000;0;782842;8505193;0;0;11288035;44100850;
46993;804004100;2019-12-31;2018;MILES;1871294;235825;14975326;2233286;19315731;5204973;0;0;1045877;0;6250850;25566581;3924351;1219020;0;352703;580401;30;6076505;4105123;6782696;114162;0;0;11001981;17078486;2000000;0;651991;5836104;0;0;8488095;25566581;
46994;804017882;2019-12-31;2019;MILES;6383;5037343;17694;0;5061420;6820723;1103709;0;-644161;1103709;8383980;13445400;29860;462238;0;71069;1146;0;564313;3452176;4497253;585588;0;0;8535017;9099330;220000;1447036;22538;2656496;0;0;4346070;13445400;
46995;804017882;2019-12-31;2018;MILES;17569;4503420;39278;0;4560267;6819449;1040402;0;-580854;1040402;8319399;12879666;9085;19775;0;26552;521;0;55933;3335197;4347155;585588;0;0;8267940;8323873;220000;1447036;22538;2866219;0;0;4555793;12879666;
46996;900213491;2019-12-31;2019;MILES;893;21479;897536;57771;977679;25675647;97404;0;31145040;97404;57015495;57993174;4280388;1129453;0;0;48390;0;5458231;0;433292;108467;0;149719;691478;6149709;23461195;0;0;-9259278;0;37641548;51843465;57993174;
46997;900213491;2019-12-31;2018;MILES;1439194;20688;2562278;0;4022160;17793197;2891094;0;27854653;2891094;51430038;55452198;2625272;648936;0;0;94426;0;3368634;0;0;108467;0;1480198;1588665;4957299;22281373;0;0;-4946997;0;33160523;50494899;55452198;
46998;860069497;2019-12-31;2019;MILES;6401982;2235715;57466786;25650678;91755161;78649543;0;14737214;19780347;0;113167104;204922265;66633662;15997352;0;0;4000911;549910;87181835;27130735;3265027;5339540;0;0;35735302;122917137;6900000;100000;4939200;70065928;0;0;82005128;204922265;
46999;860069497;2019-12-31;2018;MILES;4655046;0;44937580;25982452;75575078;79373060;0;14826405;16329596;0;110529061;186104139;51055705;19319989;0;0;3417512;0;73793206;23460240;4677912;5339540;0;0;33477692;107270898;6900000;100000;3710610;68122631;0;0;78833241;186104139;
47000;900316210;2019-12-31;2019;MILES;20909;2244;418912;0;442065;0;0;0;7215211;0;7215211;7657276;0;0;0;0;3044;0;3044;0;0;0;0;0;0;3044;1000;0;237296;7415936;0;0;7654232;7657276;
47001;900316210;2019-12-31;2018;MILES;22732;2222;421761;0;446715;0;0;0;13604909;0;13604909;14051624;0;0;0;0;2849;0;2849;0;0;0;0;0;0;2849;1000;0;201294;13846481;0;0;14048775;14051624;
47002;830038805;2019-12-31;2019;MILES;870437;2422949;5267894;4205225;12766505;18595273;0;0;5361367;0;23956640;36723145;1834286;12998009;0;439;656307;1346410;16835451;13709075;0;0;0;0;13709075;30544526;1920574;0;725781;3532264;0;0;6178619;36723145;
47003;830038805;2019-12-31;2018;MILES;1541490;2196009;4894325;5050197;13682021;18837801;0;0;4569196;0;23406997;37089018;3559291;14514248;0;67595;317066;2024048;20482248;10687222;0;0;0;0;10687222;31169470;1920574;0;725781;3273193;0;0;5919548;37089018;
47004;900631515;2019-12-31;2019;MILES;0;0;12833299;0;12833299;0;0;0;828166;0;828166;13661465;0;0;0;0;0;0;0;0;0;230020;194833;86000;510853;510853;10290000;0;427627;2432985;0;0;13150612;13661465;
47005;900631515;2019-12-31;2018;MILES;0;0;13075308;0;13075308;0;0;0;841161;0;841161;13916469;0;0;0;0;0;0;0;0;0;224310;419418;26000;669728;669728;10290000;0;375514;2581227;0;0;13246741;13916469;
47006;890109062;2019-12-31;2019;MILES;53516;23858;4266256;2407960;6751590;1514693;0;0;212008;0;1726701;8478291;1066720;1940299;0;164791;609269;42186;3823265;893584;859654;0;0;0;1753238;5576503;750000;1850000;20187;281601;0;0;2901788;8478291;
47007;890109062;2019-12-31;2018;MILES;31330;0;2182165;1288321;3501816;462486;0;0;301792;0;764278;4266094;357941;1995297;0;31052;114355;60485;2559130;835196;0;0;0;0;835196;3394326;600000;0;20187;251581;0;0;871768;4266094;
47008;830098798;2019-12-31;2019;MILES;2492444;464558;4815852;0;7772854;6355454;135751;0;168036;135751;6794992;14567846;917210;991040;425787;183927;92909;2612009;5222882;1559316;0;219284;0;1880617;3659217;8882099;2375000;0;537500;2773247;0;0;5685747;14567846;
47009;830098798;2019-12-31;2018;MILES;4036358;485415;2788498;56940;7367211;5601910;108524;0;423490;108524;6242448;13609659;350971;235276;486157;157551;131693;3188277;4549925;2076723;0;0;0;1044886;3121609;7671534;1075000;0;606127;4256998;0;0;5938125;13609659;
47010;900527588;2019-12-31;2019;MILES;415330;0;1626572;2075823;4117725;0;0;1336769;4190053;0;5526822;9644547;119306;758019;0;0;0;0;877325;2445785;3112610;6785;235722;0;5800902;6678227;176145;3280096;71341;-858939;0;297677;2966320;9644547;
47011;900527588;2019-12-31;2018;MILES;93357;227452;1687926;1867727;3876462;0;0;1606339;4190054;0;5796393;9672855;108969;540822;0;0;157083;25517;832391;2570609;3112611;0;235722;0;5918942;6751333;176145;3280096;71341;-903737;0;297677;2921522;9672855;
47012;860067775;2019-12-31;2019;MILES;15584;0;0;0;15584;9453;0;973963;1168380;0;2151796;2167380;0;618261;0;0;0;0;618261;0;0;0;0;0;0;618261;10000;0;359921;661089;0;518109;1549119;2167380;
47013;860067775;2019-12-31;2018;MILES;2942;0;51000;0;53942;9453;0;971783;1142880;0;2124116;2178058;0;640162;0;0;0;0;640162;0;0;0;0;0;0;640162;10000;0;359921;733097;0;434878;1537896;2178058;
47014;802011160;2019-12-31;2019;MILES;4070;0;42909;0;46979;3837461;0;1583945;569620;0;5991026;6038005;2953;320;0;0;7144;0;10417;0;912151;254860;0;0;1167011;1177428;50120;0;0;3044694;0;1765763;4860577;6038005;
47015;802011160;2019-12-31;2018;MILES;145419;0;159967;0;305386;3835792;0;1608977;322467;0;5767236;6072622;5075;278;0;0;3072;0;8425;0;758110;645323;0;0;1403433;1411858;50120;0;0;2844881;0;1765763;4660764;6072622;
47016;900484016;2019-12-31;2019;MILES;2;1725763;4223479;80000;6029244;742191;0;0;0;0;742191;6771435;3866445;1627;0;38884;6016;0;3912972;0;0;0;0;29754;29754;3942726;57000;0;0;2771709;0;0;2828709;6771435;
47017;900484016;2019-12-31;2018;MILES;7110;1725763;4258392;80000;6071265;817446;0;0;0;0;817446;6888711;3740221;0;0;15971;0;0;3756192;0;0;0;0;25459;25459;3781651;57000;0;0;3050060;0;0;3107060;6888711;
47018;804017885;2019-12-31;2019;MILES;714905;0;30625;0;745530;667898;2393150;1820000;-241751;2393150;7032447;7777977;0;139692;0;0;105426;0;245118;88348;922489;44773;0;0;1055610;1300728;300000;3223369;55039;2664211;0;234630;6477249;7777977;
47019;804017885;2019-12-31;2018;MILES;85015;0;377229;0;462244;707923;422366;1856000;1580058;422366;4988713;5450957;0;4349;0;0;78720;0;83069;62200;161774;41209;0;0;265183;348252;300000;3223369;55039;1289667;0;234630;5102705;5450957;
47020;900309655;2019-12-31;2019;MILES;17355;941411;5285106;0;6243872;1229953;0;0;57622;0;1287575;7531447;10150;251381;0;8069;42;56311;325953;0;0;695;0;10994905;10995600;11321553;4000000;9535884;18669;-17344659;0;0;-3790106;7531447;
47021;900309655;2019-12-31;2018;MILES;12999;940020;5856285;0;6809304;1248461;0;0;126062;0;1374523;8183827;24070;257739;0;6660;321;67515;356305;0;0;788;0;11159050;11159838;11516143;4000000;9535884;18669;-16886869;0;0;-3332316;8183827;
47022;860519967;2019-12-31;2019;MILES;2632;8100;5528072;47109;5585913;128684;0;0;0;0;128684;5714597;756638;1560148;0;60900;66334;962503;3406523;0;0;0;0;0;0;3406523;750000;0;0;1558074;0;0;2308074;5714597;
47023;860519967;2019-12-31;2018;MILES;7910;8100;5799586;156713;5972309;162914;0;0;0;0;162914;6135223;756585;1407876;0;57346;83061;1091998;3396866;0;0;0;0;0;0;3396866;750000;0;0;1988357;0;0;2738357;6135223;
47024;830042394;2019-12-31;2019;MILES;488287;676541;952245;184857;2301930;1385812;3662927;0;91573;3662927;8803239;11105169;588103;90345;661950;0;27060;120436;1487894;159654;0;252412;0;4364331;4776397;6264291;3812500;230394;373170;424814;0;0;4840878;11105169;
47025;830042394;2019-12-31;2018;MILES;338390;5044;2109572;438928;2891934;1429512;3234764;0;516140;3234764;8415180;11307114;985148;631229;196212;0;0;126808;1939397;448442;0;0;0;4568461;5016903;6956300;1000000;230394;307964;2812456;0;0;4350814;11307114;
47026;800130964;2019-12-31;2019;MILES;866610;2842329;12298;0;3721237;136384;0;431436;1997919;0;2565739;6286976;0;2457194;0;0;218088;29158;2704440;0;0;0;0;0;0;2704440;9000;0;4500;3569036;0;0;3582536;6286976;
47027;800130964;2019-12-31;2018;MILES;9415;4353797;92208;0;4455420;157001;0;431436;173186;0;761623;5217043;0;1865496;0;0;49881;380124;2295501;0;0;0;0;0;0;2295501;9000;0;4500;2908042;0;0;2921542;5217043;
47028;800054173;2019-12-31;2019;MILES;9153;807338;0;0;816491;1921022;0;0;13305739;0;15226761;16043252;107251;141994;0;155317;505775;54421;964758;9268177;0;0;0;0;9268177;10232935;150000;0;150000;161342;0;5348975;5810317;16043252;
47029;800054173;2019-12-31;2018;MILES;10989;805338;1743763;0;2560090;2274236;0;0;11051876;0;13326112;15886202;107251;105815;0;100442;246596;121945;682049;9555178;0;0;0;0;9555178;10237227;150000;0;150000;204576;0;5144399;5648975;15886202;
47030;800114382;2019-12-31;2019;MILES;168775;0;340034;0;508809;83641;0;5108792;581046;0;5773479;6282288;0;465331;0;0;71117;41376;577824;0;0;0;0;262000;262000;839824;4000;0;10544;5427920;0;0;5442464;6282288;
47031;800114382;2019-12-31;2018;MILES;26117;0;329383;0;355500;111272;0;5108792;229046;0;5449110;5804610;4825;59103;0;0;96975;56376;217279;0;0;0;0;216528;216528;433807;4000;0;10544;5356259;0;0;5370803;5804610;
47032;901164422;2019-12-31;2019;MILES;2893;0;0;0;2893;0;0;0;5125949;0;5125949;5128842;0;24702;0;0;0;0;24702;0;0;0;46;25328;25374;50076;515095;4613354;0;-49683;0;0;5078766;5128842;
47033;901164422;2019-12-31;2018;MILES;15499;0;0;0;15499;0;0;0;5125949;0;5125949;5141448;0;24806;0;0;0;0;24806;0;0;0;0;0;0;24806;515095;4613354;0;-11807;0;0;5116642;5141448;
47034;900350740;2019-12-31;2019;MILES;912537;43542;2888937;4471493;8316509;578722;0;0;0;0;578722;8895231;480081;982049;0;84367;589264;792789;2928550;0;0;0;0;1777583;1777583;4706133;600000;0;103298;3367591;0;118209;4189098;8895231;
47035;900350740;2019-12-31;2018;MILES;477272;357735;3252107;2770058;6857172;590624;0;0;65281;0;655905;7513077;630422;1320799;0;35611;198500;0;2185332;0;0;0;0;1571830;1571830;3757162;600000;0;103298;3052617;0;0;3755915;7513077;
47036;800122811;2019-12-31;2019;MILES;1343419;483341;16375259;4664607;22866626;30467441;70948;0;1959978;70948;32569315;55435941;4803173;8720809;0;842915;2657092;2213285;19237274;20367229;0;2207253;0;198368;22772850;42010124;1375000;0;881843;7730956;0;3438018;13425817;55435941;
47037;800122811;2019-12-31;2018;MILES;1552854;651310;7697738;3799583;13701485;29907612;0;0;4564489;0;34472101;48173586;3554185;6607401;0;703462;1994742;746296;13606086;18907101;239940;4963033;0;184881;24294955;37901041;1375000;0;881843;4577684;0;3438018;10272545;48173586;
47038;805023990;2019-12-31;2019;MILES;6803;0;96892;1259;104954;0;0;1257569;31;0;1257600;1362554;0;230477;0;0;0;0;230477;0;586218;0;0;0;586218;816695;90000;0;0;455859;0;0;545859;1362554;
47039;805023990;2019-12-31;2018;MILES;13547;0;12503;1259;27309;0;0;1257569;32;0;1257601;1284910;0;152209;0;0;0;0;152209;0;585088;0;0;0;585088;737297;90000;0;0;457613;0;0;547613;1284910;
47040;900241875;2019-12-31;2019;MILES;478;274935;6138349;0;6413762;157026;0;0;0;0;157026;6570788;0;46607;53963;0;306023;0;406593;0;2826515;0;0;0;2826515;3233108;1000000;0;0;2337680;0;0;3337680;6570788;
47041;900241875;2019-12-31;2018;MILES;478;130192;5119788;0;5250458;157027;0;0;0;0;157027;5407485;0;44285;51076;0;90411;0;185772;0;2505353;0;0;0;2505353;2691125;1000000;0;0;1716360;0;0;2716360;5407485;
47042;830037956;2019-12-31;2019;MILES;83178;176840;4862353;0;5122371;0;0;8980056;0;0;8980056;14102427;0;1674;0;0;7586;2091500;2100760;0;582849;0;0;0;582849;2683609;12351000;0;637274;-1569456;0;0;11418818;14102427;
47043;830037956;2019-12-31;2018;MILES;3023;79994;1636823;0;1719840;233;0;8980056;0;0;8980289;10700129;0;1577;0;0;3141;0;4718;0;616945;0;0;0;616945;621663;12351000;0;637274;-2909808;0;0;10078466;10700129;
47044;800151054;2019-12-31;2019;MILES;203998;9842;10546299;9975114;20735253;839184;0;35865;26533;0;901582;21636835;4779109;3560691;0;266904;412702;1776239;10795645;0;0;0;0;3905000;3905000;14700645;2100000;0;379795;4456395;0;0;6936190;21636835;
47045;800151054;2019-12-31;2018;MILES;832120;0;9404071;6628237;16864428;1007231;0;35865;49911;0;1093007;17957435;4540763;5668257;0;397056;303828;835752;11745656;0;0;0;0;800000;800000;12545656;2100000;0;310728;3001051;0;0;5411779;17957435;
47046;900140574;2019-12-31;2019;MILES;25931;5693885;202855;1166885;7089556;8867524;0;0;954774;0;9822298;16911854;0;166521;0;88247;129185;107164;491117;0;13346870;5054;0;0;13351924;13843041;2000000;1024579;0;44234;0;0;3068813;16911854;
47047;900140574;2019-12-31;2018;MILES;104353;1994500;118532;2675871;4893256;1052592;0;0;6399;0;1058991;5952247;0;1999433;0;44345;12386;1081915;3138079;0;0;5054;0;0;5054;3143133;2000000;1024579;0;-215465;0;0;2809114;5952247;
47048;830114866;2019-12-31;2019;MILES;275548;734562;5559411;1521580;8091101;17222087;9757258;2701689;-9757258;9757258;29681034;37772135;0;0;0;1362577;4458819;0;5821396;16375741;7389312;0;215255;6329497;30309805;36131201;8000000;0;363719;-8099942;0;1377157;1640934;37772135;
47049;830114866;2019-12-31;2018;MILES;3615;809447;5032555;1521580;7367197;17124964;10138421;2697176;-10138421;10138421;29960561;37327758;0;0;0;1019131;5275119;0;6294250;15037419;6441992;0;0;5316309;26795720;33089970;8000000;0;363719;-5503088;0;1377157;4237788;37327758;
47050;830039295;2019-12-31;2019;MILES;21686;487974;513211;4085245;5108116;203410;0;0;187480;0;390890;5499006;752992;1929148;0;0;253676;342861;3278677;0;0;25173;0;692910;718083;3996760;940000;0;145556;227673;0;189017;1502246;5499006;
47051;830039295;2019-12-31;2018;MILES;27890;283310;434745;3958452;4704397;311879;0;0;254958;0;566837;5271234;1302129;1532267;0;0;80434;298799;3213629;0;0;89520;0;713436;802956;4016585;700000;0;145556;220076;0;189017;1254649;5271234;
47052;805015364;2019-12-31;2019;MILES;1800343;33082;1436208;0;3269633;25988959;0;0;26581539;0;52570498;55840131;0;411090;0;16568;140754;0;568412;9384329;0;2147546;0;0;11531875;12100287;150000;0;75000;40844582;0;2670262;43739844;55840131;
47053;805015364;2019-12-31;2018;MILES;906743;3901;1239276;0;2149920;24575594;0;0;24781539;0;49357133;51507053;0;2588;0;17756;82429;0;102773;7852665;0;2147546;0;0;10000211;10102984;150000;0;75000;38508807;0;2670262;41404069;51507053;
47054;890403530;2019-12-31;2019;MILES;256602;1271115;7164104;2759413;11451234;1247351;0;0;0;0;1247351;12698585;3365318;242483;0;0;150053;0;3757854;0;1022997;0;0;1683998;2706995;6464849;1675427;0;65812;4492497;0;0;6233736;12698585;
47055;890403530;2019-12-31;2018;MILES;3562;1259724;5374815;4522880;11160981;1390606;0;0;32360;0;1422966;12583947;1968047;1243774;0;0;9678;0;3221499;0;3117033;0;0;911080;4028113;7249612;1675427;0;65812;3593096;0;0;5334335;12583947;
47056;900776287;2019-12-31;2019;MILES;1863;164690;907577;0;1074130;7871900;0;0;0;0;7871900;8946030;0;664355;0;224020;2019986;88221;2996582;1340384;1769096;0;0;160785;3270265;6266847;200000;0;28259;200924;0;2250000;2679183;8946030;
47057;900776287;2019-12-31;2018;MILES;30030;309045;534299;0;873374;8228533;0;0;0;0;8228533;9101907;1215082;674395;0;156281;1949436;0;3995194;0;2262145;0;0;169872;2432017;6427211;200000;0;22839;201857;0;2250000;2674696;9101907;
47058;804016472;2019-12-31;2019;MILES;372461;1395046;4910978;0;6678485;3836354;0;0;92498;0;3928852;10607337;49734;284125;0;671348;113173;161375;1279755;1833147;1408821;0;0;1387;3243355;4523110;150000;0;517557;5416670;0;0;6084227;10607337;
47059;804016472;2019-12-31;2018;MILES;1757380;1141579;2016984;0;4915943;1218425;0;0;869339;0;2087764;7003707;0;205640;0;653652;216759;79541;1155592;518577;599978;0;0;0;1118555;2274147;150000;0;514852;4064708;0;0;4729560;7003707;
47060;900415174;2019-12-31;2019;MILES;183493;855607;469103;233604;1741807;0;3436820;5672223;-2378492;3436820;10167371;11909178;0;0;0;2193;0;200000;202193;0;2895456;104464;10054;0;3009974;3212167;750000;0;0;7947011;0;0;8697011;11909178;
47061;900415174;2019-12-31;2018;MILES;134518;787218;100740;233604;1256080;0;3560516;5195100;-2502188;3560516;9813944;11070024;0;0;0;4040;0;200000;204040;0;2100000;104464;47869;0;2252333;2456373;750000;0;0;7863651;0;0;8613651;11070024;
47062;804007262;2019-12-31;2019;MILES;2476084;0;6110995;0;8587079;9020388;0;0;5102326;0;14122714;22709793;0;8456375;0;0;0;0;8456375;0;0;0;0;0;0;8456375;1204000;2196000;0;10853418;0;0;14253418;22709793;
47063;804007262;2019-12-31;2018;MILES;209950;5851162;1454838;0;7515950;0;9812693;0;-5641938;9812693;13983448;21499398;0;1503360;0;0;380663;0;1884023;0;6046230;0;0;0;6046230;7930253;1204000;2196000;0;10169145;0;0;13569145;21499398;
47064;900262946;2019-12-31;2019;MILES;660;34015;162678;308849;506202;5924920;441661;0;12794457;441661;19602699;20108901;0;652757;0;117945;0;0;770702;0;722023;0;0;29455;751478;1522180;15701000;0;98005;1953041;0;834675;18586721;20108901;
47065;900262946;2019-12-31;2018;MILES;627114;101855;565434;228276;1522679;6183834;488162;0;10731799;488162;17891957;19414636;0;299524;0;81259;1799;0;382582;0;812716;0;0;25619;838335;1220917;15402000;0;71596;1964848;0;755275;18193719;19414636;
47066;830145560;2019-12-31;2019;MILES;1199;104523;2071465;0;2177187;10378;0;0;0;0;10378;2187565;0;0;0;0;235526;90647;326173;0;0;0;0;894350;894350;1220523;250000;0;54352;662690;0;0;967042;2187565;
47067;830145560;2019-12-31;2018;MILES;1199;86178;1943674;0;2031051;12333;0;0;0;0;12333;2043384;0;15432;0;0;215772;66764;297968;0;0;0;0;816720;816720;1114688;250000;0;54352;624344;0;0;928696;2043384;
47068;900011631;2019-12-31;2019;MILES;36350;6559;3778374;0;3821283;11154553;0;2668060;1343397;0;15166010;18987293;0;2945388;0;0;223600;0;3168988;0;857404;836028;0;0;1693432;4862420;50000;0;25000;14049834;0;39;14124873;18987293;
47069;900011631;2019-12-31;2018;MILES;251227;4468;61871;0;317566;9998935;0;4595886;996928;0;15591749;15909315;0;2007512;0;0;17802;0;2025314;100000;1024919;836028;0;0;1960947;3986261;50000;0;25000;11848015;0;39;11923054;15909315;
47070;900170199;2019-12-31;2019;MILES;306404;72139;2877539;23353815;26609897;311306;50400;0;-34519;50400;377587;26987484;708377;707073;0;0;78699;0;1494149;6587165;8000924;0;0;0;14588089;16082238;1500000;0;6980;-468512;0;9866778;10905246;26987484;
47071;900170199;2019-12-31;2018;MILES;119286;0;437745;15826118;16383149;66881;2037712;0;-1971176;2037712;2171129;18554278;0;201744;0;0;62339;0;264083;696504;6540622;0;0;0;7237126;7501209;1500000;0;6980;-320689;0;9866778;11053069;18554278;
47072;900516110;2019-12-31;2019;MILES;738181;253922;1012276;0;2004379;20808;0;0;10776845;0;10797653;12802032;75184;332122;0;0;49534;0;456840;0;10487516;0;0;0;10487516;10944356;500000;2579000;9241;-1230565;0;0;1857676;12802032;
47073;900516110;2019-12-31;2018;MILES;2053525;5026181;872072;0;7951778;39155;0;0;6330976;0;6370131;14321909;1426067;661178;0;0;45587;1286046;3418878;0;10123506;0;0;0;10123506;13542384;500000;2579000;9241;-2308716;0;0;779525;14321909;
47074;900217784;2019-12-31;2019;MILES;715984;4570429;12796114;994008;19076535;10758764;0;5838451;1672162;0;18269377;37345912;5928227;17828851;0;0;0;0;23757078;5708519;0;0;0;0;5708519;29465597;2000000;0;1955325;442634;0;3482356;7880315;37345912;
47075;900217784;2019-12-31;2018;MILES;459583;6696063;12843126;704495;20703267;8309545;0;5723901;703961;0;14737407;35440674;4759134;9970429;0;2015448;5189581;0;21934592;5177901;0;596418;0;0;5774319;27708911;2000000;0;1808768;471113;0;3451882;7731763;35440674;
47076;860530482;2019-12-31;2019;MILES;5267105;1838393;16995126;0;24100624;4682770;0;0;13193;0;4695963;28796587;0;8026760;0;259702;760567;0;9047029;0;8185403;0;0;0;8185403;17232432;885000;0;242486;10436669;0;0;11564155;28796587;
47077;860530482;2019-12-31;2018;MILES;3318110;1261221;12118558;43551;16741440;2087804;0;0;13193;0;2100997;18842437;861111;5775820;0;102325;301598;0;7040854;0;3965104;0;0;0;3965104;11005958;885000;0;242486;6708993;0;0;7836479;18842437;
47078;830080694;2019-12-31;2019;MILES;50621;98061;3108146;142640;3399468;12230078;0;11082025;3129042;0;26441145;29840613;0;3507497;0;163172;25999;0;3696668;2011918;0;1453739;0;0;3465657;7162325;2000000;0;1875595;2387845;0;16414848;22678288;29840613;
47079;830080694;2019-12-31;2018;MILES;35167;452418;2372654;260129;3120368;12457648;0;11454069;2912921;0;26824638;29945006;2629565;941873;194462;169140;59567;133;3994740;592248;0;1755990;0;0;2348238;6342978;2000000;0;1868982;3442830;0;16290216;23602028;29945006;
47080;811012568;2019-12-31;2019;MILES;12307;11464;0;0;23771;868887;0;0;0;0;868887;892658;0;3131;3419;20917;6729;0;34196;0;0;0;0;106523;106523;140719;50000;0;37273;664666;0;0;751939;892658;
47081;811012568;2019-12-31;2018;MILES;14066;68073;0;33750;115889;648251;0;0;120000;0;768251;884140;2720;33750;0;19586;2145;18305;76506;0;0;0;0;88745;88745;165251;50000;0;37273;631616;0;0;718889;884140;
47082;900444054;2019-12-31;2019;MILES;46096;22500;842726;0;911322;536982;0;0;34631875;0;35168857;36080179;0;44004;0;0;10046;402848;456898;0;0;0;0;308729;308729;765627;1672177;1609959;1005877;31026539;0;0;35314552;36080179;
47083;900444054;2019-12-31;2018;MILES;328445;30690;366928;0;726063;608258;0;0;34625994;0;35234252;35960315;208629;519739;0;0;50609;2;778979;0;0;0;0;310402;310402;1089381;1672177;1609959;1005877;30582921;0;0;34870934;35960315;
47084;890918095;2019-12-31;2019;MILES;56230;3125039;472872;8024413;11678554;12034612;0;0;91701867;0;103736479;115415033;0;170653;57885;251925;74667;0;555130;7049508;0;0;0;50651454;57700962;58256092;200000;0;204601;56754340;0;0;57158941;115415033;
47085;890918095;2019-12-31;2018;MILES;59875;2870;7690737;7295977;15049459;12103706;0;0;88803659;0;100907365;115956824;0;161204;57112;250162;47298;2070422;2586198;15755768;0;0;0;40773315;56529083;59115281;200000;0;204601;56436942;0;0;56841543;115956824;
47086;900444346;2019-12-31;2019;MILES;63624;282063;3647403;0;3993090;67075;0;0;84863;0;151938;4145028;0;4595779;0;336585;1444216;0;6376580;140178;3450844;0;3589620;22803;7203445;13580025;215760;0;0;-9650757;0;0;-9434997;4145028;
47087;900444346;2019-12-31;2018;MILES;101531;921600;5684506;0;6707637;89557;0;0;84863;0;174420;6882057;0;2611335;0;1183753;1622293;0;5417381;523908;3450844;0;3589620;0;7564372;12981753;215760;0;0;-6315456;0;0;-6099696;6882057;
47088;900541261;2019-12-31;2019;MILES;13711;15758;0;3028;32497;3391147;882971;0;-592971;882971;4564118;4596615;0;630924;0;0;22449;0;653373;0;479685;0;14792;0;494477;1147850;468000;0;5186;513850;0;2461729;3448765;4596615;
47089;900541261;2019-12-31;2018;MILES;96382;12897;0;3028;112307;3413952;580064;0;-123916;580064;4450164;4562471;0;570576;0;4546;434;2823;578379;0;0;0;19587;557013;576600;1154979;468000;0;5186;472577;0;2461729;3407492;4562471;
47090;900248211;2019-12-31;2019;MILES;15920;9166;351438;36383130;36759654;1170947;5582980;0;47921925;5582980;60258832;97018486;0;19223219;0;0;0;0;19223219;47936216;0;0;0;0;47936216;67159435;202520;3894158;6066536;19695837;0;0;29859051;97018486;
47091;900248211;2019-12-31;2018;MILES;2434179;109221;0;15083380;17626780;1191125;2613212;0;59728253;2613212;66145802;83772582;0;14465994;0;0;184198;0;14650192;582953;0;0;0;37953967;38536920;53187112;202520;3894158;6066536;20422256;0;0;30585470;83772582;
47092;900521768;2019-12-31;2019;MILES;1782311;66106;13173780;0;15022197;126096;0;0;99897;0;225993;15248190;10883309;1874479;974906;107795;278454;0;14118943;0;0;0;0;0;0;14118943;20000;0;10000;1099247;0;0;1129247;15248190;
47093;900521768;2019-12-31;2018;MILES;1903412;55066;9605622;0;11564100;100300;0;0;109571;0;209871;11773971;7405618;2201155;855190;144450;304223;0;10910636;0;0;0;0;0;0;10910636;20000;0;10000;833335;0;0;863335;11773971;
47094;813001917;2019-12-31;2019;MILES;216629;89017;220262;0;525908;3765649;12674840;0;9967473;12674840;39082802;39608710;118904;149450;0;0;61703;0;330057;0;10907051;724468;0;0;11631519;11961576;441200;15982680;752707;7560547;0;2910000;27647134;39608710;
47095;813001917;2019-12-31;2018;MILES;3149;99714;664775;0;767638;864865;12901148;0;-195389;12901148;26471772;27239410;103462;150652;0;0;130838;0;384952;0;8890027;357802;0;0;9247829;9632781;441200;15982680;752707;430042;0;0;17606629;27239410;
47096;860509862;2019-12-31;2019;MILES;3431;0;711288;0;714719;0;0;2720310;3817854;0;6538164;7252883;1384061;1331;0;10596;28240;0;1424228;0;0;1661850;0;0;1661850;3086078;100000;0;50000;4016805;0;0;4166805;7252883;
47097;860509862;2019-12-31;2018;MILES;15097;0;739343;0;754440;0;0;2720310;3781727;0;6502037;7256477;1425795;783;0;9096;29758;0;1465432;0;0;1661850;0;0;1661850;3127282;100000;0;50000;3979195;0;0;4129195;7256477;
47098;800176885;2019-12-31;2019;MILES;18555;0;20880;0;39435;0;0;14868816;383408;0;15252224;15291659;0;67844;0;0;0;0;67844;6652476;6630000;0;0;0;13282476;13350320;100000;0;119681;1342683;0;378975;1941339;15291659;
47099;800176885;2019-12-31;2018;MILES;28664;0;31464;3947533;4007661;0;0;10369500;383408;0;10752908;14760569;0;30554;49335;3292;0;0;83181;6106049;6630000;0;0;0;12736049;12819230;100000;0;119634;1342730;0;378975;1941339;14760569;
47100;890206332;2019-12-31;2019;MILES;43533241;4127776;4356;0;47665373;3334921;0;0;66794408;0;70129329;117794702;0;8536;0;29753;173782;0;212071;0;0;4493101;0;0;4493101;4705172;100;0;100;76429714;0;36659616;113089530;117794702;
47101;890206332;2019-12-31;2018;MILES;33266512;6884394;7354;0;40158260;3382950;0;0;60200719;0;63583669;103741929;0;9674;0;23138;204503;0;237315;0;0;2379885;0;0;2379885;2617200;100;0;100;64439774;0;36684755;101124729;103741929;
47102;830007513;2019-12-31;2019;MILES;7927;0;13909266;0;13917193;42048989;0;4782209;1602624;0;48433822;62351015;0;15460081;0;0;148991;0;15609072;3197836;0;0;0;0;3197836;18806908;343057;0;124499;43076551;0;0;43544107;62351015;
47103;830007513;2019-12-31;2018;MILES;7540;0;13730815;0;13738355;25004999;0;4460000;1602624;0;31067623;44805978;0;15061150;0;0;50146;0;15111296;3426384;0;0;0;0;3426384;18537680;343057;0;124499;25800742;0;0;26268298;44805978;
47104;860451858;2019-12-31;2019;MILES;113823;8705358;0;5027789;13846970;15342603;0;0;13658725;0;29001328;42848298;8188275;0;283980;948138;4684495;0;14104888;0;0;1631496;4093084;17879550;23604130;37709018;4000000;0;295532;843748;0;0;5139280;42848298;
47105;860451858;2019-12-31;2018;MILES;740613;11119795;0;2974597;14835005;14886687;0;0;28914844;0;43801531;58636536;5768293;3956898;624898;1426468;2651176;0;14427733;1564683;0;14086952;4093084;19922115;39666834;54094567;4000000;0;295532;246437;0;0;4541969;58636536;
47106;900232854;2019-12-31;2019;MILES;110260;93492;12512817;0;12716569;515868;0;25314584;6073063;0;31903515;44620084;3270130;3011090;0;0;179443;75000;6535663;0;0;1174384;0;0;1174384;7710047;11312500;2247500;1057364;22292673;0;0;36910037;44620084;
47107;900232854;2019-12-31;2018;MILES;629254;8215;327953;0;965422;604440;0;21862279;2654245;0;25120964;26086386;1633314;3312909;0;0;110793;331870;5388886;0;0;890982;0;0;890982;6279868;9012500;2247500;699425;7847093;0;0;19806518;26086386;
47108;900429079;2019-12-31;2019;MILES;351;17674;73400;0;91425;543466;0;0;2378066;0;2921532;3012957;1244;35541;0;0;25748;43447;105980;0;0;0;0;0;0;105980;10000;0;5000;2891977;0;0;2906977;3012957;
47109;900429079;2019-12-31;2018;MILES;346;16707;3442918;0;3459971;543466;0;0;2280877;0;2824343;6284314;590279;2851103;0;0;30724;0;3472106;0;0;0;0;0;0;3472106;10000;0;5000;2797208;0;0;2812208;6284314;
47110;900315057;2019-12-31;2019;MILES;272286;31118;28045776;16190480;44539660;11640949;0;0;19441520;0;31082469;75622129;195318;14850734;0;0;632766;0;15678818;8012989;41578485;0;0;0;49591474;65270292;925000;6175000;179171;3072666;0;0;10351837;75622129;
47111;900315057;2019-12-31;2018;MILES;243745;90927;21105986;17540484;38981142;12053627;0;0;17383831;0;29437458;68418600;477191;13364989;0;0;193604;0;14035784;10863685;37538417;0;0;0;48402102;62437886;925000;6175000;135744;-1255030;0;0;5980714;68418600;
47112;830065179;2019-12-31;2019;MILES;183156;1039033;643389;0;1865578;4459854;22149;0;296851;22149;4801003;6666581;6722;370047;0;0;0;0;376769;2362104;0;0;0;0;2362104;2738873;1000000;0;121800;1181073;0;1624835;3927708;6666581;
47113;830065179;2019-12-31;2018;MILES;32103;830377;1164236;0;2026716;4440835;22149;0;323730;22149;4808863;6835579;72706;437159;0;0;0;0;509865;2492558;0;0;0;0;2492558;3002423;1000000;0;121800;1086521;0;1624835;3833156;6835579;
47114;830061032;2019-12-31;2019;MILES;118034;439668;2416326;2011659;4985687;514743;0;0;202946;0;717689;5703376;90956;1399541;0;198885;515042;0;2204424;149923;0;11184;0;127089;288196;2492620;843763;0;123450;2083312;0;160231;3210756;5703376;
47115;830061032;2019-12-31;2018;MILES;223281;522889;2030693;1362762;4139625;509943;0;0;472;0;510415;4650040;11921;554615;0;47288;604519;0;1218343;200574;0;11184;0;341163;552921;1771264;843763;0;123450;1751332;0;160231;2878776;4650040;
47116;830515117;2019-12-31;2019;MILES;2097581;238482;5034069;0;7370132;2860467;0;0;10453242;0;13313709;20683841;1212329;169938;0;268582;313824;0;1964673;0;0;0;0;6779373;6779373;8744046;2700000;0;956506;8282741;0;548;11939795;20683841;
47117;830515117;2019-12-31;2018;MILES;1657930;144860;5098123;0;6900913;2573526;0;0;4290427;0;6863953;13764866;708196;58731;0;297311;279052;0;1343290;0;0;0;0;3232503;3232503;4575793;2700000;0;681434;5807091;0;548;9189073;13764866;
47118;900176643;2019-12-31;2019;MILES;637803;1902266;2011521;2635377;7186967;134946;0;75000;4156;0;214102;7401069;969013;404206;0;410;3162;3660753;5037544;0;0;0;0;0;0;5037544;572000;0;84312;1707213;0;0;2363525;7401069;
47119;900176643;2019-12-31;2018;MILES;2082;216408;1357013;0;1575503;1790;0;75000;26476;0;103266;1678769;525;262838;0;0;285;0;263648;0;0;0;0;0;0;263648;572000;0;0;843121;0;0;1415121;1678769;
47120;900234231;2019-12-31;2019;MILES;3485549;2304996;36407532;756982;42955059;9853189;0;2428000;1001902;0;13283091;56238150;3820425;3346395;0;42190;107340;3848203;11164553;6566438;3157295;1127138;0;8280267;19131138;30295691;7000000;1500000;700000;16742459;0;0;25942459;56238150;
47121;900234231;2019-12-31;2018;MILES;1520595;2336155;33785559;7867152;45509461;10172450;0;2428000;1000394;0;13600844;59110305;3499780;7375905;0;86807;113666;2548478;13624636;9659177;2204111;1168531;0;8424043;21455862;35080498;7000000;1500000;700000;14829807;0;0;24029807;59110305;
47122;860353319;2019-12-31;2019;MILES;69172;54813;168471;1142356;1434812;3897714;36257;0;2026732;36257;5996960;7431772;0;226684;0;10872;207904;0;445460;0;702383;379918;0;0;1082301;1527761;350000;0;180321;5373690;0;0;5904011;7431772;
47123;860353319;2019-12-31;2018;MILES;132203;24297;234834;1533190;1924524;3982362;39109;0;1097789;39109;5158369;7082893;0;744709;0;9418;42550;0;796677;0;358662;0;843354;0;1202016;1998693;350000;0;156821;4577379;0;0;5084200;7082893;
47124;830053209;2019-12-31;2019;MILES;442228;1251457;6356124;91273;8141082;499601;0;245;246344;0;746190;8887272;360598;936394;0;667537;1300898;0;3265427;0;0;4119;0;169694;173813;3439240;200000;0;814383;4206949;0;226700;5448032;8887272;
47125;830053209;2019-12-31;2018;MILES;365593;894817;5451482;91264;6803156;280499;0;241136;236058;0;757693;7560849;1353;1102628;0;165517;1261466;0;2530964;0;0;4119;0;52744;56863;2587827;200000;0;814383;3731939;0;226700;4973022;7560849;
47126;900313264;2019-12-31;2019;MILES;1;1757061;476861;0;2233923;889420;299358;0;520476;299358;2008612;4242535;127519;192262;0;285684;164272;0;769737;0;453934;101848;0;1241885;1797667;2567404;300000;0;55000;1320131;0;0;1675131;4242535;
47127;900313264;2019-12-31;2018;MILES;2;1585518;933391;0;2518911;898405;157770;0;976009;157770;2189954;4708865;123480;155744;0;138984;92137;0;510345;0;214397;197856;0;1464667;1876920;2387265;300000;0;55000;1966600;0;0;2321600;4708865;
47128;890922891;2019-12-31;2019;MILES;7349;2251984;3505297;3424565;9189195;1227243;1433526;0;6978499;1433526;11072794;20261989;892197;10011028;0;289531;157135;9071;11358962;0;0;0;0;5807048;5807048;17166010;2500000;0;9517424;-9938202;0;1016757;3095979;20261989;
47129;890922891;2019-12-31;2018;MILES;316983;1164912;6121589;1422385;9025869;1213244;3391970;0;13565808;3391970;21562992;30588861;1558319;8297055;0;127705;99025;104709;10186813;0;0;0;0;7132141;7132141;17318954;2500000;0;9820386;-16193;0;965714;13269907;30588861;
47130;800142154;2019-12-31;2019;MILES;2719851;1125507;5956945;0;9802303;722288;0;0;242934;0;965222;10767525;0;1534338;0;0;646915;513501;2694754;0;0;0;0;0;0;2694754;10000;0;1027009;2149512;0;4886250;8072771;10767525;
47131;800142154;2019-12-31;2018;MILES;3602025;439226;5948966;0;9990217;822947;0;0;382325;0;1205272;11195489;0;2432121;0;0;217403;601744;3251268;0;0;0;0;0;0;3251268;10000;0;1027009;1633773;0;5273439;7944221;11195489;
47132;800056507;2019-12-31;2019;MILES;1237925;1503915;30094578;729579;33565997;0;0;0;1590957;0;1590957;35156954;0;5240351;0;379970;785534;0;6405855;29344558;0;0;0;0;29344558;35750413;1100000;0;848743;-2542202;0;0;-593459;35156954;
47133;800056507;2019-12-31;2018;MILES;3599;0;24551661;672266;25227526;0;0;0;1315557;0;1315557;26543083;0;4740764;0;528323;419176;0;5688263;24387049;0;0;0;0;24387049;30075312;1100000;0;848743;-5480972;0;0;-3532229;26543083;
47134;860077048;2019-12-31;2019;MILES;4499;0;11787906;0;11792405;279358;0;2501;0;0;281859;12074264;0;3067855;0;0;0;0;3067855;0;0;0;0;0;0;3067855;30000000;0;258237;-21251828;0;0;9006409;12074264;
47135;860077048;2019-12-31;2018;MILES;4499;0;11806435;0;11810934;279358;0;2501;0;0;281859;12092793;0;3195299;0;0;0;0;3195299;0;0;0;0;0;0;3195299;30000000;0;258237;-21360743;0;0;8897494;12092793;
47136;900015578;2019-12-31;2019;MILES;136183;897479;26084211;0;27117873;23661565;0;0;5440570;0;29102135;56220008;8342059;183758;0;11779;48944;0;8586540;338299;12506632;0;0;16995;12861926;21448466;2000000;22607434;500153;9663955;0;0;34771542;56220008;
47137;900015578;2019-12-31;2018;MILES;1024728;1114040;5070558;77585;7286911;27989212;0;0;4950838;0;32940050;40226961;0;2913142;0;0;5572;20367;2939081;648430;1642538;0;0;424997;2715965;5655046;2000000;22607434;500153;9464328;0;0;34571915;40226961;
47138;806005622;2019-12-31;2019;MILES;44615;635868;8758593;0;9439076;2230858;0;0;91737;0;2322595;11761671;0;880272;0;0;0;0;880272;0;1811817;0;0;0;1811817;2692089;245000;0;43511;7981583;0;799488;9069582;11761671;
47139;806005622;2019-12-31;2018;MILES;156580;832166;7267339;0;8256085;2015858;0;0;91737;0;2107595;10363680;0;579514;0;0;0;0;579514;0;1070489;0;0;0;1070489;1650003;245000;0;43511;7625678;0;799488;8713677;10363680;
47140;900144594;2019-12-31;2019;MILES;0;32303;136061;17069;185433;1698083;0;0;1392285;0;3090368;3275801;258016;449678;0;28694;12078;162913;911379;830871;569359;0;0;0;1400230;2311609;1000000;0;0;-360623;0;324815;964192;3275801;
47141;900144594;2019-12-31;2018;MILES;135;29488;9405;11605;50633;1589446;0;0;1229639;0;2819085;2869718;10011;358493;0;26809;4724;109792;509829;919402;513359;0;0;0;1432761;1942590;1000000;0;0;-397687;0;324815;927128;2869718;
47142;900667594;2019-12-31;2019;MILES;51912;0;976109;0;1028021;864;0;0;199009;0;199873;1227894;0;1540274;0;21654;125080;0;1687008;0;0;0;0;0;0;1687008;2000;0;15905;-477019;0;0;-459114;1227894;
47143;900667594;2019-12-31;2018;MILES;89241;0;1250398;0;1339639;1152;0;0;171198;0;172350;1511989;0;1527968;0;33155;370019;0;1931142;0;0;0;0;0;0;1931142;2000;0;5948;-427101;0;0;-419153;1511989;
47144;860007229;2019-12-31;2019;MILES;639084;1312534;9934847;8447846;20334311;19665861;0;0;353251;0;20019112;40353423;7287832;6097766;0;0;2395752;2419570;18200920;2138629;0;560471;0;0;2699100;20900020;9495813;3252094;1060259;3254198;0;2391039;19453403;40353423;
47145;860007229;2019-12-31;2018;MILES;565429;1145573;8663623;9008387;19383012;19406071;0;0;595153;0;20001224;39384236;9494451;4130870;0;0;1394298;2169839;17189458;3075637;0;779737;0;0;3855374;21044832;9495813;3252094;3414500;377957;0;1799040;18339404;39384236;
47146;900678619;2019-12-31;2019;MILES;10335;0;6290519;0;6300854;0;16573335;0;21980283;16573335;55126953;61427807;0;2678906;0;0;168086;0;2846992;0;0;2022308;0;0;2022308;4869300;493090;2160000;126545;40376310;0;13402562;56558507;61427807;
47147;900678619;2019-12-31;2018;MILES;353;0;15091547;0;15091900;0;7585625;0;-1596398;7585625;13574852;28666752;0;2562932;0;0;215914;0;2778846;0;0;127136;0;0;127136;2905982;493090;2160000;126545;22981135;0;0;25760770;28666752;
47148;900154514;2019-12-31;2019;MILES;57504;330653;4356601;0;4744758;30977;0;0;119642;0;150619;4895377;0;57532;0;3447;16434;157804;235217;1759832;2036677;0;0;81752;3878261;4113478;1235379;0;143151;-596631;0;0;781899;4895377;
47149;900154514;2019-12-31;2018;MILES;182888;519931;5101330;0;5804149;70234;0;0;20341;0;90575;5894724;0;34437;0;4671;18371;134421;191900;1759832;2148319;0;0;59400;3967551;4159451;1235379;0;59716;440178;0;0;1735273;5894724;
47150;900045027;2019-12-31;2019;MILES;133847;37682;17797;0;189326;4969262;8715566;4238519;-678756;8715566;25960157;26149483;0;76157;0;0;56393;43695;176245;194444;3603028;0;0;128942;3926414;4102659;5950;0;2975;3159930;0;18877969;22046824;26149483;
47151;900045027;2019-12-31;2018;MILES;637997;75674;130748;0;844419;4907687;13037175;4257905;-12502101;13037175;22737841;23582260;0;36591;0;0;300678;43695;380964;0;3473911;0;0;130051;3603962;3984926;5950;0;2975;2232531;0;17355878;19597334;23582260;
47152;830053360;2019-12-31;2019;MILES;3845937;1441452;18798545;60136;24146070;569159;0;0;3082284;0;3651443;27797513;0;1596194;150892;0;295376;1945287;3987749;301045;5688998;0;0;673475;6663518;10651267;500000;0;0;11741799;0;4904447;17146246;27797513;
47153;830053360;2019-12-31;2018;MILES;2713230;56324;11473627;60135;14303316;588427;0;0;20897;0;609324;14912640;0;341478;348943;577907;235883;356679;1860890;2953287;793873;0;0;1416543;5163703;7024593;500000;0;0;7388047;0;0;7888047;14912640;
47154;900812027;2019-12-31;2019;MILES;6538;1167424;1395116;2412616;4981694;353631;0;0;1698;0;355329;5337023;203236;2136393;0;144473;162551;1317977;3964630;0;0;0;0;0;0;3964630;5000;0;0;1367393;0;0;1372393;5337023;
47155;900812027;2019-12-31;2018;MILES;38527;239874;2562693;1542047;4383141;285903;0;0;0;0;285903;4669044;386360;1717559;0;95937;280434;1136018;3616308;0;0;0;0;0;0;3616308;5000;0;0;1047736;0;0;1052736;4669044;
47156;802011950;2019-12-31;2019;MILES;125250;528;3717502;748516;4591796;373999;0;0;1290525;0;1664524;6256320;66726;451716;0;11813;135847;0;666102;266904;1642624;0;0;7026;1916554;2582656;700000;2050000;69319;854345;0;0;3673664;6256320;
47157;802011950;2019-12-31;2018;MILES;8135;527;3572986;272265;3853913;329943;0;0;424275;0;754218;4608131;73310;436074;0;11319;153596;137006;811305;293242;101200;0;0;548025;942467;1753772;600000;1550000;46367;657992;0;0;2854359;4608131;
47158;830050619;2019-12-31;2019;MILES;922315;12724893;8568275;229755;22445238;5461430;45735;0;23504292;45735;29057192;51502430;9024870;2125962;233161;1593464;1206618;18248210;32432285;1487331;767596;0;0;10772735;13027662;45459947;10972280;0;312808;-5242605;0;0;6042483;51502430;
47159;830050619;2019-12-31;2018;MILES;352482;6339264;3339682;153377;10184805;12125759;1414;0;5317292;1414;17445879;27630684;3696405;3133166;176318;1424596;1203052;5484916;15118453;640097;14173;0;0;2775871;3430141;18548594;10972280;0;312808;-2202998;0;0;9082090;27630684;
47160;900445123;2019-12-31;2019;MILES;1447869;24096;58907;0;1530872;428554;3514449;0;-3364896;3514449;4092556;5623428;15934;13289;0;3678;17648;0;50549;0;2603856;0;0;0;2603856;2654405;155011;0;0;56086;0;2757926;2969023;5623428;
47161;900445123;2019-12-31;2018;MILES;754988;21439;13605;0;790032;380684;2885767;0;-2779047;2885767;3373171;4163203;0;244370;0;817;52980;0;298167;0;1294833;0;0;0;1294833;1593000;150000;0;0;29279;0;2390924;2570203;4163203;
47162;800217129;2019-12-31;2019;MILES;131400;485239;2798299;1047158;4462096;1759465;0;0;34082;0;1793547;6255643;962585;1740245;0;60275;103777;48429;2915311;0;0;35000;0;708475;743475;3658786;600000;0;245519;1751338;0;0;2596857;6255643;
47163;800217129;2019-12-31;2018;MILES;194735;270295;2875335;528628;3868993;1269300;0;0;69024;0;1338324;5207317;698076;1259607;0;63156;175387;45516;2241742;0;0;0;0;398638;398638;2640380;600000;0;245519;1721418;0;0;2566937;5207317;
47164;900680512;2019-12-31;2019;MILES;668;75;945948;2891835;3838526;2276;0;0;0;0;2276;3840802;0;1486658;0;6999;34924;558479;2087060;0;1301900;0;0;0;1301900;3388960;742860;0;0;-291018;0;0;451842;3840802;
47165;900680512;2019-12-31;2018;MILES;10667;62;732439;3969919;4713087;3111;0;0;0;0;3111;4716198;0;1815658;0;11553;33028;1384105;3244344;0;1003494;0;0;0;1003494;4247838;742860;0;0;-274500;0;0;468360;4716198;
47166;900347042;2019-12-31;2019;MILES;21;0;84131;2113151;2197303;146235;0;0;41771;0;188006;2385309;295241;141280;0;5093;1330;949554;1392498;0;0;0;0;0;0;1392498;915256;0;0;77555;0;0;992811;2385309;
47167;900347042;2019-12-31;2018;MILES;3361;0;648695;1803011;2455067;618254;0;0;41280;0;659534;3114601;446775;490651;0;206644;54100;999207;2197377;0;0;0;0;0;0;2197377;686956;0;0;230268;0;0;917224;3114601;
47168;830137348;2019-12-31;2019;MILES;7540580;26765805;346578;0;34652963;257526;9249325;3920551;248540098;9249325;271216825;305869788;7569;804706;16000;0;199535;0;1027810;0;0;490162;0;0;490162;1517972;11292756;3685493;102924694;9332862;0;177116011;304351816;305869788;
47169;830137348;2019-12-31;2018;MILES;18978987;40254020;1822527;0;61055534;259018;7208852;4009993;217633739;7208852;236320454;297375988;0;54468;0;0;337484;0;391952;0;0;592637;0;0;592637;984589;11292756;3685493;93745530;10551609;0;177116011;296391399;297375988;
47170;900343669;2019-12-31;2019;MILES;14150;7065;398253;0;419468;1194313;0;0;12562098;0;13756411;14175879;24603;10462;0;0;0;0;35065;0;0;106790;0;0;106790;141855;1200000;0;240913;776247;0;11816864;14034024;14175879;
47171;900343669;2019-12-31;2018;MILES;13441;11801;273746;0;298988;1238887;0;0;11453613;0;12692500;12991488;0;18110;0;0;0;124650;142760;0;0;101470;0;0;101470;244230;1200000;0;220883;617997;0;10708378;12747258;12991488;
47172;830060026;2019-12-31;2019;MILES;363813;4373485;12034871;0;16772169;872729;0;0;60597;0;933326;17705495;2958796;7720524;0;1569570;508955;534964;13292809;0;0;39454;0;205523;244977;13537786;1200000;0;646957;2320752;0;0;4167709;17705495;
47173;830060026;2019-12-31;2018;MILES;115182;554238;10806954;0;11476374;1147606;0;0;72755;0;1220361;12696735;2626481;362218;0;3485241;757229;1493100;8724269;0;0;46650;0;1113;47763;8772032;1200000;0;638214;2086489;0;0;3924703;12696735;
47174;860020246;2019-12-31;2019;MILES;482618;0;14776998;9473475;24733091;6898205;0;0;3559287;0;10457492;35190583;2757479;18880908;0;0;551698;587559;22777644;6024791;0;330000;0;675394;7030185;29807829;1964345;0;551564;2866845;0;0;5382754;35190583;
47175;860020246;2019-12-31;2018;MILES;218676;0;12062446;5790989;18072111;5782464;0;0;3010250;0;8792714;26864825;2988348;10572100;0;0;114614;660291;14335353;6129329;0;290000;0;652545;7071874;21407227;1964345;0;462201;3031052;0;0;5457598;26864825;
47176;900064841;2019-12-31;2019;MILES;133523;15186;0;0;148709;0;2303260;0;11031798;2303260;15638318;15787027;0;0;0;0;112;0;112;0;0;0;0;0;0;112;703414;0;775867;9420131;0;4887503;15786915;15787027;
47177;900064841;2019-12-31;2018;MILES;116033;15186;94000;0;225219;0;2868736;0;7483807;2868736;13221279;13446498;0;0;0;0;2674;0;2674;0;635829;0;0;0;635829;638503;703414;0;685599;6543708;0;4875274;12807995;13446498;
47178;900450753;2019-12-31;2019;MILES;784310;8252440;12894573;0;21931323;0;0;0;0;0;0;21931323;0;0;0;0;1625;0;1625;0;0;0;0;21972336;21972336;21973961;10000;0;0;-52638;0;0;-42638;21931323;
47179;900450753;2019-12-31;2018;MILES;1495712;8252329;1247425;0;10995466;0;0;0;0;0;0;10995466;0;0;0;0;1788;0;1788;0;0;0;0;11027643;11027643;11029431;10000;0;0;-43965;0;0;-33965;10995466;
47180;900163029;2019-12-31;2019;MILES;175386;0;0;0;175386;218473;12230787;1295137;-11087213;12230787;14887971;15063357;0;109206;0;31124;382415;0;522745;0;1065004;0;2144571;9977731;13187306;13710051;210000;0;135624;1007682;0;0;1353306;15063357;
47181;900163029;2019-12-31;2018;MILES;6522;0;0;0;6522;118952;11612142;1187020;-10154096;11612142;14376160;14382682;62611;772220;0;43274;272311;0;1150416;0;11726348;0;0;0;11726348;12876764;210000;0;135624;1160294;0;0;1505918;14382682;
47182;830073622;2019-12-31;2019;MILES;1051719;31225993;596717;0;32874429;0;0;0;5243119;0;5243119;38117548;0;341879;0;0;3805;0;345684;0;0;15386;0;0;15386;361070;13499610;0;4277728;19300390;0;678750;37756478;38117548;
47183;830073622;2019-12-31;2018;MILES;6740719;18701626;2916179;734543;29093067;19060;0;0;8205585;0;8224645;37317712;0;12995123;0;0;65820;0;13060943;0;0;15386;0;0;15386;13076329;13499610;0;6343786;4397987;0;0;24241383;37317712;
47184;800244542;2019-12-31;2019;MILES;181473;0;1752208;754370;2688051;9347745;141490;0;1634709;141490;11265434;13953485;2666;876240;0;249435;425143;0;1553484;3699385;0;0;1504215;3208490;8412090;9965574;1000000;0;143763;2844148;0;0;3987911;13953485;
47185;800244542;2019-12-31;2018;MILES;147466;0;2651250;887665;3686381;9914960;141490;0;2213172;141490;12411112;16097493;2666;1002426;0;277161;1273953;0;2556206;3604261;0;0;684710;3495907;7784878;10341084;1000000;0;139215;4617194;0;0;5756409;16097493;
47186;804017188;2019-12-31;2019;MILES;355066;597923;330925;0;1283914;1573562;0;0;5950023;0;7523585;8807499;927788;1152791;0;46179;526041;32557;2685356;1700140;0;188343;0;57312;1945795;4631151;1400000;0;604311;2172037;0;0;4176348;8807499;
47187;804017188;2019-12-31;2018;MILES;56790;365000;1726856;0;2148646;1134147;0;0;4120741;0;5254888;7403534;803669;1051053;0;37756;660870;753;2554101;1128448;0;188343;0;3611;1320402;3874503;1400000;0;431222;1697809;0;0;3529031;7403534;
47188;900949734;2019-12-31;2019;MILES;19345;7661233;906462;0;8587040;0;0;0;0;0;0;8587040;0;13014426;0;0;0;0;13014426;0;0;0;0;4083860;4083860;17098286;1000;0;0;-8512246;0;0;-8511246;8587040;
47189;900949734;2019-12-31;2018;MILES;0;1037;1703892;0;1704929;0;0;0;0;0;0;1704929;0;1877;0;0;0;0;1877;0;0;0;0;1703892;1703892;1705769;1000;0;0;-1840;0;0;-840;1704929;
47190;900126515;2019-12-31;2019;MILES;16337;0;1718304;3085513;4820154;2964911;0;0;7873902;0;10838813;15658967;19542;2606347;0;799888;113003;3114245;6653025;14134781;0;0;0;582406;14717187;21370212;250000;0;4263053;-10224298;0;0;-5711245;15658967;
47191;900126515;2019-12-31;2018;MILES;15642;0;1641359;3089608;4746609;2937038;0;0;7876403;0;10813441;15560050;19542;2971194;0;754176;133200;2604755;6482867;14134781;0;0;0;525406;14660187;21143054;250000;0;4263053;-10096057;0;0;-5583004;15560050;
47192;900154550;2019-12-31;2019;MILES;0;7618;0;0;7618;0;2938653;0;-376548;2938653;5500758;5508376;0;10120;11550;0;49047;0;70717;0;1505490;0;0;2517662;4023152;4093869;700000;0;86512;627995;0;0;1414507;5508376;
47193;900154550;2019-12-31;2018;MILES;0;983;0;0;983;0;1305548;0;2654605;1305548;5265701;5266684;0;0;750000;0;4881;0;754881;0;45498;0;0;2293974;2339472;3094353;700000;0;86512;-12227;0;1398046;2172331;5266684;
